-19.875 39
-19.625 53
-19.375 44
-19.125 47
-18.875 42
-18.625 52
-18.375 45
-18.125 42
-17.875 48
-17.625 47
-17.375 41
-17.125 51
-16.875 47
-16.625 49
-16.375 56
-16.125 52
-15.875 53
-15.625 63
-15.375 49
-15.125 55
-14.875 50
-14.625 46
-14.375 63
-14.125 53
-13.875 55
-13.625 59
-13.375 55
-13.125 58
-12.875 61
-12.625 56
-12.375 52
-12.125 67
-11.875 49
-11.625 49
-11.375 59
-11.125 55
-10.875 68
-10.625 50
-10.375 54
-10.125 67
-9.875 65
-9.625 74
-9.375 74
-9.125 59
-8.875 72
-8.625 69
-8.375 63
-8.125 91
-7.875 70
-7.625 75
-7.375 78
-7.125 71
-6.875 80
-6.625 77
-6.375 88
-6.125 76
-5.875 90
-5.625 109
-5.375 110
-5.125 132
-4.875 133
-4.625 169
-4.375 166
-4.125 216
-3.875 238
-3.625 271
-3.375 342
-3.125 302
-2.875 269
-2.625 195
-2.375 187
-2.125 179
-1.875 187
-1.625 212
-1.375 219
-1.125 232
-0.875 271
-0.625 295
-0.375 378
-0.125 544
0.125 747
0.375 1102
0.625 1605
0.875 2331
1.125 2803
1.375 3505
1.625 4296
1.875 6017
2.125 9209
2.375 16343
2.625 35046
2.875 90331
3.125 220901
3.375 381858
3.625 379328
3.875 200459
4.125 74117
4.375 32305
4.625 19413
4.875 13025
5.125 10047
5.375 8380
5.625 7289
5.875 6391
6.125 5898
6.375 5427
6.625 5100
6.875 4633
7.125 4256
7.375 4032
7.625 3739
7.875 3513
8.125 3393
8.375 3277
8.625 3115
8.875 2835
9.125 2746
9.375 2795
9.625 2561
9.875 2656
10.125 2438
10.375 2344
10.625 2322
10.875 2136
11.125 2054
11.375 1961
11.625 1778
11.875 1734
12.125 1541
12.375 1591
12.625 1471
12.875 1354
13.125 1322
13.375 1209
13.625 1161
13.875 1209
14.125 1076
14.375 1082
14.625 958
14.875 978
15.125 919
15.375 864
15.625 851
15.875 831
16.125 809
16.375 707
16.625 709
16.875 734
17.125 655
17.375 634
17.625 629
17.875 593
18.125 557
18.375 561
18.625 599
18.875 577
19.125 525
19.375 537
19.625 504
19.875 527
20.125 474
20.375 449
20.625 432
20.875 458
21.125 428
21.375 450
21.625 456
21.875 389
22.125 412
22.375 379
22.625 408
22.875 412
23.125 365
23.375 386
23.625 374
23.875 410
24.125 374
24.375 339
24.625 364
24.875 351
25.125 382
25.375 316
25.625 321
25.875 336
26.125 331
26.375 320
26.625 311
26.875 296
27.125 305
27.375 266
27.625 253
27.875 259
28.125 251
28.375 242
28.625 266
28.875 244
29.125 239
29.375 203
29.625 258
29.875 233
30.125 216
30.375 276
30.625 226
30.875 240
31.125 236
31.375 236
31.625 247
31.875 232
32.125 233
32.375 237
32.625 248
32.875 236
33.125 251
33.375 250
33.625 255
33.875 241
34.125 289
34.375 296
34.625 302
34.875 305
35.125 312
35.375 286
35.625 290
35.875 309
36.125 325
36.375 368
36.625 359
36.875 390
37.125 358
37.375 438
37.625 445
37.875 423
38.125 423
38.375 419
38.625 425
38.875 456
39.125 475
39.375 503
39.625 487
39.875 483
40.125 496
40.375 494
40.625 489
40.875 520
41.125 547
41.375 589
41.625 597
41.875 570
42.125 496
42.375 502
42.625 424
42.875 464
43.125 424
43.375 414
43.625 454
43.875 462
44.125 498
44.375 503
44.625 466
44.875 459
45.125 385
45.375 418
45.625 382
45.875 388
46.125 367
46.375 415
46.625 405
46.875 409
47.125 433
47.375 463
47.625 560
47.875 512
48.125 614
48.375 600
48.625 616
48.875 647
49.125 610
49.375 652
49.625 585
49.875 608
50.125 634
50.375 598
50.625 575
50.875 643
51.125 663
51.375 655
51.625 631
51.875 627
52.125 540
52.375 521
52.625 512
52.875 532
53.125 522
53.375 497
53.625 560
53.875 582
54.125 689
54.375 745
54.625 875
54.875 964
55.125 1077
55.375 1131
55.625 1156
55.875 1187
56.125 1241
56.375 1272
56.625 1231
56.875 1206
57.125 1277
57.375 1158
57.625 1068
57.875 1116
58.125 941
58.375 833
58.625 801
58.875 786
59.125 724
59.375 743
59.625 632
59.875 683
60.125 648
60.375 674
60.625 708
60.875 699
61.125 764
61.375 701
61.625 730
61.875 694
62.125 694
62.375 695
62.625 655
62.875 673
63.125 566
63.375 592
63.625 598
63.875 563
64.125 564
64.375 592
64.625 562
64.875 615
65.125 552
65.375 609
65.625 557
65.875 562
66.125 581
66.375 586
66.625 535
66.875 526
67.125 501
67.375 531
67.625 549
67.875 526
68.125 518
68.375 559
68.625 566
68.875 520
69.125 529
69.375 560
69.625 564
69.875 596
70.125 624
70.375 660
70.625 751
70.875 739
71.125 798
71.375 887
71.625 880
71.875 984
72.125 1013
72.375 1058
72.625 1015
72.875 1052
73.125 1075
73.375 1023
73.625 1022
73.875 891
74.125 886
74.375 902
74.625 809
74.875 796
75.125 732
75.375 638
75.625 754
75.875 662
76.125 656
76.375 575
76.625 629
76.875 557
77.125 577
77.375 535
77.625 504
77.875 496
78.125 496
78.375 480
78.625 439
78.875 456
79.125 495
79.375 455
79.625 430
79.875 464
80.125 455
80.375 437
80.625 472
80.875 501
81.125 526
81.375 505
81.625 561
81.875 557
82.125 582
82.375 559
82.625 637
82.875 634
83.125 599
83.375 632
83.625 591
83.875 636
84.125 647
84.375 612
84.625 604
84.875 599
85.125 618
85.375 572
85.625 630
85.875 605
86.125 584
86.375 547
86.625 555
86.875 552
87.125 575
87.375 511
87.625 505
87.875 507
88.125 494
88.375 514
88.625 441
88.875 479
89.125 452
89.375 442
89.625 388
89.875 453
90.125 425
90.375 452
90.625 410
90.875 422
91.125 392
91.375 445
91.625 423
91.875 399
92.125 403
92.375 417
92.625 409
92.875 390
93.125 404
93.375 381
93.625 386
93.875 392
94.125 392
94.375 370
94.625 363
94.875 352
95.125 358
95.375 394
95.625 378
95.875 348
96.125 369
96.375 353
96.625 356
96.875 385
97.125 335
97.375 382
97.625 387
97.875 420
98.125 380
98.375 401
98.625 448
98.875 488
99.125 533
99.375 579
99.625 643
99.875 681
100.125 697
100.375 781
100.625 844
100.875 937
101.125 907
101.375 987
101.625 1006
101.875 1166
102.125 1090
102.375 1115
102.625 1073
102.875 1072
103.125 1122
103.375 1009
103.625 1031
103.875 1016
104.125 970
104.375 989
104.625 924
104.875 892
105.125 932
105.375 846
105.625 855
105.875 839
106.125 808
106.375 749
106.625 767
106.875 739
107.125 721
107.375 707
107.625 676
107.875 685
108.125 620
108.375 604
108.625 576
108.875 583
109.125 590
109.375 558
109.625 536
109.875 543
110.125 524
110.375 497
110.625 509
110.875 469
111.125 511
111.375 474
111.625 470
111.875 467
112.125 447
112.375 457
112.625 426
112.875 381
113.125 404
113.375 418
113.625 379
113.875 380
114.125 376
114.375 418
114.625 421
114.875 359
115.125 363
115.375 398
115.625 376
115.875 363
116.125 362
116.375 339
116.625 339
116.875 365
117.125 340
117.375 318
117.625 330
117.875 358
118.125 343
118.375 341
118.625 355
118.875 365
119.125 333
119.375 336
119.625 361
119.875 333
120.125 359
120.375 329
120.625 310
120.875 322
121.125 323
121.375 295
121.625 297
121.875 333
122.125 318
122.375 283
122.625 312
122.875 310
123.125 296
123.375 330
123.625 267
123.875 296
124.125 296
124.375 274
124.625 289
124.875 294
125.125 280
125.375 306
125.625 305
125.875 287
126.125 283
126.375 293
126.625 305
126.875 277
127.125 276
127.375 310
127.625 265
127.875 237
128.125 249
128.375 264
128.625 286
128.875 267
129.125 269
129.375 265
129.625 274
129.875 289
130.125 254
130.375 272
130.625 251
130.875 239
131.125 280
131.375 250
131.625 261
131.875 265
132.125 229
132.375 249
132.625 274
132.875 269
133.125 232
133.375 276
133.625 270
133.875 264
134.125 263
134.375 264
134.625 269
134.875 240
135.125 233
135.375 277
135.625 235
135.875 273
136.125 246
136.375 269
136.625 228
136.875 236
137.125 248
137.375 253
137.625 243
137.875 253
138.125 232
138.375 219
138.625 231
138.875 242
139.125 245
139.375 233
139.625 210
139.875 257
140.125 212
140.375 219
140.625 243
140.875 207
141.125 235
141.375 216
141.625 207
141.875 221
142.125 220
142.375 210
142.625 205
142.875 235
143.125 208
143.375 230
143.625 203
143.875 214
144.125 199
144.375 224
144.625 222
144.875 217
145.125 192
145.375 221
145.625 192
145.875 171
146.125 195
146.375 183
146.625 187
146.875 198
147.125 213
147.375 214
147.625 206
147.875 190
148.125 185
148.375 194
148.625 192
148.875 195
149.125 191
149.375 167
149.625 190
149.875 178
150.125 212
150.375 178
150.625 185
150.875 199
151.125 172
151.375 178
151.625 175
151.875 199
152.125 180
152.375 181
152.625 200
152.875 210
153.125 174
153.375 158
153.625 184
153.875 170
154.125 160
154.375 146
154.625 166
154.875 203
155.125 186
155.375 181
155.625 191
155.875 155
156.125 193
156.375 176
156.625 173
156.875 147
157.125 177
157.375 179
157.625 181
157.875 153
158.125 160
158.375 184
158.625 163
158.875 168
159.125 186
159.375 188
159.625 199
159.875 190
160.125 175
160.375 158
160.625 171
160.875 148
161.125 186
161.375 150
161.625 154
161.875 173
162.125 168
162.375 154
162.625 184
162.875 148
163.125 144
163.375 159
163.625 141
163.875 162
164.125 154
164.375 138
164.625 142
164.875 166
165.125 166
165.375 149
165.625 146
165.875 164
166.125 160
166.375 143
166.625 148
166.875 170
167.125 160
167.375 178
167.625 158
167.875 136
168.125 171
168.375 144
168.625 150
168.875 148
169.125 145
169.375 167
169.625 166
169.875 168
170.125 155
170.375 161
170.625 157
170.875 148
171.125 150
171.375 159
171.625 155
171.875 139
172.125 185
172.375 163
172.625 160
172.875 163
173.125 159
173.375 136
173.625 166
173.875 143
174.125 168
174.375 178
174.625 175
174.875 176
175.125 149
175.375 153
175.625 178
175.875 138
176.125 162
176.375 175
176.625 169
176.875 169
177.125 161
177.375 146
177.625 166
177.875 165
178.125 139
178.375 124
178.625 162
178.875 151
179.125 167
179.375 166
179.625 163
179.875 171
180.125 154
180.375 163
180.625 151
180.875 139
181.125 167
181.375 157
181.625 148
181.875 153
182.125 164
182.375 147
182.625 148
182.875 166
183.125 170
183.375 111
183.625 154
183.875 139
184.125 142
184.375 135
184.625 140
184.875 149
185.125 132
185.375 139
185.625 148
185.875 111
186.125 162
186.375 123
186.625 138
186.875 152
187.125 143
187.375 145
187.625 155
187.875 139
188.125 146
188.375 150
188.625 140
188.875 160
189.125 121
189.375 126
189.625 152
189.875 133
190.125 134
190.375 134
190.625 155
190.875 149
191.125 121
191.375 141
191.625 146
191.875 147
192.125 131
192.375 137
192.625 137
192.875 136
193.125 126
193.375 152
193.625 127
193.875 118
194.125 134
194.375 137
194.625 124
194.875 135
195.125 128
195.375 126
195.625 133
195.875 119
196.125 122
196.375 117
196.625 123
196.875 127
197.125 133
197.375 121
197.625 130
197.875 146
198.125 124
198.375 139
198.625 131
198.875 126
199.125 139
199.375 133
199.625 106
199.875 153
200.125 135
200.375 125
200.625 124
200.875 114
201.125 127
201.375 119
201.625 132
201.875 132
202.125 116
202.375 108
202.625 117
202.875 119
203.125 121
203.375 135
203.625 121
203.875 107
204.125 132
204.375 115
204.625 110
204.875 135
205.125 112
205.375 109
205.625 131
205.875 135
206.125 126
206.375 106
206.625 125
206.875 128
207.125 118
207.375 103
207.625 104
207.875 140
208.125 129
208.375 130
208.625 134
208.875 108
209.125 112
209.375 114
209.625 99
209.875 146
210.125 113
210.375 134
210.625 143
210.875 101
211.125 116
211.375 106
211.625 107
211.875 126
212.125 116
212.375 126
212.625 113
212.875 108
213.125 118
213.375 121
213.625 107
213.875 136
214.125 97
214.375 121
214.625 103
214.875 108
215.125 118
215.375 119
215.625 107
215.875 118
216.125 96
216.375 96
216.625 120
216.875 111
217.125 94
217.375 112
217.625 116
217.875 130
218.125 109
218.375 103
218.625 97
218.875 112
219.125 128
219.375 127
219.625 90
219.875 129
220.125 108
220.375 111
220.625 113
220.875 102
221.125 124
221.375 120
221.625 95
221.875 110
222.125 108
222.375 97
222.625 109
222.875 123
223.125 130
223.375 96
223.625 99
223.875 115
224.125 120
224.375 119
224.625 103
224.875 117
225.125 98
225.375 106
225.625 113
225.875 113
226.125 120
226.375 89
226.625 118
226.875 93
227.125 121
227.375 108
227.625 126
227.875 94
228.125 100
228.375 110
228.625 101
228.875 96
229.125 121
229.375 107
229.625 104
229.875 124
230.125 118
230.375 95
230.625 101
230.875 119
231.125 112
231.375 108
231.625 111
231.875 114
232.125 92
232.375 87
232.625 102
232.875 100
233.125 107
233.375 107
233.625 101
233.875 128
234.125 105
234.375 126
234.625 109
234.875 118
235.125 94
235.375 131
235.625 97
235.875 110
236.125 122
236.375 97
236.625 112
236.875 106
237.125 134
237.375 101
237.625 129
237.875 103
238.125 115
238.375 104
238.625 95
238.875 87
239.125 111
239.375 111
239.625 114
239.875 106
240.125 114
240.375 137
240.625 112
240.875 128
241.125 115
241.375 118
241.625 100
241.875 108
242.125 130
242.375 124
242.625 112
242.875 102
243.125 112
243.375 122
243.625 97
243.875 120
244.125 117
244.375 106
244.625 153
244.875 105
245.125 128
245.375 111
245.625 121
245.875 109
246.125 155
246.375 118
246.625 129
246.875 122
247.125 137
247.375 128
247.625 124
247.875 103
248.125 126
248.375 133
248.625 126
248.875 108
249.125 129
249.375 142
249.625 146
249.875 129
250.125 121
250.375 145
250.625 129
250.875 145
251.125 120
251.375 145
251.625 135
251.875 140
252.125 141
252.375 176
252.625 147
252.875 150
253.125 139
253.375 151
253.625 143
253.875 153
254.125 154
254.375 142
254.625 168
254.875 162
255.125 150
255.375 141
255.625 167
255.875 166
256.125 152
256.375 163
256.625 166
256.875 153
257.125 155
257.375 167
257.625 159
257.875 150
258.125 145
258.375 137
258.625 160
258.875 139
259.125 139
259.375 138
259.625 140
259.875 161
260.125 141
260.375 148
260.625 148
260.875 140
261.125 160
261.375 130
261.625 151
261.875 152
262.125 136
262.375 140
262.625 142
262.875 138
263.125 144
263.375 151
263.625 113
263.875 134
264.125 127
264.375 144
264.625 131
264.875 136
265.125 138
265.375 123
265.625 141
265.875 141
266.125 124
266.375 158
266.625 138
266.875 121
267.125 119
267.375 140
267.625 138
267.875 145
268.125 123
268.375 109
268.625 117
268.875 111
269.125 124
269.375 109
269.625 122
269.875 132
270.125 121
270.375 135
270.625 112
270.875 106
271.125 108
271.375 110
271.625 127
271.875 116
272.125 98
272.375 118
272.625 114
272.875 87
273.125 92
273.375 119
273.625 144
273.875 123
274.125 127
274.375 93
274.625 115
274.875 113
275.125 119
275.375 111
275.625 111
275.875 119
276.125 91
276.375 121
276.625 97
276.875 106
277.125 112
277.375 114
277.625 122
277.875 122
278.125 106
278.375 107
278.625 111
278.875 115
279.125 100
279.375 114
279.625 102
279.875 98
280.125 104
280.375 133
280.625 92
280.875 96
281.125 89
281.375 95
281.625 92
281.875 116
282.125 98
282.375 110
282.625 103
282.875 100
283.125 100
283.375 100
283.625 90
283.875 108
284.125 101
284.375 100
284.625 95
284.875 99
285.125 80
285.375 75
285.625 111
285.875 102
286.125 96
286.375 115
286.625 105
286.875 95
287.125 97
287.375 109
287.625 92
287.875 87
288.125 105
288.375 86
288.625 94
288.875 95
289.125 84
289.375 77
289.625 70
289.875 101
290.125 94
290.375 91
290.625 99
290.875 101
291.125 100
291.375 86
291.625 90
291.875 91
292.125 81
292.375 97
292.625 106
292.875 83
293.125 78
293.375 98
293.625 101
293.875 100
294.125 90
294.375 76
294.625 91
294.875 91
295.125 101
295.375 103
295.625 93
295.875 75
296.125 94
296.375 90
296.625 102
296.875 89
297.125 90
297.375 95
297.625 86
297.875 101
298.125 67
298.375 80
298.625 91
298.875 77
299.125 77
299.375 99
299.625 87
299.875 79
300.125 92
300.375 91
300.625 93
300.875 60
301.125 80
301.375 58
301.625 81
301.875 85
302.125 80
302.375 101
302.625 86
302.875 86
303.125 92
303.375 82
303.625 67
303.875 69
304.125 90
304.375 84
304.625 84
304.875 83
305.125 88
305.375 88
305.625 73
305.875 83
306.125 73
306.375 82
306.625 95
306.875 90
307.125 85
307.375 82
307.625 86
307.875 102
308.125 81
308.375 85
308.625 80
308.875 77
309.125 91
309.375 97
309.625 93
309.875 93
310.125 83
310.375 73
310.625 78
310.875 84
311.125 86
311.375 82
311.625 80
311.875 77
312.125 68
312.375 74
312.625 70
312.875 57
313.125 77
313.375 70
313.625 79
313.875 102
314.125 77
314.375 79
314.625 76
314.875 79
315.125 91
315.375 76
315.625 77
315.875 80
316.125 82
316.375 82
316.625 70
316.875 83
317.125 71
317.375 92
317.625 72
317.875 72
318.125 73
318.375 84
318.625 87
318.875 71
319.125 68
319.375 82
319.625 75
319.875 71
320.125 71
320.375 84
320.625 81
320.875 82
321.125 63
321.375 63
321.625 75
321.875 76
322.125 84
322.375 59
322.625 67
322.875 62
323.125 77
323.375 75
323.625 83
323.875 83
324.125 85
324.375 74
324.625 71
324.875 76
325.125 76
325.375 77
325.625 85
325.875 80
326.125 80
326.375 96
326.625 71
326.875 83
327.125 77
327.375 87
327.625 72
327.875 70
328.125 82
328.375 64
328.625 87
328.875 69
329.125 79
329.375 71
329.625 80
329.875 80
330.125 69
330.375 66
330.625 75
330.875 71
331.125 69
331.375 61
331.625 79
331.875 75
332.125 66
332.375 72
332.625 79
332.875 65
333.125 67
333.375 78
333.625 71
333.875 81
334.125 76
334.375 79
334.625 73
334.875 65
335.125 67
335.375 63
335.625 64
335.875 72
336.125 67
336.375 77
336.625 85
336.875 74
337.125 69
337.375 68
337.625 76
337.875 88
338.125 73
338.375 74
338.625 86
338.875 69
339.125 79
339.375 60
339.625 77
339.875 88
340.125 67
340.375 61
340.625 80
340.875 73
341.125 81
341.375 54
341.625 63
341.875 70
342.125 57
342.375 60
342.625 62
342.875 72
343.125 60
343.375 54
343.625 61
343.875 78
344.125 70
344.375 75
344.625 69
344.875 67
345.125 81
345.375 78
345.625 61
345.875 94
346.125 72
346.375 63
346.625 81
346.875 73
347.125 70
347.375 77
347.625 68
347.875 69
348.125 56
348.375 74
348.625 81
348.875 78
349.125 76
349.375 70
349.625 64
349.875 73
350.125 84
350.375 78
350.625 73
350.875 64
351.125 64
351.375 60
351.625 80
351.875 85
352.125 56
352.375 68
352.625 79
352.875 70
353.125 67
353.375 60
353.625 72
353.875 80
354.125 53
354.375 76
354.625 85
354.875 73
355.125 82
355.375 72
355.625 66
355.875 75
356.125 79
356.375 76
356.625 55
356.875 105
357.125 64
357.375 54
357.625 62
357.875 59
358.125 72
358.375 68
358.625 91
358.875 64
359.125 61
359.375 83
359.625 77
359.875 61
360.125 70
360.375 70
360.625 76
360.875 65
361.125 61
361.375 64
361.625 64
361.875 69
362.125 75
362.375 75
362.625 57
362.875 80
363.125 77
363.375 79
363.625 64
363.875 71
364.125 60
364.375 69
364.625 61
364.875 56
365.125 57
365.375 71
365.625 56
365.875 67
366.125 78
366.375 76
366.625 67
366.875 72
367.125 72
367.375 76
367.625 79
367.875 71
368.125 65
368.375 68
368.625 71
368.875 59
369.125 66
369.375 75
369.625 80
369.875 72
370.125 75
370.375 67
370.625 74
370.875 71
371.125 83
371.375 69
371.625 60
371.875 68
372.125 80
372.375 64
372.625 56
372.875 63
373.125 58
373.375 72
373.625 70
373.875 65
374.125 58
374.375 60
374.625 60
374.875 59
375.125 66
375.375 61
375.625 76
375.875 47
376.125 79
376.375 65
376.625 53
376.875 53
377.125 60
377.375 66
377.625 64
377.875 64
378.125 60
378.375 64
378.625 80
378.875 67
379.125 78
379.375 73
379.625 59
379.875 70
380.125 70
380.375 54
380.625 80
380.875 52
381.125 57
381.375 59
381.625 60
381.875 48
382.125 63
382.375 78
382.625 85
382.875 63
383.125 70
383.375 57
383.625 54
383.875 54
384.125 63
384.375 58
384.625 56
384.875 67
385.125 47
385.375 60
385.625 56
385.875 57
386.125 73
386.375 62
386.625 59
386.875 60
387.125 46
387.375 68
387.625 63
387.875 61
388.125 67
388.375 69
388.625 59
388.875 70
389.125 54
389.375 61
389.625 68
389.875 56
390.125 74
390.375 60
390.625 71
390.875 72
391.125 56
391.375 52
391.625 57
391.875 63
392.125 61
392.375 63
392.625 52
392.875 68
393.125 57
393.375 65
393.625 71
393.875 62
394.125 59
394.375 68
394.625 54
394.875 61
395.125 65
395.375 60
395.625 57
395.875 58
396.125 63
396.375 44
396.625 52
396.875 67
397.125 67
397.375 61
397.625 47
397.875 52
398.125 54
398.375 72
398.625 62
398.875 68
399.125 78
399.375 60
399.625 70
399.875 56
400.125 79
400.375 63
400.625 72
400.875 64
401.125 78
401.375 63
401.625 48
401.875 43
402.125 62
402.375 48
402.625 58
402.875 74
403.125 65
403.375 57
403.625 61
403.875 60
404.125 65
404.375 63
404.625 59
404.875 67
405.125 52
405.375 53
405.625 62
405.875 60
406.125 54
406.375 72
406.625 52
406.875 56
407.125 56
407.375 61
407.625 61
407.875 56
408.125 56
408.375 73
408.625 55
408.875 68
409.125 51
409.375 71
409.625 50
409.875 47
410.125 69
410.375 48
410.625 68
410.875 49
411.125 63
411.375 67
411.625 53
411.875 55
412.125 62
412.375 46
412.625 58
412.875 73
413.125 49
413.375 64
413.625 69
413.875 70
414.125 68
414.375 50
414.625 58
414.875 54
415.125 49
415.375 55
415.625 64
415.875 59
416.125 53
416.375 59
416.625 58
416.875 50
417.125 49
417.375 69
417.625 71
417.875 43
418.125 52
418.375 54
418.625 48
418.875 62
419.125 59
419.375 62
419.625 74
419.875 53
420.125 58
420.375 68
420.625 46
420.875 55
421.125 58
421.375 56
421.625 55
421.875 61
422.125 51
422.375 56
422.625 56
422.875 51
423.125 62
423.375 53
423.625 60
423.875 58
424.125 69
424.375 76
424.625 61
424.875 62
425.125 50
425.375 49
425.625 43
425.875 52
426.125 60
426.375 60
426.625 59
426.875 52
427.125 59
427.375 62
427.625 52
427.875 65
428.125 54
428.375 60
428.625 66
428.875 64
429.125 59
429.375 53
429.625 64
429.875 53
430.125 47
430.375 57
430.625 70
430.875 60
431.125 45
431.375 60
431.625 66
431.875 71
432.125 47
432.375 64
432.625 57
432.875 55
433.125 49
433.375 59
433.625 49
433.875 53
434.125 63
434.375 58
434.625 52
434.875 54
435.125 47
435.375 57
435.625 68
435.875 54
436.125 46
436.375 49
436.625 58
436.875 58
437.125 65
437.375 44
437.625 61
437.875 47
438.125 52
438.375 52
438.625 59
438.875 63
439.125 57
439.375 59
439.625 52
439.875 43
440.125 62
440.375 60
440.625 66
440.875 62
441.125 72
441.375 51
441.625 49
441.875 70
442.125 44
442.375 47
442.625 51
442.875 48
443.125 68
443.375 66
443.625 47
443.875 42
444.125 45
444.375 51
444.625 28
444.875 45
445.125 42
445.375 52
445.625 55
445.875 62
446.125 36
446.375 54
446.625 40
446.875 45
447.125 54
447.375 47
447.625 38
447.875 48
448.125 47
448.375 41
448.625 42
448.875 70
449.125 42
449.375 50
449.625 58
449.875 47
450.125 48
450.375 52
450.625 30
450.875 47
451.125 61
451.375 33
451.625 51
451.875 60
452.125 49
452.375 38
452.625 58
452.875 50
453.125 56
453.375 46
453.625 50
453.875 53
454.125 51
454.375 45
454.625 38
454.875 57
455.125 51
455.375 34
455.625 45
455.875 42
456.125 25
456.375 41
456.625 49
456.875 39
457.125 41
457.375 56
457.625 56
457.875 44
458.125 31
458.375 40
458.625 44
458.875 59
459.125 45
459.375 44
459.625 38
459.875 50
460.125 35
460.375 45
460.625 38
460.875 52
461.125 44
461.375 43
461.625 41
461.875 31
462.125 39
462.375 34
462.625 36
462.875 40
463.125 46
463.375 33
463.625 49
463.875 35
464.125 43
464.375 38
464.625 49
464.875 49
465.125 34
465.375 42
465.625 52
465.875 32
466.125 39
466.375 45
466.625 41
466.875 40
467.125 44
467.375 41
467.625 38
467.875 44
468.125 38
468.375 49
468.625 46
468.875 38
469.125 37
469.375 24
469.625 39
469.875 39
470.125 51
470.375 34
470.625 28
470.875 40
471.125 31
471.375 32
471.625 25
471.875 33
472.125 36
472.375 27
472.625 31
472.875 28
473.125 40
473.375 38
473.625 37
473.875 40
474.125 28
474.375 33
474.625 48
474.875 31
475.125 29
475.375 28
475.625 37
475.875 24
476.125 28
476.375 32
476.625 26
476.875 31
477.125 32
477.375 32
477.625 38
477.875 29
478.125 29
478.375 32
478.625 24
478.875 29
479.125 24
479.375 31
479.625 34
479.875 26
480.125 31
480.375 26
480.625 25
480.875 25
481.125 29
481.375 19
481.625 30
481.875 37
482.125 24
482.375 28
482.625 28
482.875 22
483.125 24
483.375 22
483.625 14
483.875 22
484.125 29
484.375 21
484.625 25
484.875 28
485.125 20
485.375 21
485.625 26
485.875 27
486.125 16
486.375 22
486.625 24
486.875 29
487.125 21
487.375 11
487.625 11
487.875 17
488.125 19
488.375 18
488.625 21
488.875 12
489.125 13
489.375 22
489.625 18
489.875 17
490.125 20
490.375 12
490.625 24
490.875 13
491.125 21
491.375 19
491.625 20
491.875 19
492.125 16
492.375 17
492.625 19
492.875 6
493.125 11
493.375 10
493.625 9
493.875 14
494.125 18
494.375 9
494.625 15
494.875 25
495.125 8
495.375 9
495.625 15
495.875 6
496.125 17
496.375 12
496.625 9
496.875 6
497.125 9
497.375 14
497.625 8
497.875 9
498.125 11
498.375 6
498.625 14
498.875 6
499.125 9
499.375 9
499.625 6
499.875 10
