0.5, 386835
1.5, 4294
2.5, 3420
3.5, 4714
4.5, 6785
5.5, 8562
6.5, 13280
7.5, 16365
8.5, 20005
9.5, 20423
10.5, 23447
11.5, 22720
12.5, 23838
13.5, 24470
14.5, 24702
15.5, 25743
16.5, 26772
17.5, 25502
18.5, 27216
19.5, 26996
20.5, 28174
21.5, 30045
22.5, 28179
23.5, 30265
24.5, 30393
25.5, 30006
26.5, 32376
27.5, 30027
28.5, 31993
29.5, 30467
30.5, 32389
31.5, 33433
32.5, 32747
33.5, 32688
34.5, 33272
35.5, 32648
36.5, 34036
37.5, 34710
38.5, 35374
39.5, 34801
40.5, 34133
41.5, 34586
42.5, 36430
43.5, 36152
44.5, 35621
45.5, 34647
46.5, 35914
47.5, 35982
48.5, 37924
49.5, 36008
50.5, 36416
51.5, 37219
52.5, 36500
53.5, 38530
54.5, 38491
55.5, 35341
56.5, 39431
57.5, 36534
58.5, 40063
59.5, 36219
60.5, 39711
61.5, 38097
62.5, 38363
63.5, 39685
64.5, 38436
65.5, 40619
66.5, 39280
67.5, 40687
68.5, 38758
69.5, 42420
70.5, 39726
71.5, 43311
72.5, 40644
73.5, 42095
74.5, 44387
75.5, 40777
76.5, 43550
77.5, 41708
78.5, 42510
79.5, 42697
80.5, 44063
81.5, 42670
82.5, 43693
83.5, 43198
84.5, 44391
85.5, 45933
86.5, 43854
87.5, 43890
88.5, 43211
89.5, 45675
90.5, 43713
91.5, 45780
92.5, 43311
93.5, 46363
94.5, 43923
95.5, 46543
96.5, 45698
97.5, 46799
98.5, 44021
99.5, 45403
100.5, 45826
101.5, 47770
102.5, 47826
103.5, 46536
104.5, 46319
105.5, 45729
106.5, 50170
107.5, 49674
108.5, 46853
109.5, 49327
110.5, 45552
111.5, 50522
112.5, 49954
113.5, 50891
114.5, 47208
115.5, 52313
116.5, 48181
117.5, 52768
118.5, 50246
119.5, 49717
120.5, 50550
121.5, 50097
122.5, 52168
123.5, 49075
124.5, 51791
125.5, 51548
126.5, 51369
127.5, 51616
128.5, 49803
129.5, 52431
130.5, 51598
131.5, 51625
132.5, 50553
133.5, 51263
134.5, 51111
135.5, 52818
136.5, 50157
137.5, 51395
138.5, 51305
139.5, 50339
140.5, 50762
141.5, 50776
142.5, 50082
143.5, 50960
144.5, 51327
145.5, 51312
146.5, 48514
147.5, 52314
148.5, 48544
149.5, 52679
150.5, 48505
151.5, 50069
152.5, 48966
153.5, 50338
154.5, 50146
155.5, 49563
156.5, 47761
157.5, 50859
158.5, 49619
159.5, 49014
160.5, 50323
161.5, 48620
162.5, 49299
163.5, 48620
164.5, 48882
165.5, 49598
166.5, 48146
167.5, 49986
168.5, 46998
169.5, 49183
170.5, 49638
171.5, 50198
172.5, 48619
173.5, 50264
174.5, 47635
175.5, 52587
176.5, 53770
177.5, 53819
178.5, 53717
179.5, 53536
180.5, 57468
181.5, 56816
182.5, 58425
183.5, 53867
184.5, 57576
185.5, 54320
186.5, 59531
187.5, 52966
188.5, 57047
189.5, 54544
190.5, 56231
191.5, 53755
192.5, 54414
193.5, 52813
194.5, 54152
195.5, 51491
196.5, 52610
197.5, 50395
198.5, 51854
199.5, 51188
200.5, 50486
201.5, 48345
202.5, 50477
203.5, 47186
204.5, 49856
205.5, 47392
206.5, 47832
207.5, 45451
208.5, 47071
209.5, 46749
210.5, 45053
211.5, 45553
212.5, 46488
213.5, 43566
214.5, 44316
215.5, 42453
216.5, 44415
217.5, 43344
218.5, 43846
219.5, 41361
220.5, 42097
221.5, 41729
222.5, 42962
223.5, 40292
224.5, 42959
225.5, 41092
226.5, 41744
227.5, 41006
228.5, 41706
229.5, 43077
230.5, 41490
231.5, 42152
232.5, 40071
233.5, 40599
234.5, 42780
235.5, 41624
236.5, 40331
237.5, 40183
238.5, 39402
239.5, 39222
240.5, 42261
241.5, 38078
242.5, 39119
243.5, 36870
244.5, 40476
245.5, 38864
246.5, 39001
247.5, 36031
248.5, 39160
249.5, 36345
250.5, 38826
251.5, 35703
252.5, 37288
253.5, 37159
254.5, 35548
255.5, 36214
256.5, 35255
257.5, 35756
258.5, 36439
259.5, 34990
260.5, 35912
261.5, 34195
262.5, 33893
263.5, 34571
264.5, 34283
265.5, 33801
266.5, 35230
267.5, 32418
268.5, 34470
269.5, 32885
270.5, 33345
271.5, 32661
272.5, 32345
273.5, 32578
274.5, 31687
275.5, 33102
276.5, 32453
277.5, 32297
278.5, 31566
279.5, 31076
280.5, 31961
281.5, 31034
282.5, 31344
283.5, 31105
284.5, 30208
285.5, 30190
286.5, 30951
287.5, 30493
288.5, 30249
289.5, 31656
290.5, 28209
291.5, 31390
292.5, 28571
293.5, 30325
294.5, 29242
295.5, 29594
296.5, 28582
297.5, 29356
298.5, 29608
299.5, 29913
300.5, 28860
301.5, 27845
302.5, 28656
303.5, 28322
304.5, 30183
305.5, 28640
306.5, 27414
307.5, 28696
308.5, 27980
309.5, 29717
310.5, 28636
311.5, 27177
312.5, 28031
313.5, 27645
314.5, 28651
315.5, 28559
316.5, 26250
317.5, 28582
318.5, 27937
319.5, 27424
320.5, 27902
321.5, 27240
322.5, 27701
323.5, 28223
324.5, 26324
325.5, 28543
326.5, 26429
327.5, 28431
328.5, 26852
329.5, 27343
330.5, 26245
331.5, 28409
332.5, 26281
333.5, 28560
334.5, 25598
335.5, 27486
336.5, 27438
337.5, 27100
338.5, 27303
339.5, 26682
340.5, 27828
341.5, 27441
342.5, 26647
343.5, 26819
344.5, 27452
345.5, 26552
346.5, 27200
347.5, 27403
348.5, 26197
349.5, 27622
350.5, 26802
351.5, 27225
352.5, 26251
353.5, 27620
354.5, 26967
355.5, 27608
356.5, 26665
357.5, 27635
358.5, 26855
359.5, 27769
360.5, 26622
361.5, 26622
362.5, 27697
363.5, 27697
364.5, 27865
365.5, 27802
366.5, 26004
367.5, 28870
368.5, 27453
369.5, 28389
370.5, 27295
371.5, 26734
372.5, 28016
373.5, 28750
374.5, 28742
375.5, 27034
376.5, 28064
377.5, 27891
378.5, 28549
379.5, 27605
380.5, 28324
381.5, 28006
382.5, 27988
383.5, 28641
384.5, 28373
385.5, 28179
386.5, 28620
387.5, 28082
388.5, 27316
389.5, 27623
390.5, 27291
391.5, 28099
392.5, 26993
393.5, 27362
394.5, 26964
395.5, 27544
396.5, 27676
397.5, 26393
398.5, 26627
399.5, 26760
400.5, 26189
401.5, 26388
402.5, 25256
403.5, 25903
404.5, 25081
405.5, 23862
406.5, 23438
407.5, 21985
408.5, 22150
409.5, 21270
410.5, 20040
411.5, 19298
412.5, 20140
413.5, 18252
414.5, 19339
415.5, 17318
416.5, 19074
417.5, 16978
418.5, 18064
419.5, 17221
420.5, 17584
421.5, 16844
422.5, 17296
423.5, 16246
424.5, 16522
425.5, 15743
426.5, 16037
427.5, 16630
428.5, 15408
429.5, 15870
430.5, 14840
431.5, 15201
432.5, 15971
433.5, 15082
434.5, 14678
435.5, 14345
436.5, 14470
437.5, 14673
438.5, 14670
439.5, 13226
440.5, 14074
441.5, 14349
442.5, 13602
443.5, 13671
444.5, 13338
445.5, 13449
446.5, 13268
447.5, 12792
448.5, 13044
449.5, 12785
450.5, 12840
451.5, 12595
452.5, 12196
453.5, 12157
454.5, 12415
455.5, 12092
456.5, 12333
457.5, 11620
458.5, 11509
459.5, 11849
460.5, 11312
461.5, 11794
462.5, 11241
463.5, 11227
464.5, 10542
465.5, 11215
466.5, 10324
467.5, 11029
468.5, 10442
469.5, 10284
470.5, 10583
471.5, 9798
472.5, 10112
473.5, 9940
474.5, 9794
475.5, 9744
476.5, 9566
477.5, 9969
478.5, 9281
479.5, 9381
480.5, 9139
481.5, 9090
482.5, 9035
483.5, 9212
484.5, 8456
485.5, 9010
486.5, 9291
487.5, 8473
488.5, 8766
489.5, 8157
490.5, 8668
491.5, 8930
492.5, 8199
493.5, 8286
494.5, 8305
495.5, 8101
496.5, 8665
497.5, 8214
498.5, 7958
499.5, 8145
500.5, 7932
501.5, 8285
502.5, 8661
503.5, 7902
504.5, 8675
505.5, 8700
506.5, 10011
507.5, 11285
508.5, 13191
509.5, 16227
510.5, 18444
511.5, 16711
512.5, 13681
513.5, 10161
514.5, 8948
515.5, 8489
516.5, 7435
517.5, 7687
518.5, 7489
519.5, 7409
520.5, 7353
521.5, 7159
522.5, 7112
523.5, 7159
524.5, 7094
525.5, 7026
526.5, 7253
527.5, 6560
528.5, 7264
529.5, 6751
530.5, 7076
531.5, 6821
532.5, 7026
533.5, 6624
534.5, 6882
535.5, 6583
536.5, 6713
537.5, 6709
538.5, 6608
539.5, 6688
540.5, 6609
541.5, 6822
542.5, 6615
543.5, 6504
544.5, 6545
545.5, 6432
546.5, 6686
547.5, 6575
548.5, 6417
549.5, 6638
550.5, 6751
551.5, 6815
552.5, 6714
553.5, 6892
554.5, 7128
555.5, 7890
556.5, 7195
557.5, 8397
558.5, 9071
559.5, 10183
560.5, 13048
561.5, 19040
562.5, 29614
563.5, 59752
564.5, 87284
565.5, 67693
566.5, 27473
567.5, 14663
568.5, 10238
569.5, 9708
570.5, 8798
571.5, 8918
572.5, 8601
573.5, 9807
574.5, 10459
575.5, 12244
576.5, 14153
577.5, 13923
578.5, 18584
579.5, 19927
580.5, 29195
581.5, 38271
582.5, 71774
583.5, 118225
584.5, 282926
585.5, 446237
586.5, 445728
587.5, 182406
588.5, 64478
589.5, 32936
590.5, 21628
591.5, 15781
592.5, 13712
593.5, 11672
594.5, 10145
595.5, 8371
596.5, 8073
597.5, 6928
598.5, 7214
599.5, 6668
600.5, 6547
601.5, 6062
602.5, 5608
603.5, 5427
604.5, 4968
605.5, 5063
606.5, 4571
607.5, 4283
608.5, 4313
609.5, 4465
610.5, 4005
611.5, 4140
612.5, 3835
613.5, 4075
614.5, 4023
615.5, 4090
616.5, 3861
617.5, 3743
618.5, 3736
619.5, 3880
620.5, 3580
621.5, 3622
622.5, 3569
623.5, 3573
624.5, 3616
625.5, 3777
626.5, 3279
627.5, 3608
628.5, 3479
629.5, 3683
630.5, 3561
631.5, 3290
632.5, 3611
633.5, 3439
634.5, 3682
635.5, 3445
636.5, 3629
637.5, 3427
638.5, 3558
639.5, 3361
640.5, 3461
641.5, 3550
642.5, 3469
643.5, 3340
644.5, 3531
645.5, 3532
646.5, 3491
647.5, 3486
648.5, 3543
649.5, 3363
650.5, 3428
651.5, 3445
652.5, 3549
653.5, 3352
654.5, 3505
655.5, 3407
656.5, 3348
657.5, 3636
658.5, 3272
659.5, 3532
660.5, 3468
661.5, 3405
662.5, 3297
663.5, 3511
664.5, 3318
665.5, 3341
666.5, 3262
667.5, 3363
668.5, 3403
669.5, 3462
670.5, 3316
671.5, 3449
672.5, 3237
673.5, 3705
674.5, 3376
675.5, 3366
676.5, 3259
677.5, 3449
678.5, 3311
679.5, 3439
680.5, 3161
681.5, 3460
682.5, 3438
683.5, 3275
684.5, 3343
685.5, 3128
686.5, 3482
687.5, 3180
688.5, 3451
689.5, 3324
690.5, 3324
691.5, 3225
692.5, 3417
693.5, 3280
694.5, 3316
695.5, 3281
696.5, 3346
697.5, 3426
698.5, 3296
699.5, 3137
700.5, 3495
701.5, 3231
702.5, 3304
703.5, 3181
704.5, 3221
705.5, 3307
706.5, 3263
707.5, 3145
708.5, 3365
709.5, 3235
710.5, 3244
711.5, 3487
712.5, 3177
713.5, 3257
714.5, 3048
715.5, 3402
716.5, 3341
717.5, 3256
718.5, 3099
719.5, 3290
720.5, 3302
721.5, 3177
722.5, 3143
723.5, 3250
724.5, 2993
725.5, 3412
726.5, 3055
727.5, 3487
728.5, 3147
729.5, 3135
730.5, 2844
731.5, 3320
732.5, 2984
733.5, 3305
734.5, 3292
735.5, 3043
736.5, 3156
737.5, 3199
738.5, 3226
739.5, 3096
740.5, 3173
741.5, 3207
742.5, 3146
743.5, 3072
744.5, 3024
745.5, 3067
746.5, 3181
747.5, 3096
748.5, 3229
749.5, 2921
750.5, 3198
751.5, 3085
752.5, 3292
753.5, 2903
754.5, 3271
755.5, 3098
756.5, 3168
757.5, 3152
758.5, 3132
759.5, 3068
760.5, 3070
761.5, 3160
762.5, 3075
763.5, 3006
764.5, 3139
765.5, 3080
766.5, 3171
767.5, 3071
768.5, 3097
769.5, 3115
770.5, 3093
771.5, 2857
772.5, 3190
773.5, 3061
774.5, 3218
775.5, 3276
776.5, 2784
777.5, 3105
778.5, 2964
779.5, 3162
780.5, 3086
781.5, 3054
782.5, 3023
783.5, 2983
784.5, 3003
785.5, 2961
786.5, 3111
787.5, 2983
788.5, 2955
789.5, 2877
790.5, 3175
791.5, 3088
792.5, 2960
793.5, 3159
794.5, 2868
795.5, 2968
796.5, 3119
797.5, 3005
798.5, 2956
799.5, 3037
800.5, 2950
801.5, 3085
802.5, 3030
803.5, 3027
804.5, 3036
805.5, 3010
806.5, 2975
807.5, 3091
808.5, 2928
809.5, 3141
810.5, 2920
811.5, 3090
812.5, 2862
813.5, 3176
814.5, 2895
815.5, 3081
816.5, 3064
817.5, 2826
818.5, 3010
819.5, 3142
820.5, 3045
821.5, 2862
822.5, 3013
823.5, 2971
824.5, 3106
825.5, 3010
826.5, 2969
827.5, 2941
828.5, 2864
829.5, 3049
830.5, 3031
831.5, 2995
832.5, 3037
833.5, 2902
834.5, 2973
835.5, 2841
836.5, 3010
837.5, 2900
838.5, 3072
839.5, 2913
840.5, 2925
841.5, 3027
842.5, 2883
843.5, 3143
844.5, 2903
845.5, 3068
846.5, 2804
847.5, 3022
848.5, 2840
849.5, 3033
850.5, 3090
851.5, 2675
852.5, 2910
853.5, 2787
854.5, 3047
855.5, 3014
856.5, 2792
857.5, 2927
858.5, 3121
859.5, 3034
860.5, 3210
861.5, 3122
862.5, 3055
863.5, 2923
864.5, 2912
865.5, 2880
866.5, 3046
867.5, 2789
868.5, 2975
869.5, 2827
870.5, 2966
871.5, 2800
872.5, 2953
873.5, 2923
874.5, 2933
875.5, 2842
876.5, 2799
877.5, 3024
878.5, 2820
879.5, 2971
880.5, 2701
881.5, 2910
882.5, 3004
883.5, 2832
884.5, 2840
885.5, 2827
886.5, 2735
887.5, 2865
888.5, 2962
889.5, 2907
890.5, 2745
891.5, 3084
892.5, 2705
893.5, 3086
894.5, 2827
895.5, 2832
896.5, 2843
897.5, 2890
898.5, 2712
899.5, 2902
900.5, 2814
901.5, 2938
902.5, 2804
903.5, 2734
904.5, 3003
905.5, 2748
906.5, 2782
907.5, 2727
908.5, 2837
909.5, 2870
910.5, 2741
911.5, 2979
912.5, 2751
913.5, 2929
914.5, 2874
915.5, 2743
916.5, 2847
917.5, 2898
918.5, 2785
919.5, 2865
920.5, 2903
921.5, 2845
922.5, 2822
923.5, 2832
924.5, 2739
925.5, 3122
926.5, 2671
927.5, 2916
928.5, 2645
929.5, 2795
930.5, 2884
931.5, 2910
932.5, 2952
933.5, 2753
934.5, 2817
935.5, 2734
936.5, 3137
937.5, 2740
938.5, 2859
939.5, 2673
940.5, 2786
941.5, 2971
942.5, 2835
943.5, 2882
944.5, 2668
945.5, 2850
946.5, 2937
947.5, 2839
948.5, 2727
949.5, 2767
950.5, 2738
951.5, 2755
952.5, 2873
953.5, 2673
954.5, 2805
955.5, 2844
956.5, 2725
957.5, 2777
958.5, 2708
959.5, 2867
960.5, 2914
961.5, 2747
962.5, 2796
963.5, 2831
964.5, 3007
965.5, 2782
966.5, 2956
967.5, 2702
968.5, 2899
969.5, 2834
970.5, 2954
971.5, 2744
972.5, 3013
973.5, 2704
974.5, 2892
975.5, 2953
976.5, 2701
977.5, 3031
978.5, 2907
979.5, 2941
980.5, 3027
981.5, 3028
982.5, 3125
983.5, 3244
984.5, 3583
985.5, 3447
986.5, 4307
987.5, 5305
988.5, 6304
989.5, 9002
990.5, 11898
991.5, 12249
992.5, 7970
993.5, 4583
994.5, 3763
995.5, 3371
996.5, 3343
997.5, 3201
998.5, 3265
999.5, 3089
1000.5, 3264
1001.5, 2975
1002.5, 3085
1003.5, 3009
1004.5, 3202
1005.5, 3033
1006.5, 3174
1007.5, 2960
1008.5, 3028
1009.5, 3062
1010.5, 3129
1011.5, 3110
1012.5, 2975
1013.5, 2998
1014.5, 3130
1015.5, 3123
1016.5, 2980
1017.5, 3122
1018.5, 2889
1019.5, 3142
1020.5, 3074
1021.5, 3014
1022.5, 3015
1023.5, 3167
1024.5, 2942
1025.5, 2991
1026.5, 3057
1027.5, 3070
1028.5, 3190
1029.5, 3056
1030.5, 2982
1031.5, 3011
1032.5, 3091
1033.5, 3155
1034.5, 2996
1035.5, 3342
1036.5, 3109
1037.5, 3352
1038.5, 3289
1039.5, 3226
1040.5, 3075
1041.5, 3153
1042.5, 2963
1043.5, 3153
1044.5, 2969
1045.5, 3151
1046.5, 3005
1047.5, 2984
1048.5, 2944
1049.5, 3286
1050.5, 2993
1051.5, 3088
1052.5, 2950
1053.5, 2922
1054.5, 3087
1055.5, 3217
1056.5, 3011
1057.5, 3036
1058.5, 3131
1059.5, 3043
1060.5, 2950
1061.5, 3036
1062.5, 3028
1063.5, 3135
1064.5, 2948
1065.5, 3198
1066.5, 2993
1067.5, 3093
1068.5, 3000
1069.5, 3188
1070.5, 2933
1071.5, 3071
1072.5, 3153
1073.5, 3078
1074.5, 3072
1075.5, 3054
1076.5, 3185
1077.5, 3121
1078.5, 3173
1079.5, 3140
1080.5, 2965
1081.5, 3192
1082.5, 3022
1083.5, 2976
1084.5, 2922
1085.5, 3033
1086.5, 3102
1087.5, 3093
1088.5, 3151
1089.5, 2899
1090.5, 2999
1091.5, 3121
1092.5, 3247
1093.5, 3006
1094.5, 2950
1095.5, 3213
1096.5, 3023
1097.5, 3292
1098.5, 2900
1099.5, 3015
1100.5, 3007
1101.5, 3256
1102.5, 2995
1103.5, 3243
1104.5, 2927
1105.5, 3099
1106.5, 3081
1107.5, 2957
1108.5, 3177
1109.5, 2940
1110.5, 3053
1111.5, 3065
1112.5, 2956
1113.5, 3089
1114.5, 3053
1115.5, 3116
1116.5, 2936
1117.5, 3238
1118.5, 3032
1119.5, 3157
1120.5, 3055
1121.5, 3108
1122.5, 3000
1123.5, 3028
1124.5, 3056
1125.5, 3113
1126.5, 2978
1127.5, 3099
1128.5, 3018
1129.5, 3160
1130.5, 3081
1131.5, 3096
1132.5, 3162
1133.5, 3020
1134.5, 3058
1135.5, 3227
1136.5, 3124
1137.5, 3128
1138.5, 3203
1139.5, 2970
1140.5, 3256
1141.5, 3142
1142.5, 3068
1143.5, 3152
1144.5, 2973
1145.5, 3225
1146.5, 3113
1147.5, 3206
1148.5, 2964
1149.5, 3241
1150.5, 3164
1151.5, 3126
1152.5, 3131
1153.5, 3159
1154.5, 3087
1155.5, 3304
1156.5, 3094
1157.5, 3191
1158.5, 3025
1159.5, 3197
1160.5, 3314
1161.5, 3186
1162.5, 3080
1163.5, 3335
1164.5, 3136
1165.5, 3120
1166.5, 3125
1167.5, 3193
1168.5, 3188
1169.5, 3223
1170.5, 3096
1171.5, 3260
1172.5, 3147
1173.5, 3258
1174.5, 3062
1175.5, 3210
1176.5, 3104
1177.5, 3160
1178.5, 3247
1179.5, 3165
1180.5, 3163
1181.5, 3191
1182.5, 3135
1183.5, 3200
1184.5, 3136
1185.5, 3134
1186.5, 3143
1187.5, 3080
1188.5, 3096
1189.5, 3305
1190.5, 3184
1191.5, 3055
1192.5, 3166
1193.5, 3217
1194.5, 3178
1195.5, 3292
1196.5, 3061
1197.5, 3149
1198.5, 3110
1199.5, 3359
1200.5, 3099
1201.5, 3269
1202.5, 3083
1203.5, 3258
1204.5, 3183
1205.5, 3363
1206.5, 3026
1207.5, 3193
1208.5, 3342
1209.5, 3134
1210.5, 3232
1211.5, 3014
1212.5, 3255
1213.5, 3147
1214.5, 3248
1215.5, 3290
1216.5, 3121
1217.5, 3253
1218.5, 3164
1219.5, 3364
1220.5, 3013
1221.5, 3378
1222.5, 3134
1223.5, 3423
1224.5, 3080
1225.5, 3162
1226.5, 3237
1227.5, 3182
1228.5, 3262
1229.5, 3037
1230.5, 3260
1231.5, 3288
1232.5, 3268
1233.5, 3174
1234.5, 3264
1235.5, 3134
1236.5, 3321
1237.5, 3297
1238.5, 3288
1239.5, 3202
1240.5, 3240
1241.5, 3272
1242.5, 3377
1243.5, 3254
1244.5, 3149
1245.5, 3213
1246.5, 3236
1247.5, 3168
1248.5, 3465
1249.5, 3230
1250.5, 3275
1251.5, 3287
1252.5, 3303
1253.5, 3357
1254.5, 3290
1255.5, 3197
1256.5, 3297
1257.5, 3162
1258.5, 3412
1259.5, 3355
1260.5, 3412
1261.5, 3222
1262.5, 3262
1263.5, 3428
1264.5, 3267
1265.5, 3322
1266.5, 3326
1267.5, 3360
1268.5, 3321
1269.5, 3381
1270.5, 3268
1271.5, 3357
1272.5, 3372
1273.5, 3204
1274.5, 3454
1275.5, 3382
1276.5, 3286
1277.5, 3257
1278.5, 3469
1279.5, 3059
1280.5, 3451
1281.5, 3452
1282.5, 3483
1283.5, 3139
1284.5, 3570
1285.5, 3270
1286.5, 3529
1287.5, 3485
1288.5, 3316
1289.5, 3474
1290.5, 3529
1291.5, 3492
1292.5, 3479
1293.5, 3642
1294.5, 3392
1295.5, 3648
1296.5, 3862
1297.5, 3425
1298.5, 3644
1299.5, 3298
1300.5, 3628
1301.5, 3307
1302.5, 3547
1303.5, 3358
1304.5, 3457
1305.5, 3377
1306.5, 3464
1307.5, 3595
1308.5, 3160
1309.5, 3558
1310.5, 3479
1311.5, 3513
1312.5, 3614
1313.5, 3504
1314.5, 3306
1315.5, 3418
1316.5, 3571
1317.5, 3259
1318.5, 3796
1319.5, 3474
1320.5, 3422
1321.5, 3449
1322.5, 3366
1323.5, 3566
1324.5, 3417
1325.5, 3393
1326.5, 3460
1327.5, 3422
1328.5, 3427
1329.5, 3646
1330.5, 3400
1331.5, 3431
1332.5, 3261
1333.5, 3594
1334.5, 3483
1335.5, 3452
1336.5, 3344
1337.5, 3254
1338.5, 3297
1339.5, 3495
1340.5, 3406
1341.5, 3277
1342.5, 3452
1343.5, 3350
1344.5, 3282
1345.5, 3514
1346.5, 3304
1347.5, 3567
1348.5, 3410
1349.5, 3472
1350.5, 3341
1351.5, 3379
1352.5, 3455
1353.5, 3496
1354.5, 3289
1355.5, 3398
1356.5, 3402
1357.5, 3526
1358.5, 3506
1359.5, 3269
1360.5, 3359
1361.5, 3526
1362.5, 3414
1363.5, 3578
1364.5, 3378
1365.5, 3454
1366.5, 3461
1367.5, 3617
1368.5, 3518
1369.5, 3559
1370.5, 3512
1371.5, 3586
1372.5, 3566
1373.5, 3559
1374.5, 3426
1375.5, 3368
1376.5, 3297
1377.5, 3621
1378.5, 3428
1379.5, 3414
1380.5, 3531
1381.5, 3471
1382.5, 3537
1383.5, 3357
1384.5, 3649
1385.5, 3402
1386.5, 3711
1387.5, 3338
1388.5, 3652
1389.5, 3489
1390.5, 3328
1391.5, 3402
1392.5, 3560
1393.5, 3643
1394.5, 3425
1395.5, 3500
1396.5, 3557
1397.5, 3433
1398.5, 3622
1399.5, 3552
1400.5, 3448
1401.5, 3453
1402.5, 3768
1403.5, 3395
1404.5, 3691
1405.5, 3465
1406.5, 3564
1407.5, 3536
1408.5, 3575
1409.5, 3562
1410.5, 3452
1411.5, 3665
1412.5, 3521
1413.5, 3519
1414.5, 3454
1415.5, 3581
1416.5, 3728
1417.5, 3604
1418.5, 3489
1419.5, 3451
1420.5, 3719
1421.5, 3492
1422.5, 3679
1423.5, 3532
1424.5, 3638
1425.5, 3648
1426.5, 3814
1427.5, 3645
1428.5, 3392
1429.5, 3596
1430.5, 3527
1431.5, 3824
1432.5, 3597
1433.5, 3633
1434.5, 3603
1435.5, 3766
1436.5, 3597
1437.5, 3810
1438.5, 3694
1439.5, 3580
1440.5, 3824
1441.5, 3517
1442.5, 3862
1443.5, 3632
1444.5, 3848
1445.5, 3613
1446.5, 3588
1447.5, 3990
1448.5, 3504
1449.5, 3851
1450.5, 3486
1451.5, 3793
1452.5, 3560
1453.5, 3827
1454.5, 3630
1455.5, 3713
1456.5, 3886
1457.5, 3565
1458.5, 3759
1459.5, 3789
1460.5, 3862
1461.5, 3903
1462.5, 3698
1463.5, 3886
1464.5, 3621
1465.5, 3719
1466.5, 3882
1467.5, 3673
1468.5, 3717
1469.5, 3769
1470.5, 3866
1471.5, 3845
1472.5, 3905
1473.5, 3636
1474.5, 3868
1475.5, 3817
1476.5, 3672
1477.5, 3708
1478.5, 3935
1479.5, 3952
1480.5, 3965
1481.5, 3464
1482.5, 3832
1483.5, 3810
1484.5, 3968
1485.5, 3998
1486.5, 3897
1487.5, 3935
1488.5, 4157
1489.5, 4417
1490.5, 4323
1491.5, 4426
1492.5, 4816
1493.5, 5349
1494.5, 6172
1495.5, 6402
1496.5, 7609
1497.5, 6417
1498.5, 7160
1499.5, 6640
1500.5, 8161
1501.5, 9542
1502.5, 9531
1503.5, 7872
1504.5, 5703
1505.5, 4886
1506.5, 4390
1507.5, 4444
1508.5, 4156
1509.5, 4101
1510.5, 4064
1511.5, 4221
1512.5, 4198
1513.5, 3955
1514.5, 4133
1515.5, 4097
1516.5, 4116
1517.5, 4353
1518.5, 4082
1519.5, 4222
1520.5, 4045
1521.5, 4234
1522.5, 3970
1523.5, 4506
1524.5, 4113
1525.5, 4180
1526.5, 4067
1527.5, 4080
1528.5, 4197
1529.5, 4317
1530.5, 4120
1531.5, 4192
1532.5, 4199
1533.5, 4152
1534.5, 4067
1535.5, 4226
1536.5, 4245
1537.5, 4093
1538.5, 4438
1539.5, 4190
1540.5, 4313
1541.5, 4246
1542.5, 4348
1543.5, 4468
1544.5, 4377
1545.5, 4187
1546.5, 4417
1547.5, 4521
1548.5, 4533
1549.5, 4451
1550.5, 4817
1551.5, 4471
1552.5, 4647
1553.5, 4500
1554.5, 4901
1555.5, 5150
1556.5, 5134
1557.5, 4847
1558.5, 4346
1559.5, 4555
1560.5, 4463
1561.5, 4345
1562.5, 4363
1563.5, 4297
1564.5, 4566
1565.5, 4578
1566.5, 4732
1567.5, 4322
1568.5, 4463
1569.5, 4635
1570.5, 4431
1571.5, 4750
1572.5, 4346
1573.5, 4503
1574.5, 4533
1575.5, 4651
1576.5, 4487
1577.5, 4859
1578.5, 4481
1579.5, 4474
1580.5, 4636
1581.5, 4530
1582.5, 4764
1583.5, 4671
1584.5, 4706
1585.5, 4360
1586.5, 4797
1587.5, 4875
1588.5, 4643
1589.5, 4770
1590.5, 4819
1591.5, 4640
1592.5, 4675
1593.5, 4999
1594.5, 4552
1595.5, 4870
1596.5, 4908
1597.5, 4600
1598.5, 4755
1599.5, 4849
1600.5, 4903
1601.5, 4756
1602.5, 4585
1603.5, 4845
1604.5, 5032
1605.5, 4633
1606.5, 4990
1607.5, 4696
1608.5, 4718
1609.5, 5061
1610.5, 4807
1611.5, 4875
1612.5, 4758
1613.5, 4815
1614.5, 4934
1615.5, 5121
1616.5, 5024
1617.5, 4850
1618.5, 5148
1619.5, 4758
1620.5, 5329
1621.5, 4595
1622.5, 5018
1623.5, 5231
1624.5, 5046
1625.5, 5244
1626.5, 4752
1627.5, 5328
1628.5, 4760
1629.5, 5245
1630.5, 4925
1631.5, 5125
1632.5, 5103
1633.5, 5265
1634.5, 5206
1635.5, 4780
1636.5, 5485
1637.5, 5219
1638.5, 5150
1639.5, 5174
1640.5, 5041
1641.5, 5590
1642.5, 5240
1643.5, 5261
1644.5, 5015
1645.5, 5346
1646.5, 5319
1647.5, 5415
1648.5, 5313
1649.5, 5291
1650.5, 5417
1651.5, 5511
1652.5, 5774
1653.5, 5280
1654.5, 5215
1655.5, 5373
1656.5, 5445
1657.5, 5482
1658.5, 5583
1659.5, 5234
1660.5, 5597
1661.5, 5476
1662.5, 5262
1663.5, 5815
1664.5, 5417
1665.5, 5677
1666.5, 5379
1667.5, 5551
1668.5, 5791
1669.5, 5583
1670.5, 5930
1671.5, 5286
1672.5, 5933
1673.5, 5885
1674.5, 5795
1675.5, 5666
1676.5, 5818
1677.5, 5885
1678.5, 5530
1679.5, 6274
1680.5, 5616
1681.5, 5973
1682.5, 5872
1683.5, 5837
1684.5, 5850
1685.5, 6016
1686.5, 6196
1687.5, 5874
1688.5, 6075
1689.5, 5951
1690.5, 6378
1691.5, 6298
1692.5, 5898
1693.5, 6083
1694.5, 5779
1695.5, 6549
1696.5, 6411
1697.5, 5877
1698.5, 6154
1699.5, 5989
1700.5, 6338
1701.5, 6221
1702.5, 6215
1703.5, 6285
1704.5, 6475
1705.5, 6503
1706.5, 6162
1707.5, 6322
1708.5, 6374
1709.5, 6414
1710.5, 6418
1711.5, 6321
1712.5, 6466
1713.5, 6496
1714.5, 6729
1715.5, 6228
1716.5, 6797
1717.5, 6599
1718.5, 6718
1719.5, 6816
1720.5, 6453
1721.5, 7002
1722.5, 6334
1723.5, 6875
1724.5, 6781
1725.5, 6715
1726.5, 6518
1727.5, 7098
1728.5, 7111
1729.5, 6709
1730.5, 7025
1731.5, 6823
1732.5, 7015
1733.5, 7191
1734.5, 6881
1735.5, 7160
1736.5, 6958
1737.5, 7021
1738.5, 7040
1739.5, 7582
1740.5, 7085
1741.5, 6836
1742.5, 7214
1743.5, 7482
1744.5, 7551
1745.5, 7047
1746.5, 7277
1747.5, 6958
1748.5, 7155
1749.5, 7558
1750.5, 7529
1751.5, 7155
1752.5, 7474
1753.5, 7123
1754.5, 7587
1755.5, 7680
1756.5, 7213
1757.5, 7533
1758.5, 7544
1759.5, 7260
1760.5, 7584
1761.5, 7730
1762.5, 7641
1763.5, 7310
1764.5, 7672
1765.5, 7190
1766.5, 7902
1767.5, 7599
1768.5, 7470
1769.5, 7280
1770.5, 7314
1771.5, 7878
1772.5, 7094
1773.5, 7565
1774.5, 7024
1775.5, 7028
1776.5, 7570
1777.5, 7060
1778.5, 6677
1779.5, 6571
1780.5, 6788
1781.5, 6618
1782.5, 6558
1783.5, 6380
1784.5, 5981
1785.5, 6010
1786.5, 5928
1787.5, 5611
1788.5, 5580
1789.5, 5067
1790.5, 5413
1791.5, 5022
1792.5, 5121
1793.5, 4910
1794.5, 4968
1795.5, 4897
1796.5, 4714
1797.5, 4820
1798.5, 4614
1799.5, 4873
1800.5, 4737
1801.5, 4626
1802.5, 4657
1803.5, 4759
1804.5, 4421
1805.5, 4440
1806.5, 4588
1807.5, 4335
1808.5, 4408
1809.5, 4640
1810.5, 4190
1811.5, 4424
1812.5, 4343
1813.5, 4304
1814.5, 4308
1815.5, 4480
1816.5, 4099
1817.5, 4270
1818.5, 4216
1819.5, 4190
1820.5, 4342
1821.5, 4158
1822.5, 4192
1823.5, 3944
1824.5, 4242
1825.5, 4223
1826.5, 4030
1827.5, 3744
1828.5, 4022
1829.5, 4020
1830.5, 4256
1831.5, 3924
1832.5, 3789
1833.5, 3743
1834.5, 3961
1835.5, 3780
1836.5, 4037
1837.5, 3863
1838.5, 3845
1839.5, 3770
1840.5, 3695
1841.5, 3747
1842.5, 3601
1843.5, 3732
1844.5, 3528
1845.5, 3568
1846.5, 3485
1847.5, 3707
1848.5, 3477
1849.5, 3498
1850.5, 3329
1851.5, 3290
1852.5, 3533
1853.5, 3487
1854.5, 3331
1855.5, 3284
1856.5, 3187
1857.5, 3339
1858.5, 3208
1859.5, 3213
1860.5, 3254
1861.5, 3049
1862.5, 3191
1863.5, 3133
1864.5, 2903
1865.5, 2872
1866.5, 3117
1867.5, 2789
1868.5, 2923
1869.5, 2901
1870.5, 2743
1871.5, 2753
1872.5, 2764
1873.5, 2446
1874.5, 2729
1875.5, 2596
1876.5, 2627
1877.5, 2421
1878.5, 2510
1879.5, 2507
1880.5, 2320
1881.5, 2509
1882.5, 2236
1883.5, 2376
1884.5, 2064
1885.5, 2258
1886.5, 2034
1887.5, 2183
1888.5, 2013
1889.5, 1997
1890.5, 1988
1891.5, 1906
1892.5, 1978
1893.5, 1844
1894.5, 1877
1895.5, 1833
1896.5, 1647
1897.5, 1806
1898.5, 1700
1899.5, 1670
1900.5, 1677
1901.5, 1665
1902.5, 1553
1903.5, 1553
1904.5, 1589
1905.5, 1508
1906.5, 1538
1907.5, 1392
1908.5, 1286
1909.5, 1386
1910.5, 1364
1911.5, 1391
1912.5, 1303
1913.5, 1221
1914.5, 1180
1915.5, 1278
1916.5, 1245
1917.5, 1160
1918.5, 1181
1919.5, 1161
1920.5, 1269
1921.5, 1236
1922.5, 1187
1923.5, 1284
1924.5, 1068
1925.5, 1139
1926.5, 1089
1927.5, 1221
1928.5, 1199
1929.5, 1134
1930.5, 1084
1931.5, 967
1932.5, 991
1933.5, 1039
1934.5, 989
1935.5, 913
1936.5, 943
1937.5, 982
1938.5, 918
1939.5, 1034
1940.5, 944
1941.5, 882
1942.5, 925
1943.5, 928
1944.5, 948
1945.5, 916
1946.5, 917
1947.5, 940
1948.5, 885
1949.5, 919
1950.5, 869
1951.5, 955
1952.5, 878
1953.5, 887
1954.5, 855
1955.5, 946
1956.5, 902
1957.5, 811
1958.5, 879
1959.5, 830
1960.5, 895
1961.5, 821
1962.5, 841
1963.5, 902
1964.5, 845
1965.5, 777
1966.5, 882
1967.5, 820
1968.5, 852
1969.5, 856
1970.5, 814
1971.5, 791
1972.5, 841
1973.5, 827
1974.5, 838
1975.5, 847
1976.5, 824
1977.5, 879
1978.5, 748
1979.5, 839
1980.5, 763
1981.5, 837
1982.5, 798
1983.5, 876
1984.5, 794
1985.5, 833
1986.5, 890
1987.5, 938
1988.5, 889
1989.5, 938
1990.5, 992
1991.5, 993
1992.5, 1070
1993.5, 1015
1994.5, 1084
1995.5, 1125
1996.5, 1232
1997.5, 1338
1998.5, 1571
1999.5, 1906
2000.5, 2323
2001.5, 3336
2002.5, 5663
2003.5, 8738
2004.5, 15806
2005.5, 25465
2006.5, 33506
2007.5, 42865
2008.5, 47865
2009.5, 66313
2010.5, 83354
2011.5, 110728
2012.5, 131533
2013.5, 97178
2014.5, 51815
2015.5, 18734
2016.5, 9602
2017.5, 6771
2018.5, 5326
2019.5, 4090
2020.5, 3260
2021.5, 2681
2022.5, 2348
2023.5, 1916
2024.5, 1809
2025.5, 1639
2026.5, 1526
2027.5, 1307
2028.5, 1251
2029.5, 1004
2030.5, 1022
2031.5, 900
2032.5, 801
2033.5, 762
2034.5, 607
2035.5, 634
2036.5, 550
2037.5, 529
2038.5, 459
2039.5, 420
2040.5, 406
2041.5, 389
2042.5, 366
2043.5, 354
2044.5, 373
2045.5, 395
2046.5, 334
2047.5, 393
2048.5, 332
2049.5, 350
2050.5, 372
2051.5, 319
2052.5, 354
2053.5, 377
2054.5, 383
2055.5, 381
2056.5, 425
2057.5, 486
2058.5, 528
2059.5, 570
2060.5, 719
2061.5, 759
2062.5, 888
2063.5, 879
2064.5, 1031
2065.5, 1010
2066.5, 1030
2067.5, 813
2068.5, 615
2069.5, 492
2070.5, 431
2071.5, 396
2072.5, 366
2073.5, 394
2074.5, 399
2075.5, 332
2076.5, 373
2077.5, 359
2078.5, 364
2079.5, 364
2080.5, 332
2081.5, 399
2082.5, 365
2083.5, 396
2084.5, 376
2085.5, 434
2086.5, 434
2087.5, 430
2088.5, 439
2089.5, 372
2090.5, 402
2091.5, 408
2092.5, 353
2093.5, 365
2094.5, 360
2095.5, 330
2096.5, 330
2097.5, 357
2098.5, 326
2099.5, 370
2100.5, 365
2101.5, 398
2102.5, 356
2103.5, 344
2104.5, 365
2105.5, 339
2106.5, 375
2107.5, 370
2108.5, 343
2109.5, 328
2110.5, 328
2111.5, 355
2112.5, 407
2113.5, 373
2114.5, 386
2115.5, 332
2116.5, 384
2117.5, 375
2118.5, 366
2119.5, 362
2120.5, 315
2121.5, 373
2122.5, 341
2123.5, 343
2124.5, 414
2125.5, 376
2126.5, 348
2127.5, 362
2128.5, 365
2129.5, 367
2130.5, 363
2131.5, 367
2132.5, 337
2133.5, 388
2134.5, 393
2135.5, 380
2136.5, 373
2137.5, 366
2138.5, 416
2139.5, 406
2140.5, 405
2141.5, 375
2142.5, 331
2143.5, 396
2144.5, 389
2145.5, 390
2146.5, 371
2147.5, 392
2148.5, 379
2149.5, 331
2150.5, 410
2151.5, 358
2152.5, 394
2153.5, 405
2154.5, 385
2155.5, 359
2156.5, 396
2157.5, 362
2158.5, 407
2159.5, 327
2160.5, 388
2161.5, 374
2162.5, 363
2163.5, 391
2164.5, 404
2165.5, 433
2166.5, 387
2167.5, 376
2168.5, 392
2169.5, 383
2170.5, 390
2171.5, 369
2172.5, 378
2173.5, 365
2174.5, 378
2175.5, 378
2176.5, 399
2177.5, 383
2178.5, 363
2179.5, 374
2180.5, 380
2181.5, 365
2182.5, 400
2183.5, 393
2184.5, 379
2185.5, 373
2186.5, 399
2187.5, 382
2188.5, 417
2189.5, 379
2190.5, 377
2191.5, 374
2192.5, 347
2193.5, 429
2194.5, 392
2195.5, 340
2196.5, 398
2197.5, 420
2198.5, 401
2199.5, 362
2200.5, 437
2201.5, 415
2202.5, 364
2203.5, 435
2204.5, 370
2205.5, 396
2206.5, 395
2207.5, 380
2208.5, 375
2209.5, 400
2210.5, 425
2211.5, 404
2212.5, 400
2213.5, 345
2214.5, 401
2215.5, 413
2216.5, 394
2217.5, 421
2218.5, 386
2219.5, 368
2220.5, 417
2221.5, 351
2222.5, 369
2223.5, 364
2224.5, 350
2225.5, 392
2226.5, 353
2227.5, 397
2228.5, 383
2229.5, 397
2230.5, 349
2231.5, 397
2232.5, 394
2233.5, 377
2234.5, 401
2235.5, 394
2236.5, 356
2237.5, 432
2238.5, 421
2239.5, 412
2240.5, 380
2241.5, 409
2242.5, 392
2243.5, 436
2244.5, 380
2245.5, 394
2246.5, 383
2247.5, 415
2248.5, 376
2249.5, 454
2250.5, 395
2251.5, 381
2252.5, 394
2253.5, 368
2254.5, 410
2255.5, 420
2256.5, 420
2257.5, 374
2258.5, 430
2259.5, 412
2260.5, 378
2261.5, 392
2262.5, 408
2263.5, 413
2264.5, 421
2265.5, 398
2266.5, 422
2267.5, 395
2268.5, 415
2269.5, 433
2270.5, 379
2271.5, 414
2272.5, 441
2273.5, 413
2274.5, 417
2275.5, 424
2276.5, 413
2277.5, 382
2278.5, 435
2279.5, 400
2280.5, 413
2281.5, 442
2282.5, 413
2283.5, 459
2284.5, 423
2285.5, 427
2286.5, 430
2287.5, 399
2288.5, 404
2289.5, 386
2290.5, 419
2291.5, 433
2292.5, 395
2293.5, 394
2294.5, 394
2295.5, 455
2296.5, 460
2297.5, 440
2298.5, 437
2299.5, 425
2300.5, 472
2301.5, 427
2302.5, 456
2303.5, 386
2304.5, 452
2305.5, 435
2306.5, 444
2307.5, 474
2308.5, 407
2309.5, 450
2310.5, 449
2311.5, 409
2312.5, 477
2313.5, 469
2314.5, 456
2315.5, 448
2316.5, 423
2317.5, 465
2318.5, 476
2319.5, 430
2320.5, 473
2321.5, 474
2322.5, 447
2323.5, 441
2324.5, 445
2325.5, 411
2326.5, 414
2327.5, 422
2328.5, 432
2329.5, 448
2330.5, 464
2331.5, 464
2332.5, 423
2333.5, 423
2334.5, 471
2335.5, 433
2336.5, 410
2337.5, 422
2338.5, 443
2339.5, 403
2340.5, 440
2341.5, 394
2342.5, 399
2343.5, 376
2344.5, 373
2345.5, 394
2346.5, 331
2347.5, 383
2348.5, 324
2349.5, 342
2350.5, 387
2351.5, 350
2352.5, 361
2353.5, 344
2354.5, 315
2355.5, 319
2356.5, 313
2357.5, 316
2358.5, 314
2359.5, 363
2360.5, 333
2361.5, 369
2362.5, 324
2363.5, 308
2364.5, 327
2365.5, 347
2366.5, 328
2367.5, 326
2368.5, 326
2369.5, 302
2370.5, 305
2371.5, 346
2372.5, 294
2373.5, 270
2374.5, 265
2375.5, 338
2376.5, 275
2377.5, 290
2378.5, 270
2379.5, 300
2380.5, 284
2381.5, 292
2382.5, 291
2383.5, 314
2384.5, 300
2385.5, 293
2386.5, 263
2387.5, 296
2388.5, 281
2389.5, 299
2390.5, 290
2391.5, 275
2392.5, 274
2393.5, 282
2394.5, 301
2395.5, 250
2396.5, 273
2397.5, 256
2398.5, 249
2399.5, 299
2400.5, 236
2401.5, 291
2402.5, 294
2403.5, 252
2404.5, 289
2405.5, 282
2406.5, 275
2407.5, 272
2408.5, 262
2409.5, 271
2410.5, 286
2411.5, 294
2412.5, 239
2413.5, 256
2414.5, 268
2415.5, 220
2416.5, 255
2417.5, 215
2418.5, 222
2419.5, 235
2420.5, 245
2421.5, 237
2422.5, 249
2423.5, 242
2424.5, 229
2425.5, 216
2426.5, 224
2427.5, 227
2428.5, 261
2429.5, 225
2430.5, 261
2431.5, 213
2432.5, 221
2433.5, 200
2434.5, 183
2435.5, 184
2436.5, 181
2437.5, 229
2438.5, 192
2439.5, 182
2440.5, 187
2441.5, 199
2442.5, 184
2443.5, 160
2444.5, 172
2445.5, 184
2446.5, 166
2447.5, 149
2448.5, 185
2449.5, 159
2450.5, 162
2451.5, 148
2452.5, 152
2453.5, 161
2454.5, 144
2455.5, 183
2456.5, 167
2457.5, 129
2458.5, 136
2459.5, 142
2460.5, 139
2461.5, 146
2462.5, 142
2463.5, 150
2464.5, 126
2465.5, 132
2466.5, 137
2467.5, 133
2468.5, 128
2469.5, 103
2470.5, 111
2471.5, 131
2472.5, 102
2473.5, 107
2474.5, 130
2475.5, 129
2476.5, 93
2477.5, 105
2478.5, 121
2479.5, 101
2480.5, 95
2481.5, 85
2482.5, 115
2483.5, 106
2484.5, 80
2485.5, 91
2486.5, 87
2487.5, 84
2488.5, 91
2489.5, 89
2490.5, 95
2491.5, 89
2492.5, 76
2493.5, 85
2494.5, 100
2495.5, 91
2496.5, 97
2497.5, 114
2498.5, 89
2499.5, 88
2500.5, 95
2501.5, 114
2502.5, 119
2503.5, 149
2504.5, 114
2505.5, 137
2506.5, 114
2507.5, 92
2508.5, 126
2509.5, 103
2510.5, 125
2511.5, 128
2512.5, 170
2513.5, 188
2514.5, 153
2515.5, 142
2516.5, 103
2517.5, 94
2518.5, 77
2519.5, 91
2520.5, 89
2521.5, 90
2522.5, 84
2523.5, 73
2524.5, 59
2525.5, 81
2526.5, 89
2527.5, 91
2528.5, 84
2529.5, 79
2530.5, 81
2531.5, 77
2532.5, 79
2533.5, 74
2534.5, 69
2535.5, 87
2536.5, 95
2537.5, 70
2538.5, 72
2539.5, 65
2540.5, 74
2541.5, 77
2542.5, 71
2543.5, 82
2544.5, 92
2545.5, 82
2546.5, 93
2547.5, 84
2548.5, 113
2549.5, 87
2550.5, 85
2551.5, 80
2552.5, 107
2553.5, 75
2554.5, 92
2555.5, 76
2556.5, 118
2557.5, 121
2558.5, 172
2559.5, 204
2560.5, 280
2561.5, 376
2562.5, 649
2563.5, 1017
2564.5, 1432
2565.5, 2060
2566.5, 2210
2567.5, 2115
2568.5, 1783
2569.5, 1304
2570.5, 996
2571.5, 825
2572.5, 931
2573.5, 1123
2574.5, 1840
2575.5, 2847
2576.5, 4289
2577.5, 4025
2578.5, 2900
2579.5, 1672
2580.5, 592
2581.5, 292
2582.5, 207
2583.5, 219
2584.5, 243
2585.5, 326
2586.5, 342
2587.5, 361
2588.5, 361
2589.5, 323
2590.5, 255
2591.5, 189
2592.5, 162
2593.5, 138
2594.5, 193
2595.5, 272
2596.5, 393
2597.5, 551
2598.5, 627
2599.5, 496
2600.5, 292
2601.5, 157
2602.5, 87
2603.5, 76
2604.5, 67
2605.5, 61
2606.5, 63
2607.5, 75
2608.5, 64
2609.5, 60
2610.5, 64
2611.5, 92
2612.5, 66
2613.5, 72
2614.5, 54
2615.5, 47
2616.5, 52
2617.5, 46
2618.5, 51
2619.5, 53
2620.5, 55
2621.5, 53
2622.5, 47
2623.5, 52
2624.5, 37
2625.5, 49
2626.5, 53
2627.5, 38
2628.5, 47
2629.5, 45
2630.5, 54
2631.5, 50
2632.5, 35
2633.5, 40
2634.5, 43
2635.5, 41
2636.5, 39
2637.5, 43
2638.5, 44
2639.5, 44
2640.5, 45
2641.5, 55
2642.5, 38
2643.5, 39
2644.5, 44
2645.5, 39
2646.5, 50
2647.5, 31
2648.5, 49
2649.5, 45
2650.5, 45
2651.5, 32
2652.5, 40
2653.5, 44
2654.5, 45
2655.5, 49
2656.5, 50
2657.5, 43
2658.5, 48
2659.5, 53
2660.5, 52
2661.5, 45
2662.5, 36
2663.5, 53
2664.5, 52
2665.5, 42
2666.5, 49
2667.5, 43
2668.5, 31
2669.5, 36
2670.5, 45
2671.5, 53
2672.5, 43
2673.5, 56
2674.5, 45
2675.5, 33
2676.5, 45
2677.5, 44
2678.5, 56
2679.5, 46
2680.5, 38
2681.5, 53
2682.5, 41
2683.5, 37
2684.5, 37
2685.5, 39
2686.5, 46
2687.5, 49
2688.5, 54
2689.5, 31
2690.5, 64
2691.5, 53
2692.5, 56
2693.5, 55
2694.5, 57
2695.5, 54
2696.5, 55
2697.5, 56
2698.5, 54
2699.5, 43
2700.5, 42
2701.5, 45
2702.5, 52
2703.5, 44
2704.5, 49
2705.5, 67
2706.5, 59
2707.5, 64
2708.5, 46
2709.5, 46
2710.5, 68
2711.5, 57
2712.5, 56
2713.5, 53
2714.5, 82
2715.5, 71
2716.5, 40
2717.5, 40
2718.5, 37
2719.5, 58
2720.5, 50
2721.5, 45
2722.5, 49
2723.5, 68
2724.5, 57
2725.5, 86
2726.5, 107
2727.5, 84
2728.5, 54
2729.5, 52
2730.5, 52
2731.5, 40
2732.5, 46
2733.5, 50
2734.5, 44
2735.5, 49
2736.5, 39
2737.5, 47
2738.5, 54
2739.5, 48
2740.5, 35
2741.5, 42
2742.5, 37
2743.5, 36
2744.5, 47
2745.5, 59
2746.5, 50
2747.5, 36
2748.5, 43
2749.5, 36
2750.5, 54
2751.5, 38
2752.5, 45
2753.5, 52
2754.5, 32
2755.5, 35
2756.5, 43
2757.5, 46
2758.5, 44
2759.5, 44
2760.5, 38
2761.5, 49
2762.5, 30
2763.5, 29
2764.5, 54
2765.5, 46
2766.5, 34
2767.5, 57
2768.5, 33
2769.5, 27
2770.5, 32
2771.5, 32
2772.5, 24
2773.5, 24
2774.5, 38
2775.5, 32
2776.5, 34
2777.5, 33
2778.5, 30
2779.5, 22
2780.5, 33
2781.5, 31
2782.5, 38
2783.5, 26
2784.5, 30
2785.5, 31
2786.5, 33
2787.5, 23
2788.5, 33
2789.5, 43
2790.5, 28
2791.5, 27
2792.5, 26
2793.5, 27
2794.5, 31
2795.5, 28
2796.5, 25
2797.5, 26
2798.5, 31
2799.5, 19
2800.5, 28
2801.5, 26
2802.5, 38
2803.5, 32
2804.5, 30
2805.5, 29
2806.5, 38
2807.5, 30
2808.5, 33
2809.5, 27
2810.5, 30
2811.5, 19
2812.5, 31
2813.5, 29
2814.5, 20
2815.5, 23
2816.5, 35
2817.5, 29
2818.5, 29
2819.5, 28
2820.5, 30
2821.5, 27
2822.5, 25
2823.5, 32
2824.5, 41
2825.5, 21
2826.5, 26
2827.5, 22
2828.5, 29
2829.5, 24
2830.5, 27
2831.5, 29
2832.5, 25
2833.5, 31
2834.5, 38
2835.5, 34
2836.5, 29
2837.5, 25
2838.5, 43
2839.5, 37
2840.5, 49
2841.5, 29
2842.5, 31
2843.5, 34
2844.5, 24
2845.5, 29
2846.5, 34
2847.5, 31
2848.5, 22
2849.5, 23
2850.5, 27
2851.5, 28
2852.5, 30
2853.5, 28
2854.5, 42
2855.5, 38
2856.5, 31
2857.5, 27
2858.5, 38
2859.5, 38
2860.5, 35
2861.5, 44
2862.5, 46
2863.5, 32
2864.5, 29
2865.5, 21
2866.5, 22
2867.5, 27
2868.5, 19
2869.5, 17
2870.5, 16
2871.5, 21
2872.5, 15
2873.5, 15
2874.5, 25
2875.5, 26
2876.5, 35
2877.5, 27
2878.5, 24
2879.5, 19
2880.5, 16
2881.5, 10
2882.5, 5
2883.5, 10
2884.5, 10
2885.5, 19
2886.5, 14
2887.5, 15
2888.5, 3
2889.5, 12
2890.5, 4
2891.5, 7
2892.5, 6
2893.5, 14
2894.5, 10
2895.5, 5
2896.5, 5
2897.5, 6
2898.5, 8
2899.5, 9
2900.5, 13
2901.5, 10
2902.5, 1
2903.5, 3
2904.5, 12
2905.5, 6
2906.5, 3
2907.5, 8
2908.5, 3
2909.5, 2
2910.5, 3
2911.5, 4
2912.5, 4
2913.5, 4
2914.5, 2
2915.5, 8
2916.5, 4
2917.5, 9
2918.5, 6
2919.5, 4
2920.5, 3
2921.5, 3
2922.5, 5
2923.5, 6
2924.5, 8
2925.5, 2
2926.5, 5
2927.5, 10
2928.5, 7
2929.5, 6
2930.5, 5
2931.5, 6
2932.5, 3
2933.5, 8
2934.5, 3
2935.5, 5
2936.5, 2
2937.5, 4
2938.5, 8
2939.5, 4
2940.5, 4
2941.5, 5
2942.5, 4
2943.5, 4
2944.5, 5
2945.5, 4
2946.5, 1
2947.5, 3
2948.5, 6
2949.5, 5
2950.5, 3
2951.5, 2
2952.5, 5
2953.5, 3
2954.5, 4
2955.5, 4
2956.5, 4
2957.5, 3
2958.5, 2
2959.5, 2
2960.5, 6
2961.5, 4
2962.5, 4
2963.5, 2
2964.5, 7
2965.5, 3
2966.5, 5
2967.5, 2
2968.5, 8
2969.5, 3
2970.5, 5
2971.5, 3
2972.5, 7
2973.5, 7
2974.5, 3
2975.5, 1
2976.5, 5
2977.5, 5
2980.5, 1
2981.5, 4
2982.5, 5
2983.5, 2
2984.5, 1
2985.5, 1
2986.5, 1
2987.5, 3
2989.5, 4
2990.5, 2
2992.5, 2
2993.5, 6
2994.5, 2
2995.5, 1
2996.5, 2
2998.5, 2
