0.5, 163575
1.5, 1774
2.5, 1445
3.5, 1961
4.5, 2956
5.5, 3632
6.5, 5768
7.5, 7126
8.5, 8703
9.5, 8926
10.5, 10241
11.5, 10180
12.5, 10461
13.5, 10871
14.5, 10855
15.5, 11397
16.5, 11491
17.5, 11262
18.5, 12010
19.5, 11911
20.5, 12822
21.5, 13297
22.5, 12451
23.5, 13187
24.5, 13260
25.5, 13428
26.5, 14427
27.5, 13642
28.5, 14582
29.5, 13696
30.5, 14776
31.5, 14994
32.5, 14929
33.5, 14854
34.5, 15415
35.5, 14744
36.5, 15645
37.5, 16003
38.5, 16211
39.5, 16123
40.5, 15808
41.5, 16134
42.5, 17031
43.5, 16865
44.5, 16520
45.5, 16579
46.5, 16834
47.5, 17233
48.5, 18006
49.5, 16911
50.5, 17314
51.5, 17733
52.5, 17350
53.5, 18129
54.5, 18172
55.5, 16841
56.5, 18463
57.5, 17405
58.5, 18971
59.5, 17252
60.5, 18837
61.5, 17960
62.5, 18501
63.5, 18743
64.5, 18355
65.5, 19280
66.5, 18551
67.5, 19274
68.5, 18315
69.5, 19485
70.5, 18651
71.5, 20211
72.5, 19222
73.5, 19995
74.5, 20917
75.5, 19310
76.5, 20520
77.5, 19568
78.5, 20242
79.5, 19901
80.5, 20582
81.5, 20033
82.5, 20305
83.5, 20323
84.5, 20606
85.5, 21258
86.5, 20534
87.5, 20745
88.5, 20226
89.5, 21426
90.5, 20676
91.5, 21612
92.5, 20276
93.5, 21702
94.5, 20196
95.5, 21482
96.5, 21205
97.5, 21878
98.5, 20460
99.5, 20814
100.5, 21186
101.5, 21889
102.5, 22246
103.5, 21293
104.5, 21721
105.5, 21152
106.5, 22869
107.5, 22781
108.5, 22228
109.5, 22811
110.5, 21116
111.5, 23178
112.5, 23138
113.5, 23539
114.5, 21764
115.5, 24086
116.5, 22100
117.5, 24107
118.5, 23003
119.5, 22777
120.5, 22984
121.5, 22872
122.5, 23847
123.5, 22390
124.5, 23444
125.5, 23463
126.5, 23601
127.5, 23387
128.5, 22625
129.5, 23776
130.5, 23805
131.5, 23375
132.5, 22735
133.5, 22950
134.5, 22989
135.5, 23908
136.5, 23202
137.5, 23220
138.5, 23299
139.5, 22859
140.5, 22847
141.5, 22782
142.5, 22674
143.5, 22797
144.5, 22881
145.5, 22981
146.5, 21953
147.5, 23752
148.5, 21833
149.5, 23854
150.5, 21386
151.5, 22454
152.5, 22035
153.5, 22128
154.5, 22131
155.5, 22020
156.5, 21597
157.5, 22369
158.5, 22200
159.5, 21799
160.5, 22035
161.5, 21754
162.5, 21702
163.5, 21379
164.5, 21754
165.5, 21812
166.5, 21268
167.5, 22363
168.5, 20693
169.5, 21659
170.5, 22082
171.5, 22036
172.5, 21466
173.5, 22329
174.5, 21063
175.5, 23075
176.5, 23306
177.5, 23551
178.5, 23093
179.5, 23174
180.5, 25035
181.5, 24438
182.5, 25128
183.5, 22790
184.5, 25198
185.5, 23547
186.5, 25749
187.5, 22908
188.5, 24412
189.5, 23898
190.5, 24290
191.5, 23299
192.5, 23610
193.5, 22754
194.5, 23646
195.5, 22718
196.5, 22994
197.5, 22146
198.5, 22496
199.5, 21908
200.5, 22437
201.5, 21555
202.5, 22029
203.5, 20394
204.5, 21834
205.5, 20636
206.5, 20803
207.5, 20345
208.5, 20500
209.5, 20432
210.5, 19799
211.5, 19960
212.5, 20368
213.5, 19432
214.5, 19509
215.5, 18454
216.5, 19448
217.5, 19523
218.5, 19302
219.5, 17925
220.5, 18690
221.5, 18288
222.5, 18581
223.5, 17768
224.5, 19006
225.5, 17983
226.5, 18496
227.5, 17913
228.5, 18626
229.5, 18728
230.5, 18323
231.5, 18202
232.5, 17250
233.5, 17478
234.5, 18347
235.5, 18238
236.5, 17356
237.5, 17299
238.5, 17358
239.5, 16993
240.5, 18266
241.5, 16455
242.5, 17048
243.5, 16212
244.5, 17422
245.5, 16962
246.5, 16893
247.5, 15568
248.5, 17303
249.5, 16029
250.5, 17044
251.5, 15287
252.5, 16292
253.5, 15883
254.5, 15732
255.5, 15628
256.5, 15726
257.5, 15608
258.5, 15816
259.5, 15235
260.5, 15537
261.5, 14820
262.5, 14874
263.5, 14913
264.5, 15064
265.5, 14595
266.5, 15295
267.5, 13890
268.5, 14837
269.5, 14320
270.5, 14558
271.5, 14482
272.5, 14097
273.5, 14202
274.5, 13768
275.5, 14319
276.5, 14158
277.5, 13833
278.5, 13921
279.5, 13545
280.5, 13865
281.5, 13755
282.5, 13681
283.5, 13276
284.5, 13260
285.5, 13141
286.5, 13446
287.5, 13116
288.5, 13112
289.5, 13569
290.5, 12398
291.5, 13445
292.5, 12356
293.5, 13144
294.5, 12666
295.5, 12786
296.5, 12550
297.5, 12844
298.5, 12615
299.5, 12752
300.5, 11967
301.5, 11906
302.5, 12303
303.5, 12335
304.5, 13092
305.5, 12270
306.5, 11780
307.5, 12175
308.5, 11957
309.5, 12696
310.5, 12002
311.5, 11688
312.5, 12238
313.5, 11870
314.5, 12121
315.5, 12247
316.5, 11290
317.5, 12197
318.5, 11996
319.5, 11517
320.5, 11854
321.5, 11416
322.5, 11927
323.5, 11994
324.5, 11211
325.5, 12058
326.5, 11320
327.5, 12214
328.5, 11412
329.5, 11543
330.5, 11235
331.5, 12038
332.5, 11351
333.5, 12130
334.5, 10839
335.5, 11717
336.5, 11535
337.5, 11219
338.5, 11534
339.5, 11248
340.5, 11942
341.5, 11477
342.5, 11074
343.5, 11324
344.5, 11531
345.5, 11365
346.5, 11567
347.5, 11347
348.5, 11374
349.5, 11728
350.5, 11004
351.5, 11390
352.5, 11201
353.5, 11842
354.5, 11193
355.5, 11730
356.5, 11229
357.5, 11710
358.5, 11121
359.5, 11380
360.5, 11262
361.5, 11250
362.5, 11678
363.5, 11877
364.5, 11583
365.5, 11611
366.5, 10872
367.5, 11941
368.5, 11379
369.5, 11825
370.5, 11482
371.5, 11313
372.5, 11440
373.5, 11957
374.5, 12076
375.5, 11403
376.5, 11817
377.5, 11730
378.5, 11900
379.5, 11684
380.5, 11612
381.5, 11626
382.5, 11832
383.5, 11685
384.5, 11887
385.5, 11789
386.5, 11980
387.5, 11654
388.5, 11388
389.5, 11646
390.5, 11443
391.5, 11624
392.5, 11225
393.5, 11466
394.5, 11345
395.5, 11460
396.5, 11542
397.5, 10957
398.5, 11337
399.5, 11129
400.5, 10939
401.5, 11204
402.5, 10542
403.5, 10948
404.5, 10403
405.5, 10097
406.5, 10059
407.5, 9120
408.5, 9596
409.5, 8868
410.5, 8440
411.5, 8164
412.5, 8438
413.5, 7551
414.5, 8022
415.5, 7169
416.5, 8051
417.5, 7281
418.5, 7611
419.5, 7281
420.5, 7279
421.5, 7022
422.5, 7349
423.5, 6795
424.5, 6914
425.5, 6798
426.5, 6722
427.5, 6855
428.5, 6597
429.5, 6704
430.5, 6255
431.5, 6581
432.5, 6554
433.5, 6311
434.5, 6139
435.5, 5981
436.5, 6139
437.5, 6464
438.5, 6351
439.5, 5526
440.5, 5993
441.5, 5999
442.5, 5709
443.5, 5788
444.5, 5733
445.5, 5666
446.5, 5621
447.5, 5669
448.5, 5599
449.5, 5417
450.5, 5420
451.5, 5276
452.5, 5071
453.5, 5198
454.5, 5372
455.5, 5061
456.5, 5277
457.5, 4957
458.5, 4914
459.5, 5037
460.5, 4823
461.5, 4973
462.5, 4707
463.5, 4916
464.5, 4505
465.5, 4714
466.5, 4477
467.5, 4729
468.5, 4569
469.5, 4461
470.5, 4535
471.5, 4317
472.5, 4318
473.5, 4205
474.5, 4074
475.5, 4187
476.5, 4119
477.5, 4190
478.5, 4017
479.5, 4070
480.5, 3934
481.5, 3774
482.5, 3798
483.5, 3885
484.5, 3537
485.5, 3960
486.5, 3963
487.5, 3574
488.5, 3749
489.5, 3598
490.5, 3763
491.5, 3757
492.5, 3674
493.5, 3552
494.5, 3520
495.5, 3485
496.5, 3792
497.5, 3488
498.5, 3333
499.5, 3475
500.5, 3482
501.5, 3586
502.5, 3725
503.5, 3381
504.5, 3610
505.5, 3783
506.5, 4256
507.5, 4726
508.5, 5572
509.5, 6891
510.5, 7438
511.5, 6944
512.5, 5656
513.5, 4287
514.5, 3752
515.5, 3588
516.5, 3114
517.5, 3314
518.5, 3212
519.5, 3175
520.5, 3150
521.5, 2971
522.5, 3050
523.5, 3132
524.5, 2992
525.5, 2891
526.5, 3063
527.5, 2788
528.5, 3015
529.5, 2842
530.5, 2951
531.5, 2860
532.5, 2974
533.5, 2727
534.5, 2894
535.5, 2887
536.5, 2774
537.5, 2791
538.5, 2713
539.5, 2817
540.5, 2669
541.5, 2798
542.5, 2843
543.5, 2730
544.5, 2741
545.5, 2736
546.5, 2858
547.5, 2793
548.5, 2772
549.5, 2711
550.5, 2883
551.5, 2849
552.5, 2889
553.5, 3005
554.5, 2929
555.5, 3312
556.5, 3190
557.5, 3634
558.5, 3915
559.5, 4325
560.5, 5643
561.5, 8300
562.5, 12980
563.5, 26361
564.5, 38944
565.5, 30066
566.5, 12002
567.5, 6289
568.5, 4474
569.5, 4107
570.5, 3667
571.5, 3885
572.5, 3678
573.5, 3989
574.5, 4256
575.5, 4968
576.5, 5688
577.5, 5678
578.5, 7580
579.5, 8110
580.5, 11881
581.5, 15384
582.5, 28790
583.5, 47065
584.5, 112161
585.5, 177058
586.5, 177100
587.5, 72599
588.5, 25679
589.5, 13315
590.5, 8593
591.5, 6376
592.5, 5633
593.5, 4762
594.5, 4160
595.5, 3416
596.5, 3235
597.5, 2866
598.5, 2978
599.5, 2750
600.5, 2682
601.5, 2562
602.5, 2355
603.5, 2206
604.5, 2149
605.5, 2152
606.5, 1943
607.5, 1693
608.5, 1785
609.5, 1928
610.5, 1661
611.5, 1743
612.5, 1633
613.5, 1820
614.5, 1725
615.5, 1764
616.5, 1622
617.5, 1633
618.5, 1617
619.5, 1630
620.5, 1597
621.5, 1502
622.5, 1517
623.5, 1492
624.5, 1543
625.5, 1645
626.5, 1491
627.5, 1514
628.5, 1539
629.5, 1534
630.5, 1524
631.5, 1487
632.5, 1541
633.5, 1487
634.5, 1527
635.5, 1410
636.5, 1580
637.5, 1375
638.5, 1609
639.5, 1406
640.5, 1554
641.5, 1522
642.5, 1448
643.5, 1434
644.5, 1470
645.5, 1483
646.5, 1441
647.5, 1487
648.5, 1570
649.5, 1403
650.5, 1411
651.5, 1441
652.5, 1582
653.5, 1426
654.5, 1578
655.5, 1444
656.5, 1386
657.5, 1521
658.5, 1415
659.5, 1468
660.5, 1402
661.5, 1501
662.5, 1502
663.5, 1531
664.5, 1481
665.5, 1374
666.5, 1411
667.5, 1411
668.5, 1455
669.5, 1473
670.5, 1489
671.5, 1420
672.5, 1413
673.5, 1586
674.5, 1402
675.5, 1458
676.5, 1371
677.5, 1472
678.5, 1374
679.5, 1477
680.5, 1424
681.5, 1396
682.5, 1511
683.5, 1390
684.5, 1452
685.5, 1340
686.5, 1520
687.5, 1394
688.5, 1422
689.5, 1345
690.5, 1527
691.5, 1385
692.5, 1439
693.5, 1357
694.5, 1426
695.5, 1384
696.5, 1420
697.5, 1428
698.5, 1426
699.5, 1316
700.5, 1387
701.5, 1327
702.5, 1419
703.5, 1339
704.5, 1385
705.5, 1343
706.5, 1437
707.5, 1388
708.5, 1400
709.5, 1354
710.5, 1376
711.5, 1517
712.5, 1340
713.5, 1341
714.5, 1197
715.5, 1424
716.5, 1377
717.5, 1366
718.5, 1358
719.5, 1400
720.5, 1386
721.5, 1321
722.5, 1389
723.5, 1376
724.5, 1260
725.5, 1491
726.5, 1259
727.5, 1433
728.5, 1307
729.5, 1374
730.5, 1264
731.5, 1426
732.5, 1344
733.5, 1338
734.5, 1307
735.5, 1255
736.5, 1292
737.5, 1331
738.5, 1402
739.5, 1310
740.5, 1375
741.5, 1292
742.5, 1331
743.5, 1340
744.5, 1370
745.5, 1318
746.5, 1382
747.5, 1299
748.5, 1364
749.5, 1236
750.5, 1358
751.5, 1299
752.5, 1339
753.5, 1227
754.5, 1351
755.5, 1352
756.5, 1288
757.5, 1341
758.5, 1304
759.5, 1301
760.5, 1389
761.5, 1293
762.5, 1223
763.5, 1279
764.5, 1388
765.5, 1257
766.5, 1240
767.5, 1221
768.5, 1252
769.5, 1289
770.5, 1340
771.5, 1188
772.5, 1328
773.5, 1238
774.5, 1285
775.5, 1398
776.5, 1194
777.5, 1352
778.5, 1285
779.5, 1200
780.5, 1368
781.5, 1277
782.5, 1238
783.5, 1252
784.5, 1315
785.5, 1269
786.5, 1310
787.5, 1224
788.5, 1217
789.5, 1185
790.5, 1277
791.5, 1357
792.5, 1185
793.5, 1256
794.5, 1135
795.5, 1296
796.5, 1278
797.5, 1224
798.5, 1228
799.5, 1206
800.5, 1260
801.5, 1256
802.5, 1309
803.5, 1230
804.5, 1320
805.5, 1232
806.5, 1263
807.5, 1342
808.5, 1235
809.5, 1287
810.5, 1229
811.5, 1303
812.5, 1167
813.5, 1285
814.5, 1277
815.5, 1291
816.5, 1253
817.5, 1169
818.5, 1299
819.5, 1341
820.5, 1246
821.5, 1271
822.5, 1288
823.5, 1125
824.5, 1298
825.5, 1260
826.5, 1279
827.5, 1212
828.5, 1221
829.5, 1285
830.5, 1192
831.5, 1261
832.5, 1291
833.5, 1230
834.5, 1316
835.5, 1186
836.5, 1272
837.5, 1256
838.5, 1322
839.5, 1265
840.5, 1136
841.5, 1281
842.5, 1147
843.5, 1272
844.5, 1237
845.5, 1240
846.5, 1189
847.5, 1227
848.5, 1189
849.5, 1259
850.5, 1327
851.5, 1214
852.5, 1200
853.5, 1177
854.5, 1214
855.5, 1179
856.5, 1196
857.5, 1204
858.5, 1231
859.5, 1302
860.5, 1266
861.5, 1270
862.5, 1254
863.5, 1156
864.5, 1166
865.5, 1204
866.5, 1274
867.5, 1156
868.5, 1238
869.5, 1156
870.5, 1245
871.5, 1167
872.5, 1267
873.5, 1176
874.5, 1179
875.5, 1188
876.5, 1116
877.5, 1320
878.5, 1117
879.5, 1248
880.5, 1147
881.5, 1143
882.5, 1246
883.5, 1167
884.5, 1186
885.5, 1067
886.5, 1191
887.5, 1259
888.5, 1247
889.5, 1154
890.5, 1205
891.5, 1224
892.5, 1190
893.5, 1277
894.5, 1162
895.5, 1129
896.5, 1187
897.5, 1250
898.5, 1203
899.5, 1207
900.5, 1184
901.5, 1220
902.5, 1238
903.5, 1156
904.5, 1214
905.5, 1218
906.5, 1222
907.5, 1199
908.5, 1221
909.5, 1204
910.5, 1154
911.5, 1248
912.5, 1080
913.5, 1151
914.5, 1144
915.5, 1159
916.5, 1181
917.5, 1163
918.5, 1148
919.5, 1204
920.5, 1211
921.5, 1098
922.5, 1236
923.5, 1209
924.5, 1188
925.5, 1290
926.5, 1109
927.5, 1212
928.5, 1126
929.5, 1130
930.5, 1208
931.5, 1187
932.5, 1235
933.5, 1130
934.5, 1151
935.5, 1096
936.5, 1249
937.5, 1097
938.5, 1177
939.5, 1137
940.5, 1183
941.5, 1215
942.5, 1219
943.5, 1146
944.5, 1059
945.5, 1166
946.5, 1206
947.5, 1147
948.5, 1155
949.5, 1126
950.5, 1195
951.5, 1153
952.5, 1180
953.5, 1160
954.5, 1216
955.5, 1153
956.5, 1129
957.5, 1196
958.5, 1165
959.5, 1166
960.5, 1213
961.5, 1100
962.5, 1230
963.5, 1168
964.5, 1175
965.5, 1209
966.5, 1143
967.5, 1103
968.5, 1162
969.5, 1162
970.5, 1274
971.5, 1151
972.5, 1167
973.5, 1117
974.5, 1199
975.5, 1236
976.5, 1128
977.5, 1237
978.5, 1213
979.5, 1309
980.5, 1281
981.5, 1306
982.5, 1269
983.5, 1300
984.5, 1416
985.5, 1438
986.5, 1788
987.5, 2090
988.5, 2741
989.5, 3654
990.5, 4821
991.5, 5124
992.5, 3205
993.5, 1894
994.5, 1540
995.5, 1337
996.5, 1379
997.5, 1268
998.5, 1295
999.5, 1220
1000.5, 1401
1001.5, 1242
1002.5, 1333
1003.5, 1273
1004.5, 1283
1005.5, 1287
1006.5, 1314
1007.5, 1176
1008.5, 1231
1009.5, 1249
1010.5, 1320
1011.5, 1299
1012.5, 1214
1013.5, 1225
1014.5, 1280
1015.5, 1263
1016.5, 1207
1017.5, 1285
1018.5, 1296
1019.5, 1271
1020.5, 1242
1021.5, 1255
1022.5, 1277
1023.5, 1247
1024.5, 1207
1025.5, 1202
1026.5, 1229
1027.5, 1223
1028.5, 1268
1029.5, 1225
1030.5, 1228
1031.5, 1196
1032.5, 1222
1033.5, 1273
1034.5, 1230
1035.5, 1373
1036.5, 1196
1037.5, 1292
1038.5, 1378
1039.5, 1259
1040.5, 1237
1041.5, 1249
1042.5, 1142
1043.5, 1299
1044.5, 1202
1045.5, 1322
1046.5, 1198
1047.5, 1285
1048.5, 1166
1049.5, 1365
1050.5, 1247
1051.5, 1196
1052.5, 1277
1053.5, 1235
1054.5, 1275
1055.5, 1221
1056.5, 1263
1057.5, 1285
1058.5, 1266
1059.5, 1185
1060.5, 1236
1061.5, 1260
1062.5, 1259
1063.5, 1274
1064.5, 1191
1065.5, 1285
1066.5, 1194
1067.5, 1214
1068.5, 1152
1069.5, 1270
1070.5, 1241
1071.5, 1174
1072.5, 1203
1073.5, 1305
1074.5, 1214
1075.5, 1204
1076.5, 1286
1077.5, 1219
1078.5, 1278
1079.5, 1247
1080.5, 1205
1081.5, 1261
1082.5, 1210
1083.5, 1261
1084.5, 1176
1085.5, 1286
1086.5, 1345
1087.5, 1325
1088.5, 1276
1089.5, 1192
1090.5, 1241
1091.5, 1385
1092.5, 1314
1093.5, 1211
1094.5, 1198
1095.5, 1347
1096.5, 1176
1097.5, 1314
1098.5, 1163
1099.5, 1260
1100.5, 1149
1101.5, 1263
1102.5, 1198
1103.5, 1403
1104.5, 1224
1105.5, 1312
1106.5, 1283
1107.5, 1200
1108.5, 1255
1109.5, 1234
1110.5, 1232
1111.5, 1265
1112.5, 1266
1113.5, 1318
1114.5, 1265
1115.5, 1225
1116.5, 1271
1117.5, 1367
1118.5, 1174
1119.5, 1254
1120.5, 1277
1121.5, 1245
1122.5, 1294
1123.5, 1171
1124.5, 1233
1125.5, 1290
1126.5, 1225
1127.5, 1353
1128.5, 1178
1129.5, 1305
1130.5, 1224
1131.5, 1311
1132.5, 1252
1133.5, 1229
1134.5, 1307
1135.5, 1245
1136.5, 1288
1137.5, 1250
1138.5, 1218
1139.5, 1289
1140.5, 1334
1141.5, 1251
1142.5, 1247
1143.5, 1262
1144.5, 1212
1145.5, 1250
1146.5, 1295
1147.5, 1347
1148.5, 1170
1149.5, 1318
1150.5, 1319
1151.5, 1306
1152.5, 1220
1153.5, 1208
1154.5, 1224
1155.5, 1357
1156.5, 1228
1157.5, 1247
1158.5, 1229
1159.5, 1325
1160.5, 1342
1161.5, 1295
1162.5, 1295
1163.5, 1417
1164.5, 1319
1165.5, 1331
1166.5, 1282
1167.5, 1287
1168.5, 1327
1169.5, 1306
1170.5, 1295
1171.5, 1362
1172.5, 1262
1173.5, 1374
1174.5, 1258
1175.5, 1251
1176.5, 1233
1177.5, 1326
1178.5, 1329
1179.5, 1292
1180.5, 1275
1181.5, 1245
1182.5, 1305
1183.5, 1300
1184.5, 1323
1185.5, 1259
1186.5, 1294
1187.5, 1277
1188.5, 1162
1189.5, 1351
1190.5, 1302
1191.5, 1304
1192.5, 1317
1193.5, 1327
1194.5, 1283
1195.5, 1337
1196.5, 1276
1197.5, 1296
1198.5, 1295
1199.5, 1374
1200.5, 1272
1201.5, 1323
1202.5, 1290
1203.5, 1342
1204.5, 1284
1205.5, 1312
1206.5, 1211
1207.5, 1356
1208.5, 1302
1209.5, 1270
1210.5, 1257
1211.5, 1198
1212.5, 1345
1213.5, 1320
1214.5, 1266
1215.5, 1284
1216.5, 1304
1217.5, 1316
1218.5, 1285
1219.5, 1335
1220.5, 1192
1221.5, 1384
1222.5, 1267
1223.5, 1384
1224.5, 1285
1225.5, 1306
1226.5, 1397
1227.5, 1314
1228.5, 1363
1229.5, 1279
1230.5, 1292
1231.5, 1296
1232.5, 1379
1233.5, 1254
1234.5, 1317
1235.5, 1230
1236.5, 1373
1237.5, 1358
1238.5, 1346
1239.5, 1322
1240.5, 1279
1241.5, 1302
1242.5, 1408
1243.5, 1330
1244.5, 1366
1245.5, 1319
1246.5, 1256
1247.5, 1266
1248.5, 1377
1249.5, 1371
1250.5, 1300
1251.5, 1371
1252.5, 1286
1253.5, 1344
1254.5, 1342
1255.5, 1365
1256.5, 1329
1257.5, 1314
1258.5, 1432
1259.5, 1333
1260.5, 1415
1261.5, 1214
1262.5, 1318
1263.5, 1344
1264.5, 1276
1265.5, 1343
1266.5, 1369
1267.5, 1369
1268.5, 1318
1269.5, 1311
1270.5, 1301
1271.5, 1366
1272.5, 1393
1273.5, 1271
1274.5, 1275
1275.5, 1314
1276.5, 1398
1277.5, 1368
1278.5, 1443
1279.5, 1267
1280.5, 1467
1281.5, 1432
1282.5, 1419
1283.5, 1274
1284.5, 1446
1285.5, 1235
1286.5, 1465
1287.5, 1327
1288.5, 1314
1289.5, 1456
1290.5, 1336
1291.5, 1379
1292.5, 1465
1293.5, 1408
1294.5, 1464
1295.5, 1469
1296.5, 1536
1297.5, 1331
1298.5, 1512
1299.5, 1347
1300.5, 1444
1301.5, 1312
1302.5, 1409
1303.5, 1341
1304.5, 1426
1305.5, 1390
1306.5, 1402
1307.5, 1465
1308.5, 1311
1309.5, 1468
1310.5, 1415
1311.5, 1383
1312.5, 1423
1313.5, 1376
1314.5, 1462
1315.5, 1401
1316.5, 1489
1317.5, 1348
1318.5, 1409
1319.5, 1421
1320.5, 1323
1321.5, 1457
1322.5, 1408
1323.5, 1412
1324.5, 1438
1325.5, 1441
1326.5, 1452
1327.5, 1359
1328.5, 1356
1329.5, 1462
1330.5, 1356
1331.5, 1321
1332.5, 1350
1333.5, 1423
1334.5, 1382
1335.5, 1394
1336.5, 1396
1337.5, 1420
1338.5, 1325
1339.5, 1353
1340.5, 1439
1341.5, 1377
1342.5, 1392
1343.5, 1363
1344.5, 1329
1345.5, 1424
1346.5, 1411
1347.5, 1335
1348.5, 1436
1349.5, 1458
1350.5, 1342
1351.5, 1353
1352.5, 1368
1353.5, 1480
1354.5, 1356
1355.5, 1407
1356.5, 1398
1357.5, 1462
1358.5, 1385
1359.5, 1326
1360.5, 1410
1361.5, 1427
1362.5, 1351
1363.5, 1422
1364.5, 1344
1365.5, 1471
1366.5, 1382
1367.5, 1508
1368.5, 1387
1369.5, 1461
1370.5, 1332
1371.5, 1427
1372.5, 1474
1373.5, 1445
1374.5, 1378
1375.5, 1435
1376.5, 1359
1377.5, 1474
1378.5, 1436
1379.5, 1360
1380.5, 1483
1381.5, 1427
1382.5, 1453
1383.5, 1343
1384.5, 1464
1385.5, 1297
1386.5, 1510
1387.5, 1422
1388.5, 1408
1389.5, 1436
1390.5, 1406
1391.5, 1372
1392.5, 1432
1393.5, 1453
1394.5, 1372
1395.5, 1398
1396.5, 1453
1397.5, 1364
1398.5, 1469
1399.5, 1442
1400.5, 1341
1401.5, 1377
1402.5, 1469
1403.5, 1359
1404.5, 1487
1405.5, 1435
1406.5, 1403
1407.5, 1406
1408.5, 1461
1409.5, 1398
1410.5, 1429
1411.5, 1472
1412.5, 1369
1413.5, 1429
1414.5, 1465
1415.5, 1466
1416.5, 1439
1417.5, 1473
1418.5, 1459
1419.5, 1463
1420.5, 1566
1421.5, 1340
1422.5, 1521
1423.5, 1420
1424.5, 1353
1425.5, 1418
1426.5, 1509
1427.5, 1553
1428.5, 1487
1429.5, 1449
1430.5, 1454
1431.5, 1602
1432.5, 1463
1433.5, 1516
1434.5, 1456
1435.5, 1509
1436.5, 1452
1437.5, 1457
1438.5, 1504
1439.5, 1541
1440.5, 1452
1441.5, 1406
1442.5, 1573
1443.5, 1481
1444.5, 1504
1445.5, 1449
1446.5, 1519
1447.5, 1549
1448.5, 1358
1449.5, 1540
1450.5, 1478
1451.5, 1534
1452.5, 1408
1453.5, 1549
1454.5, 1526
1455.5, 1558
1456.5, 1532
1457.5, 1442
1458.5, 1612
1459.5, 1559
1460.5, 1541
1461.5, 1598
1462.5, 1549
1463.5, 1555
1464.5, 1488
1465.5, 1564
1466.5, 1527
1467.5, 1499
1468.5, 1505
1469.5, 1568
1470.5, 1471
1471.5, 1579
1472.5, 1599
1473.5, 1496
1474.5, 1601
1475.5, 1586
1476.5, 1525
1477.5, 1599
1478.5, 1596
1479.5, 1654
1480.5, 1606
1481.5, 1512
1482.5, 1636
1483.5, 1528
1484.5, 1702
1485.5, 1578
1486.5, 1530
1487.5, 1623
1488.5, 1655
1489.5, 1788
1490.5, 1802
1491.5, 1749
1492.5, 1943
1493.5, 2255
1494.5, 2489
1495.5, 2608
1496.5, 3034
1497.5, 2535
1498.5, 2869
1499.5, 2732
1500.5, 3273
1501.5, 3924
1502.5, 3884
1503.5, 3307
1504.5, 2309
1505.5, 2006
1506.5, 1725
1507.5, 1799
1508.5, 1740
1509.5, 1655
1510.5, 1581
1511.5, 1680
1512.5, 1677
1513.5, 1697
1514.5, 1729
1515.5, 1636
1516.5, 1649
1517.5, 1768
1518.5, 1629
1519.5, 1699
1520.5, 1724
1521.5, 1768
1522.5, 1616
1523.5, 1760
1524.5, 1630
1525.5, 1652
1526.5, 1720
1527.5, 1573
1528.5, 1707
1529.5, 1704
1530.5, 1653
1531.5, 1739
1532.5, 1661
1533.5, 1664
1534.5, 1673
1535.5, 1656
1536.5, 1707
1537.5, 1708
1538.5, 1789
1539.5, 1626
1540.5, 1720
1541.5, 1729
1542.5, 1688
1543.5, 1762
1544.5, 1764
1545.5, 1727
1546.5, 1830
1547.5, 1876
1548.5, 1850
1549.5, 1782
1550.5, 1961
1551.5, 1774
1552.5, 1978
1553.5, 1772
1554.5, 2004
1555.5, 2037
1556.5, 1994
1557.5, 1976
1558.5, 1714
1559.5, 1854
1560.5, 1888
1561.5, 1756
1562.5, 1754
1563.5, 1759
1564.5, 1850
1565.5, 1795
1566.5, 2000
1567.5, 1763
1568.5, 1759
1569.5, 1903
1570.5, 1800
1571.5, 1965
1572.5, 1738
1573.5, 1836
1574.5, 1758
1575.5, 1856
1576.5, 1833
1577.5, 1972
1578.5, 1787
1579.5, 1798
1580.5, 1860
1581.5, 1803
1582.5, 1894
1583.5, 1890
1584.5, 1898
1585.5, 1797
1586.5, 1922
1587.5, 1893
1588.5, 1905
1589.5, 1962
1590.5, 1944
1591.5, 1881
1592.5, 1895
1593.5, 2014
1594.5, 1810
1595.5, 1964
1596.5, 2012
1597.5, 1852
1598.5, 1904
1599.5, 1985
1600.5, 1920
1601.5, 1942
1602.5, 1891
1603.5, 1938
1604.5, 2092
1605.5, 1944
1606.5, 1979
1607.5, 1918
1608.5, 1912
1609.5, 2072
1610.5, 1995
1611.5, 1982
1612.5, 1956
1613.5, 1962
1614.5, 1982
1615.5, 2030
1616.5, 1896
1617.5, 1909
1618.5, 2071
1619.5, 1948
1620.5, 2115
1621.5, 1986
1622.5, 2121
1623.5, 2104
1624.5, 2038
1625.5, 2080
1626.5, 1862
1627.5, 2065
1628.5, 2050
1629.5, 2168
1630.5, 1990
1631.5, 2076
1632.5, 2087
1633.5, 2146
1634.5, 2149
1635.5, 2021
1636.5, 2218
1637.5, 2108
1638.5, 2125
1639.5, 2074
1640.5, 2056
1641.5, 2222
1642.5, 2084
1643.5, 2137
1644.5, 2011
1645.5, 2105
1646.5, 2092
1647.5, 2228
1648.5, 2093
1649.5, 2194
1650.5, 2181
1651.5, 2226
1652.5, 2344
1653.5, 2031
1654.5, 2145
1655.5, 2119
1656.5, 2236
1657.5, 2160
1658.5, 2331
1659.5, 2036
1660.5, 2298
1661.5, 2350
1662.5, 2053
1663.5, 2398
1664.5, 2242
1665.5, 2314
1666.5, 2163
1667.5, 2259
1668.5, 2404
1669.5, 2172
1670.5, 2413
1671.5, 2107
1672.5, 2372
1673.5, 2434
1674.5, 2300
1675.5, 2267
1676.5, 2361
1677.5, 2400
1678.5, 2242
1679.5, 2518
1680.5, 2241
1681.5, 2428
1682.5, 2431
1683.5, 2313
1684.5, 2402
1685.5, 2384
1686.5, 2498
1687.5, 2298
1688.5, 2440
1689.5, 2409
1690.5, 2426
1691.5, 2514
1692.5, 2468
1693.5, 2588
1694.5, 2399
1695.5, 2591
1696.5, 2619
1697.5, 2363
1698.5, 2519
1699.5, 2467
1700.5, 2483
1701.5, 2504
1702.5, 2475
1703.5, 2563
1704.5, 2538
1705.5, 2614
1706.5, 2576
1707.5, 2496
1708.5, 2628
1709.5, 2619
1710.5, 2757
1711.5, 2497
1712.5, 2611
1713.5, 2457
1714.5, 2850
1715.5, 2465
1716.5, 2830
1717.5, 2674
1718.5, 2679
1719.5, 2657
1720.5, 2600
1721.5, 2859
1722.5, 2635
1723.5, 2868
1724.5, 2676
1725.5, 2658
1726.5, 2841
1727.5, 2849
1728.5, 2752
1729.5, 2799
1730.5, 2862
1731.5, 2669
1732.5, 2717
1733.5, 2926
1734.5, 2808
1735.5, 2834
1736.5, 2829
1737.5, 2873
1738.5, 2850
1739.5, 3004
1740.5, 2935
1741.5, 2677
1742.5, 2806
1743.5, 3002
1744.5, 2952
1745.5, 2896
1746.5, 2992
1747.5, 2786
1748.5, 3002
1749.5, 3054
1750.5, 3025
1751.5, 3002
1752.5, 2974
1753.5, 2974
1754.5, 3118
1755.5, 3123
1756.5, 2830
1757.5, 3213
1758.5, 3054
1759.5, 2885
1760.5, 3038
1761.5, 3173
1762.5, 3260
1763.5, 3003
1764.5, 3147
1765.5, 3074
1766.5, 3311
1767.5, 3102
1768.5, 3103
1769.5, 2881
1770.5, 3091
1771.5, 3278
1772.5, 2940
1773.5, 3102
1774.5, 2880
1775.5, 2821
1776.5, 3165
1777.5, 2899
1778.5, 2794
1779.5, 2814
1780.5, 2808
1781.5, 2651
1782.5, 2771
1783.5, 2631
1784.5, 2477
1785.5, 2430
1786.5, 2305
1787.5, 2222
1788.5, 2250
1789.5, 2056
1790.5, 2157
1791.5, 1993
1792.5, 2109
1793.5, 1969
1794.5, 2091
1795.5, 2078
1796.5, 1929
1797.5, 1952
1798.5, 1981
1799.5, 1987
1800.5, 1938
1801.5, 1876
1802.5, 1858
1803.5, 1915
1804.5, 1848
1805.5, 1786
1806.5, 1870
1807.5, 1822
1808.5, 1839
1809.5, 1879
1810.5, 1647
1811.5, 1900
1812.5, 1758
1813.5, 1793
1814.5, 1734
1815.5, 1730
1816.5, 1610
1817.5, 1751
1818.5, 1766
1819.5, 1652
1820.5, 1761
1821.5, 1699
1822.5, 1686
1823.5, 1547
1824.5, 1654
1825.5, 1710
1826.5, 1688
1827.5, 1582
1828.5, 1598
1829.5, 1570
1830.5, 1616
1831.5, 1618
1832.5, 1532
1833.5, 1548
1834.5, 1520
1835.5, 1483
1836.5, 1622
1837.5, 1552
1838.5, 1544
1839.5, 1497
1840.5, 1502
1841.5, 1460
1842.5, 1406
1843.5, 1515
1844.5, 1459
1845.5, 1490
1846.5, 1387
1847.5, 1477
1848.5, 1420
1849.5, 1519
1850.5, 1302
1851.5, 1370
1852.5, 1411
1853.5, 1411
1854.5, 1324
1855.5, 1236
1856.5, 1233
1857.5, 1325
1858.5, 1269
1859.5, 1270
1860.5, 1246
1861.5, 1298
1862.5, 1274
1863.5, 1317
1864.5, 1201
1865.5, 1138
1866.5, 1250
1867.5, 1094
1868.5, 1158
1869.5, 1114
1870.5, 1127
1871.5, 1086
1872.5, 1213
1873.5, 1039
1874.5, 1113
1875.5, 1085
1876.5, 1064
1877.5, 1050
1878.5, 1039
1879.5, 989
1880.5, 974
1881.5, 979
1882.5, 884
1883.5, 985
1884.5, 831
1885.5, 932
1886.5, 873
1887.5, 879
1888.5, 846
1889.5, 836
1890.5, 848
1891.5, 811
1892.5, 824
1893.5, 730
1894.5, 770
1895.5, 730
1896.5, 692
1897.5, 714
1898.5, 701
1899.5, 640
1900.5, 647
1901.5, 663
1902.5, 652
1903.5, 611
1904.5, 646
1905.5, 636
1906.5, 600
1907.5, 551
1908.5, 516
1909.5, 598
1910.5, 528
1911.5, 541
1912.5, 544
1913.5, 534
1914.5, 494
1915.5, 523
1916.5, 549
1917.5, 461
1918.5, 479
1919.5, 420
1920.5, 497
1921.5, 451
1922.5, 428
1923.5, 471
1924.5, 442
1925.5, 427
1926.5, 449
1927.5, 435
1928.5, 473
1929.5, 458
1930.5, 445
1931.5, 401
1932.5, 436
1933.5, 429
1934.5, 410
1935.5, 383
1936.5, 403
1937.5, 380
1938.5, 379
1939.5, 387
1940.5, 397
1941.5, 383
1942.5, 362
1943.5, 404
1944.5, 379
1945.5, 361
1946.5, 356
1947.5, 405
1948.5, 348
1949.5, 340
1950.5, 383
1951.5, 356
1952.5, 388
1953.5, 350
1954.5, 329
1955.5, 364
1956.5, 356
1957.5, 402
1958.5, 349
1959.5, 319
1960.5, 390
1961.5, 342
1962.5, 344
1963.5, 372
1964.5, 370
1965.5, 307
1966.5, 395
1967.5, 321
1968.5, 364
1969.5, 346
1970.5, 329
1971.5, 288
1972.5, 310
1973.5, 314
1974.5, 325
1975.5, 375
1976.5, 302
1977.5, 340
1978.5, 319
1979.5, 326
1980.5, 276
1981.5, 355
1982.5, 317
1983.5, 364
1984.5, 303
1985.5, 363
1986.5, 363
1987.5, 383
1988.5, 383
1989.5, 377
1990.5, 382
1991.5, 403
1992.5, 403
1993.5, 429
1994.5, 425
1995.5, 467
1996.5, 504
1997.5, 547
1998.5, 670
1999.5, 731
2000.5, 933
2001.5, 1295
2002.5, 2217
2003.5, 3506
2004.5, 6406
2005.5, 10190
2006.5, 13474
2007.5, 17042
2008.5, 19081
2009.5, 26591
2010.5, 33465
2011.5, 44656
2012.5, 52746
2013.5, 39186
2014.5, 20766
2015.5, 7450
2016.5, 3849
2017.5, 2666
2018.5, 2162
2019.5, 1631
2020.5, 1307
2021.5, 1153
2022.5, 940
2023.5, 777
2024.5, 723
2025.5, 643
2026.5, 600
2027.5, 492
2028.5, 519
2029.5, 373
2030.5, 398
2031.5, 383
2032.5, 342
2033.5, 273
2034.5, 256
2035.5, 259
2036.5, 210
2037.5, 247
2038.5, 161
2039.5, 157
2040.5, 160
2041.5, 164
2042.5, 171
2043.5, 145
2044.5, 163
2045.5, 132
2046.5, 122
2047.5, 135
2048.5, 166
2049.5, 142
2050.5, 139
2051.5, 113
2052.5, 148
2053.5, 131
2054.5, 135
2055.5, 149
2056.5, 169
2057.5, 169
2058.5, 194
2059.5, 230
2060.5, 263
2061.5, 312
2062.5, 299
2063.5, 349
2064.5, 400
2065.5, 420
2066.5, 419
2067.5, 371
2068.5, 302
2069.5, 193
2070.5, 155
2071.5, 159
2072.5, 135
2073.5, 152
2074.5, 160
2075.5, 127
2076.5, 135
2077.5, 170
2078.5, 144
2079.5, 167
2080.5, 143
2081.5, 163
2082.5, 121
2083.5, 162
2084.5, 147
2085.5, 159
2086.5, 135
2087.5, 168
2088.5, 153
2089.5, 159
2090.5, 157
2091.5, 161
2092.5, 130
2093.5, 144
2094.5, 162
2095.5, 135
2096.5, 129
2097.5, 143
2098.5, 127
2099.5, 133
2100.5, 140
2101.5, 143
2102.5, 136
2103.5, 132
2104.5, 134
2105.5, 126
2106.5, 152
2107.5, 149
2108.5, 151
2109.5, 126
2110.5, 160
2111.5, 142
2112.5, 133
2113.5, 145
2114.5, 135
2115.5, 118
2116.5, 150
2117.5, 161
2118.5, 136
2119.5, 147
2120.5, 131
2121.5, 142
2122.5, 152
2123.5, 136
2124.5, 162
2125.5, 145
2126.5, 135
2127.5, 141
2128.5, 148
2129.5, 151
2130.5, 137
2131.5, 144
2132.5, 115
2133.5, 145
2134.5, 146
2135.5, 158
2136.5, 146
2137.5, 151
2138.5, 139
2139.5, 140
2140.5, 152
2141.5, 161
2142.5, 154
2143.5, 168
2144.5, 144
2145.5, 141
2146.5, 156
2147.5, 158
2148.5, 131
2149.5, 139
2150.5, 136
2151.5, 148
2152.5, 143
2153.5, 146
2154.5, 172
2155.5, 141
2156.5, 140
2157.5, 152
2158.5, 155
2159.5, 132
2160.5, 159
2161.5, 161
2162.5, 128
2163.5, 131
2164.5, 153
2165.5, 157
2166.5, 146
2167.5, 148
2168.5, 146
2169.5, 149
2170.5, 137
2171.5, 142
2172.5, 149
2173.5, 147
2174.5, 193
2175.5, 133
2176.5, 150
2177.5, 145
2178.5, 165
2179.5, 151
2180.5, 146
2181.5, 141
2182.5, 144
2183.5, 158
2184.5, 158
2185.5, 160
2186.5, 132
2187.5, 164
2188.5, 155
2189.5, 137
2190.5, 150
2191.5, 149
2192.5, 148
2193.5, 173
2194.5, 168
2195.5, 145
2196.5, 149
2197.5, 142
2198.5, 166
2199.5, 159
2200.5, 156
2201.5, 145
2202.5, 155
2203.5, 155
2204.5, 136
2205.5, 161
2206.5, 141
2207.5, 135
2208.5, 169
2209.5, 149
2210.5, 156
2211.5, 148
2212.5, 167
2213.5, 156
2214.5, 157
2215.5, 166
2216.5, 157
2217.5, 117
2218.5, 158
2219.5, 150
2220.5, 178
2221.5, 160
2222.5, 165
2223.5, 148
2224.5, 140
2225.5, 169
2226.5, 156
2227.5, 146
2228.5, 144
2229.5, 165
2230.5, 130
2231.5, 150
2232.5, 147
2233.5, 153
2234.5, 163
2235.5, 148
2236.5, 126
2237.5, 152
2238.5, 157
2239.5, 177
2240.5, 158
2241.5, 146
2242.5, 165
2243.5, 165
2244.5, 159
2245.5, 148
2246.5, 149
2247.5, 161
2248.5, 141
2249.5, 157
2250.5, 171
2251.5, 146
2252.5, 177
2253.5, 144
2254.5, 159
2255.5, 153
2256.5, 131
2257.5, 147
2258.5, 155
2259.5, 171
2260.5, 154
2261.5, 161
2262.5, 170
2263.5, 152
2264.5, 166
2265.5, 156
2266.5, 155
2267.5, 126
2268.5, 163
2269.5, 171
2270.5, 152
2271.5, 176
2272.5, 143
2273.5, 172
2274.5, 147
2275.5, 144
2276.5, 198
2277.5, 115
2278.5, 156
2279.5, 144
2280.5, 178
2281.5, 171
2282.5, 156
2283.5, 174
2284.5, 161
2285.5, 151
2286.5, 186
2287.5, 177
2288.5, 155
2289.5, 171
2290.5, 176
2291.5, 146
2292.5, 194
2293.5, 178
2294.5, 150
2295.5, 177
2296.5, 184
2297.5, 175
2298.5, 189
2299.5, 169
2300.5, 166
2301.5, 183
2302.5, 196
2303.5, 173
2304.5, 187
2305.5, 151
2306.5, 187
2307.5, 171
2308.5, 183
2309.5, 179
2310.5, 191
2311.5, 182
2312.5, 168
2313.5, 202
2314.5, 169
2315.5, 170
2316.5, 179
2317.5, 169
2318.5, 198
2319.5, 174
2320.5, 171
2321.5, 173
2322.5, 163
2323.5, 195
2324.5, 188
2325.5, 177
2326.5, 205
2327.5, 172
2328.5, 168
2329.5, 176
2330.5, 176
2331.5, 172
2332.5, 188
2333.5, 178
2334.5, 200
2335.5, 175
2336.5, 166
2337.5, 172
2338.5, 150
2339.5, 155
2340.5, 186
2341.5, 152
2342.5, 143
2343.5, 136
2344.5, 162
2345.5, 147
2346.5, 124
2347.5, 132
2348.5, 133
2349.5, 149
2350.5, 146
2351.5, 135
2352.5, 140
2353.5, 125
2354.5, 121
2355.5, 136
2356.5, 122
2357.5, 156
2358.5, 126
2359.5, 113
2360.5, 102
2361.5, 109
2362.5, 108
2363.5, 129
2364.5, 100
2365.5, 117
2366.5, 124
2367.5, 124
2368.5, 108
2369.5, 127
2370.5, 117
2371.5, 127
2372.5, 111
2373.5, 109
2374.5, 96
2375.5, 112
2376.5, 112
2377.5, 109
2378.5, 100
2379.5, 120
2380.5, 104
2381.5, 129
2382.5, 99
2383.5, 108
2384.5, 114
2385.5, 104
2386.5, 97
2387.5, 123
2388.5, 106
2389.5, 110
2390.5, 94
2391.5, 89
2392.5, 119
2393.5, 105
2394.5, 129
2395.5, 107
2396.5, 102
2397.5, 115
2398.5, 97
2399.5, 103
2400.5, 87
2401.5, 114
2402.5, 87
2403.5, 107
2404.5, 107
2405.5, 92
2406.5, 88
2407.5, 108
2408.5, 96
2409.5, 86
2410.5, 123
2411.5, 110
2412.5, 83
2413.5, 76
2414.5, 98
2415.5, 88
2416.5, 101
2417.5, 97
2418.5, 86
2419.5, 95
2420.5, 83
2421.5, 99
2422.5, 98
2423.5, 92
2424.5, 85
2425.5, 81
2426.5, 78
2427.5, 82
2428.5, 92
2429.5, 90
2430.5, 93
2431.5, 58
2432.5, 77
2433.5, 72
2434.5, 67
2435.5, 68
2436.5, 61
2437.5, 63
2438.5, 84
2439.5, 70
2440.5, 80
2441.5, 66
2442.5, 76
2443.5, 72
2444.5, 62
2445.5, 43
2446.5, 58
2447.5, 55
2448.5, 72
2449.5, 48
2450.5, 44
2451.5, 54
2452.5, 52
2453.5, 50
2454.5, 39
2455.5, 45
2456.5, 40
2457.5, 53
2458.5, 55
2459.5, 50
2460.5, 49
2461.5, 55
2462.5, 52
2463.5, 55
2464.5, 36
2465.5, 49
2466.5, 38
2467.5, 41
2468.5, 35
2469.5, 32
2470.5, 36
2471.5, 34
2472.5, 37
2473.5, 39
2474.5, 39
2475.5, 33
2476.5, 40
2477.5, 40
2478.5, 36
2479.5, 34
2480.5, 29
2481.5, 41
2482.5, 31
2483.5, 33
2484.5, 33
2485.5, 35
2486.5, 49
2487.5, 23
2488.5, 29
2489.5, 47
2490.5, 25
2491.5, 34
2492.5, 28
2493.5, 23
2494.5, 33
2495.5, 41
2496.5, 26
2497.5, 31
2498.5, 31
2499.5, 25
2500.5, 38
2501.5, 28
2502.5, 34
2503.5, 36
2504.5, 33
2505.5, 38
2506.5, 26
2507.5, 33
2508.5, 35
2509.5, 35
2510.5, 27
2511.5, 27
2512.5, 39
2513.5, 53
2514.5, 61
2515.5, 43
2516.5, 35
2517.5, 36
2518.5, 35
2519.5, 29
2520.5, 31
2521.5, 31
2522.5, 23
2523.5, 31
2524.5, 22
2525.5, 25
2526.5, 24
2527.5, 27
2528.5, 20
2529.5, 21
2530.5, 31
2531.5, 29
2532.5, 19
2533.5, 21
2534.5, 30
2535.5, 28
2536.5, 24
2537.5, 31
2538.5, 28
2539.5, 20
2540.5, 32
2541.5, 26
2542.5, 32
2543.5, 22
2544.5, 24
2545.5, 25
2546.5, 20
2547.5, 30
2548.5, 26
2549.5, 29
2550.5, 26
2551.5, 25
2552.5, 31
2553.5, 30
2554.5, 37
2555.5, 44
2556.5, 29
2557.5, 37
2558.5, 65
2559.5, 83
2560.5, 95
2561.5, 124
2562.5, 261
2563.5, 424
2564.5, 585
2565.5, 903
2566.5, 935
2567.5, 876
2568.5, 700
2569.5, 525
2570.5, 444
2571.5, 321
2572.5, 340
2573.5, 481
2574.5, 833
2575.5, 1139
2576.5, 1724
2577.5, 1662
2578.5, 1207
2579.5, 672
2580.5, 263
2581.5, 122
2582.5, 80
2583.5, 74
2584.5, 96
2585.5, 129
2586.5, 136
2587.5, 136
2588.5, 133
2589.5, 132
2590.5, 105
2591.5, 66
2592.5, 62
2593.5, 53
2594.5, 73
2595.5, 96
2596.5, 136
2597.5, 202
2598.5, 201
2599.5, 169
2600.5, 96
2601.5, 48
2602.5, 32
2603.5, 19
2604.5, 16
2605.5, 13
2606.5, 15
2607.5, 10
2608.5, 14
2609.5, 18
2610.5, 17
2611.5, 15
2612.5, 23
2613.5, 24
2614.5, 22
2615.5, 13
2616.5, 28
2617.5, 16
2618.5, 12
2619.5, 8
2620.5, 15
2621.5, 12
2622.5, 9
2623.5, 6
2624.5, 11
2625.5, 10
2626.5, 8
2627.5, 6
2628.5, 17
2629.5, 10
2630.5, 8
2631.5, 6
2632.5, 10
2633.5, 9
2634.5, 10
2635.5, 11
2636.5, 8
2637.5, 12
2638.5, 13
2639.5, 10
2640.5, 11
2641.5, 14
2642.5, 18
2643.5, 6
2644.5, 7
2645.5, 10
2646.5, 11
2647.5, 12
2648.5, 7
2649.5, 8
2650.5, 7
2651.5, 15
2652.5, 12
2653.5, 13
2654.5, 6
2655.5, 15
2656.5, 8
2657.5, 9
2658.5, 14
2659.5, 13
2660.5, 11
2661.5, 13
2662.5, 9
2663.5, 16
2664.5, 7
2665.5, 5
2666.5, 15
2667.5, 3
2668.5, 12
2669.5, 17
2670.5, 10
2671.5, 12
2672.5, 11
2673.5, 12
2674.5, 14
2675.5, 16
2676.5, 12
2677.5, 12
2678.5, 9
2679.5, 6
2680.5, 6
2681.5, 9
2682.5, 9
2683.5, 12
2684.5, 6
2685.5, 8
2686.5, 6
2687.5, 9
2688.5, 9
2689.5, 16
2690.5, 16
2691.5, 13
2692.5, 13
2693.5, 15
2694.5, 11
2695.5, 13
2696.5, 14
2697.5, 6
2698.5, 9
2699.5, 12
2700.5, 12
2701.5, 7
2702.5, 15
2703.5, 15
2704.5, 20
2705.5, 13
2706.5, 14
2707.5, 13
2708.5, 10
2709.5, 4
2710.5, 14
2711.5, 8
2712.5, 14
2713.5, 17
2714.5, 13
2715.5, 9
2716.5, 14
2717.5, 10
2718.5, 12
2719.5, 15
2720.5, 10
2721.5, 10
2722.5, 14
2723.5, 15
2724.5, 15
2725.5, 13
2726.5, 18
2727.5, 20
2728.5, 11
2729.5, 9
2730.5, 6
2731.5, 10
2732.5, 9
2733.5, 7
2734.5, 15
2735.5, 13
2736.5, 12
2737.5, 8
2738.5, 11
2739.5, 9
2740.5, 12
2741.5, 16
2742.5, 6
2743.5, 11
2744.5, 8
2745.5, 8
2746.5, 11
2747.5, 8
2748.5, 7
2749.5, 9
2750.5, 12
2751.5, 10
2752.5, 10
2753.5, 8
2754.5, 7
2755.5, 7
2756.5, 6
2757.5, 11
2758.5, 8
2759.5, 4
2760.5, 12
2761.5, 6
2762.5, 9
2763.5, 11
2764.5, 6
2765.5, 10
2766.5, 8
2767.5, 7
2768.5, 8
2769.5, 2
2770.5, 7
2771.5, 4
2772.5, 4
2773.5, 6
2774.5, 4
2775.5, 9
2776.5, 5
2777.5, 8
2778.5, 2
2779.5, 9
2780.5, 10
2781.5, 6
2782.5, 10
2783.5, 3
2784.5, 7
2785.5, 9
2786.5, 6
2787.5, 3
2788.5, 5
2789.5, 3
2790.5, 7
2791.5, 7
2792.5, 7
2793.5, 11
2794.5, 6
2795.5, 9
2796.5, 7
2797.5, 8
2798.5, 8
2799.5, 8
2800.5, 9
2801.5, 8
2802.5, 7
2803.5, 5
2804.5, 2
2805.5, 4
2806.5, 5
2807.5, 6
2808.5, 6
2809.5, 4
2810.5, 6
2811.5, 6
2812.5, 2
2813.5, 5
2814.5, 7
2815.5, 4
2816.5, 3
2817.5, 3
2818.5, 7
2819.5, 10
2820.5, 2
2821.5, 7
2822.5, 6
2823.5, 4
2824.5, 7
2825.5, 10
2826.5, 8
2827.5, 7
2828.5, 3
2829.5, 3
2830.5, 4
2831.5, 9
2832.5, 8
2833.5, 5
2834.5, 8
2835.5, 5
2836.5, 7
2837.5, 11
2838.5, 6
2839.5, 10
2840.5, 8
2841.5, 14
2842.5, 12
2843.5, 8
2844.5, 4
2845.5, 13
2846.5, 6
2847.5, 5
2848.5, 9
2849.5, 5
2850.5, 8
2851.5, 4
2852.5, 7
2853.5, 6
2854.5, 7
2855.5, 17
2856.5, 8
2857.5, 16
2858.5, 11
2859.5, 10
2860.5, 14
2861.5, 8
2862.5, 8
2863.5, 9
2864.5, 2
2865.5, 8
2866.5, 3
2867.5, 5
2868.5, 9
2869.5, 7
2870.5, 4
2871.5, 10
2872.5, 1
2873.5, 8
2874.5, 9
2875.5, 4
2876.5, 5
2877.5, 8
2878.5, 4
2879.5, 4
2880.5, 3
2882.5, 1
2883.5, 2
2884.5, 4
2885.5, 2
2886.5, 1
2888.5, 3
2889.5, 3
2890.5, 1
2891.5, 1
2892.5, 2
2893.5, 5
2894.5, 2
2895.5, 1
2896.5, 2
2897.5, 2
2898.5, 2
2899.5, 1
2900.5, 2
2902.5, 1
2903.5, 1
2904.5, 1
2905.5, 1
2907.5, 1
2909.5, 1
2910.5, 2
2911.5, 1
2912.5, 1
2913.5, 1
2914.5, 3
2917.5, 1
2919.5, 1
2923.5, 1
2927.5, 3
2928.5, 2
2929.5, 1
2930.5, 2
2931.5, 1
2932.5, 2
2934.5, 2
2937.5, 1
2939.5, 2
2941.5, 3
2942.5, 2
2943.5, 1
2944.5, 2
2945.5, 1
2946.5, 1
2947.5, 1
2949.5, 1
2950.5, 2
2951.5, 2
2952.5, 1
2954.5, 1
2957.5, 1
2958.5, 1
2960.5, 1
2961.5, 2
2962.5, 2
2963.5, 2
2964.5, 1
2965.5, 1
2969.5, 3
2970.5, 1
2972.5, 3
2973.5, 1
2975.5, 1
2980.5, 2
2981.5, 2
2983.5, 1
2984.5, 1
2986.5, 1
2993.5, 1
2994.5, 1
2998.5, 1
