2, 4676
6, 1
10, 1
58, 1
62, 2
78, 3
82, 7
86, 13
90, 51
94, 134
98, 277
102, 489
106, 751
110, 1125
114, 1447
118, 1681
122, 1795
126, 1923
130, 1954
134, 1953
138, 1962
142, 1993
146, 2048
150, 2018
154, 2048
158, 2077
162, 2130
166, 2233
170, 2277
174, 2268
178, 2263
182, 2243
186, 2300
190, 2389
194, 2297
198, 2355
202, 2325
206, 2270
210, 2257
214, 2271
218, 2272
222, 2287
226, 2216
230, 2294
234, 2358
238, 2349
242, 2249
246, 2313
250, 2355
254, 2400
258, 2423
262, 2377
266, 2448
270, 2409
274, 2534
278, 2599
282, 2535
286, 2569
290, 2654
294, 2674
298, 2688
302, 2756
306, 2715
310, 2803
314, 2870
318, 2894
322, 2910
326, 3064
330, 3042
334, 3096
338, 3135
342, 3073
346, 3177
350, 3224
354, 3306
358, 3197
362, 3339
366, 3376
370, 3358
374, 3355
378, 3435
382, 3528
386, 3545
390, 3677
394, 3586
398, 3788
402, 3785
406, 3730
410, 3682
414, 3654
418, 3653
422, 3562
426, 3678
430, 3635
434, 3724
438, 3715
442, 3906
446, 3834
450, 3804
454, 3895
458, 3847
462, 3945
466, 3844
470, 3839
474, 3766
478, 3926
482, 3741
486, 3772
490, 3830
494, 3926
498, 3962
502, 3788
506, 3931
510, 3965
514, 3899
518, 3946
522, 3889
526, 3822
530, 3882
534, 3917
538, 3898
542, 3925
546, 3858
550, 3954
554, 3967
558, 3931
562, 4084
566, 4058
570, 3866
574, 4145
578, 4003
582, 4047
586, 4064
590, 4096
594, 3981
598, 3982
602, 4044
606, 3995
610, 4015
614, 4023
618, 3981
622, 4030
626, 3999
630, 3920
634, 3920
638, 3966
642, 4031
646, 3920
650, 3891
654, 4013
658, 3946
662, 3845
666, 3842
670, 3923
674, 3930
678, 3747
682, 3839
686, 3833
690, 3766
694, 3747
698, 3871
702, 3744
706, 3741
710, 3776
714, 3739
718, 3759
722, 3692
726, 3775
730, 3699
734, 3668
738, 3687
742, 3767
746, 3598
750, 3536
754, 3626
758, 3615
762, 3672
766, 3553
770, 3548
774, 3510
778, 3433
782, 3519
786, 3464
790, 3574
794, 3535
798, 3437
802, 3445
806, 3405
810, 3408
814, 3439
818, 3491
822, 3454
826, 3303
830, 3449
834, 3428
838, 3361
842, 3462
846, 3290
850, 3312
854, 3334
858, 3303
862, 3225
866, 3333
870, 3331
874, 3183
878, 3262
882, 3266
886, 3281
890, 3183
894, 3309
898, 3294
902, 3191
906, 3324
910, 3173
914, 3174
918, 3188
922, 3202
926, 3264
930, 3128
934, 3152
938, 3294
942, 3290
946, 3272
950, 3306
954, 3188
958, 3212
962, 3233
966, 3217
970, 3293
974, 3297
978, 3213
982, 3118
986, 3313
990, 3169
994, 3160
998, 3162
1002, 3198
1006, 2994
1010, 3088
1014, 3083
1018, 3011
1022, 3034
1026, 3019
1030, 3162
1034, 2980
1038, 3057
1042, 3038
1046, 3002
1050, 3030
1054, 3002
1058, 2985
1062, 2933
1066, 2998
1070, 2893
1074, 2936
1078, 2815
1082, 2849
1086, 2841
1090, 2770
1094, 2728
1098, 2706
1102, 2662
1106, 2636
1110, 2717
1114, 2735
1118, 2580
1122, 2646
1126, 2715
1130, 2584
1134, 2685
1138, 2649
1142, 2557
1146, 2508
1150, 2627
1154, 2476
1158, 2526
1162, 2526
1166, 2505
1170, 2485
1174, 2542
1178, 2441
1182, 2470
1186, 2430
1190, 2416
1194, 2486
1198, 2477
1202, 2502
1206, 2454
1210, 2425
1214, 2418
1218, 2422
1222, 2479
1226, 2308
1230, 2410
1234, 2372
1238, 2373
1242, 2436
1246, 2448
1250, 2306
1254, 2277
1258, 2433
1262, 2321
1266, 2295
1270, 2333
1274, 2331
1278, 2410
1282, 2334
1286, 2304
1290, 2244
1294, 2201
1298, 2188
1302, 2196
1306, 2140
1310, 2112
1314, 2150
1318, 2076
1322, 2150
1326, 2144
1330, 2144
1334, 2126
1338, 2064
1342, 2119
1346, 2115
1350, 2110
1354, 2055
1358, 2075
1362, 2131
1366, 2037
1370, 2114
1374, 2117
1378, 2027
1382, 2067
1386, 2061
1390, 2032
1394, 2073
1398, 1975
1402, 2044
1406, 2015
1410, 2003
1414, 2016
1418, 1876
1422, 2028
1426, 1917
1430, 1939
1434, 1929
1438, 1977
1442, 1959
1446, 1950
1450, 1888
1454, 1924
1458, 1906
1462, 1942
1466, 1915
1470, 1890
1474, 1912
1478, 1913
1482, 1894
1486, 1923
1490, 1869
1494, 1885
1498, 1837
1502, 1762
1506, 1673
1510, 1810
1514, 1775
1518, 1853
1522, 1768
1526, 1778
1530, 1816
1534, 1800
1538, 1818
1542, 1853
1546, 1846
1550, 1813
1554, 1779
1558, 1790
1562, 1737
1566, 1827
1570, 1904
1574, 1884
1578, 1801
1582, 1807
1586, 1694
1590, 1701
1594, 1676
1598, 1782
1602, 1772
1606, 1743
1610, 1695
1614, 1726
1618, 1757
1622, 1707
1626, 1711
1630, 1735
1634, 1727
1638, 1641
1642, 1706
1646, 1735
1650, 1690
1654, 1670
1658, 1738
1662, 1686
1666, 1614
1670, 1621
1674, 1547
1678, 1649
1682, 1631
1686, 1655
1690, 1673
1694, 1581
1698, 1665
1702, 1632
1706, 1636
1710, 1626
1714, 1612
1718, 1554
1722, 1575
1726, 1642
1730, 1597
1734, 1600
1738, 1598
1742, 1673
1746, 1670
1750, 1638
1754, 1683
1758, 1620
1762, 1633
1766, 1603
1770, 1597
1774, 1580
1778, 1522
1782, 1629
1786, 1559
1790, 1608
1794, 1612
1798, 1576
1802, 1603
1806, 1608
1810, 1668
1814, 1658
1818, 1664
1822, 1577
1826, 1573
1830, 1567
1834, 1639
1838, 1601
1842, 1579
1846, 1583
1850, 1625
1854, 1647
1858, 1544
1862, 1639
1866, 1719
1870, 1670
1874, 1821
1878, 1786
1882, 1673
1886, 1603
1890, 1628
1894, 1538
1898, 1519
1902, 1666
1906, 1572
1910, 1591
1914, 1554
1918, 1625
1922, 1630
1926, 1605
1930, 1579
1934, 1559
1938, 1641
1942, 1590
1946, 1613
1950, 1623
1954, 1611
1958, 1578
1962, 1540
1966, 1614
1970, 1649
1974, 1564
1978, 1607
1982, 1568
1986, 1619
1990, 1584
1994, 1518
1998, 1596
2002, 1644
2006, 1605
2010, 1579
2014, 1578
2018, 1627
2022, 1560
2026, 1597
2030, 1617
2034, 1598
2038, 1590
2042, 1703
2046, 1574
2050, 1685
2054, 1614
2058, 1619
2062, 1641
2066, 1632
2070, 1577
2074, 1543
2078, 1622
2082, 1542
2086, 1571
2090, 1564
2094, 1661
2098, 1540
2102, 1616
2106, 1471
2110, 1617
2114, 1579
2118, 1541
2122, 1636
2126, 1438
2130, 1529
2134, 1531
2138, 1459
2142, 1511
2146, 1582
2150, 1476
2154, 1486
2158, 1506
2162, 1481
2166, 1440
2170, 1389
2174, 1415
2178, 1318
2182, 1350
2186, 1265
2190, 1278
2194, 1248
2198, 1216
2202, 1215
2206, 1255
2210, 1232
2214, 1195
2218, 1196
2222, 1167
2226, 1174
2230, 1165
2234, 1125
2238, 1101
2242, 1127
2246, 1101
2250, 1054
2254, 1128
2258, 1127
2262, 1082
2266, 1089
2270, 1154
2274, 1111
2278, 1041
2282, 1068
2286, 1093
2290, 1077
2294, 1078
2298, 1064
2302, 1092
2306, 982
2310, 1012
2314, 1063
2318, 1007
2322, 971
2326, 1021
2330, 1072
2334, 986
2338, 945
2342, 903
2346, 995
2350, 999
2354, 996
2358, 1011
2362, 981
2366, 918
2370, 915
2374, 916
2378, 864
2382, 940
2386, 895
2390, 926
2394, 948
2398, 851
2402, 858
2406, 906
2410, 907
2414, 899
2418, 923
2422, 901
2426, 842
2430, 885
2434, 844
2438, 855
2442, 826
2446, 834
2450, 781
2454, 832
2458, 823
2462, 831
2466, 806
2470, 844
2474, 775
2478, 814
2482, 803
2486, 749
2490, 826
2494, 790
2498, 755
2502, 779
2506, 767
2510, 778
2514, 728
2518, 721
2522, 775
2526, 762
2530, 707
2534, 726
2538, 707
2542, 668
2546, 717
2550, 719
2554, 735
2558, 721
2562, 707
2566, 635
2570, 686
2574, 677
2578, 719
2582, 666
2586, 681
2590, 700
2594, 653
2598, 650
2602, 708
2606, 683
2610, 691
2614, 687
2618, 649
2622, 654
2626, 622
2630, 661
2634, 673
2638, 679
2642, 609
2646, 602
2650, 656
2654, 624
2658, 581
2662, 602
2666, 625
2670, 631
2674, 606
2678, 631
2682, 553
2686, 546
2690, 605
2694, 623
2698, 602
2702, 666
2706, 742
2710, 774
2714, 964
2718, 1076
2722, 1244
2726, 1182
2730, 992
2734, 857
2738, 742
2742, 635
2746, 568
2750, 589
2754, 544
2758, 558
2762, 541
2766, 505
2770, 516
2774, 549
2778, 515
2782, 533
2786, 516
2790, 502
2794, 514
2798, 570
2802, 468
2806, 522
2810, 490
2814, 547
2818, 545
2822, 460
2826, 495
2830, 494
2834, 508
2838, 489
2842, 475
2846, 462
2850, 515
2854, 473
2858, 489
2862, 477
2866, 482
2870, 452
2874, 485
2878, 432
2882, 438
2886, 460
2890, 485
2894, 465
2898, 442
2902, 480
2906, 459
2910, 443
2914, 460
2918, 496
2922, 427
2926, 439
2930, 458
2934, 437
2938, 493
2942, 447
2946, 451
2950, 489
2954, 464
2958, 452
2962, 465
2966, 442
2970, 453
2974, 424
2978, 457
2982, 418
2986, 483
2990, 651
2994, 1080
2998, 1631
3002, 2520
3006, 4046
3010, 4615
3014, 3328
3018, 1497
3022, 738
3026, 513
3030, 432
3034, 401
3038, 384
3042, 404
3046, 418
3050, 402
3054, 411
3058, 414
3062, 417
3066, 458
3070, 455
3074, 446
3078, 421
3082, 441
3086, 487
3090, 440
3094, 510
3098, 607
3102, 1467
3106, 3419
3110, 6514
3114, 11199
3118, 19102
3122, 24492
3126, 18678
3130, 8375
3134, 2962
3138, 1221
3142, 634
3146, 419
3150, 378
3154, 327
3158, 329
3162, 342
3166, 293
3170, 296
3174, 279
3178, 318
3182, 336
3186, 297
3190, 336
3194, 311
3198, 330
3202, 305
3206, 325
3210, 277
3214, 308
3218, 330
3222, 292
3226, 304
3230, 313
3234, 386
3238, 397
3242, 473
3246, 465
3250, 494
3254, 370
3258, 307
3262, 306
3266, 308
3270, 315
3274, 294
3278, 293
3282, 310
3286, 284
3290, 268
3294, 256
3298, 268
3302, 291
3306, 289
3310, 295
3314, 291
3318, 264
3322, 289
3326, 289
3330, 316
3334, 268
3338, 276
3342, 301
3346, 273
3350, 284
3354, 314
3358, 287
3362, 279
3366, 281
3370, 283
3374, 279
3378, 300
3382, 272
3386, 290
3390, 297
3394, 284
3398, 302
3402, 235
3406, 255
3410, 262
3414, 259
3418, 241
3422, 270
3426, 281
3430, 261
3434, 291
3438, 267
3442, 268
3446, 254
3450, 265
3454, 282
3458, 295
3462, 254
3466, 263
3470, 273
3474, 279
3478, 271
3482, 260
3486, 263
3490, 259
3494, 290
3498, 281
3502, 290
3506, 270
3510, 288
3514, 299
3518, 259
3522, 286
3526, 283
3530, 268
3534, 278
3538, 293
3542, 274
3546, 256
3550, 264
3554, 260
3558, 238
3562, 258
3566, 262
3570, 274
3574, 282
3578, 268
3582, 270
3586, 312
3590, 263
3594, 257
3598, 265
3602, 262
3606, 280
3610, 255
3614, 262
3618, 247
3622, 243
3626, 241
3630, 227
3634, 252
3638, 244
3642, 213
3646, 250
3650, 257
3654, 252
3658, 264
3662, 241
3666, 254
3670, 233
3674, 254
3678, 236
3682, 275
3686, 272
3690, 259
3694, 281
3698, 262
3702, 261
3706, 231
3710, 254
3714, 243
3718, 241
3722, 252
3726, 245
3730, 246
3734, 271
3738, 262
3742, 248
3746, 226
3750, 269
3754, 236
3758, 240
3762, 236
3766, 252
3770, 266
3774, 207
3778, 262
3782, 241
3786, 244
3790, 234
3794, 255
3798, 242
3802, 256
3806, 233
3810, 262
3814, 222
3818, 229
3822, 243
3826, 231
3830, 264
3834, 264
3838, 249
3842, 256
3846, 254
3850, 236
3854, 274
3858, 251
3862, 250
3866, 240
3870, 249
3874, 241
3878, 272
3882, 232
3886, 214
3890, 224
3894, 239
3898, 267
3902, 224
3906, 243
3910, 253
3914, 229
3918, 257
3922, 206
3926, 213
3930, 262
3934, 213
3938, 238
3942, 230
3946, 219
3950, 246
3954, 227
3958, 239
3962, 242
3966, 238
3970, 197
3974, 227
3978, 215
3982, 237
3986, 249
3990, 212
3994, 231
3998, 219
4002, 248
4006, 230
4010, 214
4014, 244
4018, 232
4022, 215
4026, 215
4030, 240
4034, 248
4038, 226
4042, 232
4046, 233
4050, 230
4054, 240
4058, 232
4062, 209
4066, 210
4070, 230
4074, 252
4078, 246
4082, 244
4086, 232
4090, 233
4094, 269
4098, 222
4102, 229
4106, 253
4110, 228
4114, 244
4118, 249
4122, 223
4126, 208
4130, 250
4134, 222
4138, 205
4142, 243
4146, 209
4150, 197
4154, 225
4158, 199
4162, 219
4166, 197
4170, 234
4174, 213
4178, 221
4182, 231
4186, 226
4190, 220
4194, 233
4198, 220
4202, 220
4206, 219
4210, 189
4214, 203
4218, 217
4222, 236
4226, 212
4230, 199
4234, 218
4238, 212
4242, 203
4246, 212
4250, 216
4254, 211
4258, 219
4262, 213
4266, 180
4270, 210
4274, 214
4278, 208
4282, 200
4286, 241
4290, 206
4294, 244
4298, 223
4302, 251
4306, 244
4310, 212
4314, 215
4318, 220
4322, 215
4326, 215
4330, 229
4334, 219
4338, 205
4342, 212
4346, 223
4350, 204
4354, 184
4358, 215
4362, 196
4366, 199
4370, 220
4374, 192
4378, 226
4382, 223
4386, 193
4390, 199
4394, 219
4398, 227
4402, 214
4406, 194
4410, 194
4414, 199
4418, 207
4422, 227
4426, 218
4430, 207
4434, 206
4438, 203
4442, 204
4446, 214
4450, 213
4454, 207
4458, 189
4462, 230
4466, 189
4470, 217
4474, 224
4478, 197
4482, 180
4486, 195
4490, 236
4494, 179
4498, 173
4502, 196
4506, 196
4510, 195
4514, 222
4518, 230
4522, 199
4526, 195
4530, 194
4534, 201
4538, 188
4542, 204
4546, 181
4550, 192
4554, 244
4558, 202
4562, 209
4566, 201
4570, 204
4574, 202
4578, 228
4582, 223
4586, 251
4590, 245
4594, 166
4598, 206
4602, 196
4606, 196
4610, 218
4614, 192
4618, 196
4622, 195
4626, 218
4630, 198
4634, 190
4638, 201
4642, 189
4646, 158
4650, 192
4654, 208
4658, 190
4662, 182
4666, 179
4670, 177
4674, 217
4678, 218
4682, 179
4686, 207
4690, 218
4694, 198
4698, 184
4702, 195
4706, 219
4710, 207
4714, 191
4718, 195
4722, 212
4726, 209
4730, 185
4734, 181
4738, 203
4742, 197
4746, 189
4750, 194
4754, 188
4758, 186
4762, 180
4766, 191
4770, 170
4774, 158
4778, 183
4782, 173
4786, 201
4790, 193
4794, 205
4798, 199
4802, 193
4806, 173
4810, 216
4814, 178
4818, 183
4822, 182
4826, 208
4830, 185
4834, 214
4838, 185
4842, 185
4846, 218
4850, 252
4854, 243
4858, 194
4862, 200
4866, 198
4870, 179
4874, 165
4878, 169
4882, 170
4886, 178
4890, 191
4894, 185
4898, 197
4902, 187
4906, 183
4910, 179
4914, 185
4918, 170
4922, 188
4926, 161
4930, 149
4934, 198
4938, 211
4942, 187
4946, 195
4950, 182
4954, 181
4958, 174
4962, 157
4966, 213
4970, 178
4974, 197
4978, 173
4982, 175
4986, 176
4990, 212
4994, 175
4998, 168
5002, 157
5006, 167
5010, 207
5014, 169
5018, 191
5022, 184
5026, 191
5030, 180
5034, 188
5038, 174
5042, 183
5046, 171
5050, 175
5054, 186
5058, 173
5062, 192
5066, 173
5070, 190
5074, 178
5078, 165
5082, 185
5086, 176
5090, 173
5094, 179
5098, 176
5102, 171
5106, 163
5110, 178
5114, 166
5118, 204
5122, 202
5126, 183
5130, 170
5134, 173
5138, 172
5142, 169
5146, 195
5150, 186
5154, 177
5158, 214
5162, 196
5166, 187
5170, 177
5174, 182
5178, 200
5182, 179
5186, 180
5190, 190
5194, 200
5198, 185
5202, 164
5206, 164
5210, 174
5214, 142
5218, 157
5222, 175
5226, 197
5230, 173
5234, 174
5238, 182
5242, 189
5246, 147
5250, 195
5254, 158
5258, 173
5262, 207
5266, 292
5270, 368
5274, 509
5278, 682
5282, 716
5286, 526
5290, 342
5294, 230
5298, 200
5302, 185
5306, 173
5310, 195
5314, 203
5318, 184
5322, 172
5326, 177
5330, 183
5334, 177
5338, 180
5342, 187
5346, 162
5350, 171
5354, 168
5358, 195
5362, 186
5366, 177
5370, 181
5374, 181
5378, 162
5382, 199
5386, 176
5390, 198
5394, 174
5398, 183
5402, 146
5406, 157
5410, 190
5414, 165
5418, 161
5422, 178
5426, 161
5430, 188
5434, 181
5438, 198
5442, 174
5446, 191
5450, 171
5454, 178
5458, 160
5462, 161
5466, 191
5470, 194
5474, 163
5478, 188
5482, 169
5486, 156
5490, 168
5494, 168
5498, 172
5502, 156
5506, 176
5510, 182
5514, 202
5518, 179
5522, 164
5526, 188
5530, 194
5534, 191
5538, 180
5542, 177
5546, 182
5550, 186
5554, 205
5558, 171
5562, 179
5566, 168
5570, 174
5574, 166
5578, 165
5582, 183
5586, 176
5590, 190
5594, 188
5598, 166
5602, 180
5606, 165
5610, 170
5614, 196
5618, 179
5622, 184
5626, 182
5630, 173
5634, 170
5638, 190
5642, 182
5646, 160
5650, 185
5654, 152
5658, 165
5662, 164
5666, 163
5670, 191
5674, 154
5678, 150
5682, 151
5686, 179
5690, 164
5694, 171
5698, 176
5702, 175
5706, 192
5710, 165
5714, 175
5718, 176
5722, 169
5726, 187
5730, 178
5734, 166
5738, 172
5742, 174
5746, 164
5750, 171
5754, 175
5758, 194
5762, 131
5766, 182
5770, 148
5774, 182
5778, 172
5782, 165
5786, 181
5790, 140
5794, 160
5798, 194
5802, 144
5806, 152
5810, 158
5814, 157
5818, 178
5822, 160
5826, 163
5830, 159
5834, 168
5838, 166
5842, 158
5846, 154
5850, 142
5854, 162
5858, 159
5862, 156
5866, 157
5870, 173
5874, 151
5878, 174
5882, 148
5886, 148
5890, 144
5894, 137
5898, 173
5902, 165
5906, 161
5910, 170
5914, 165
5918, 172
5922, 158
5926, 181
5930, 158
5934, 164
5938, 169
5942, 170
5946, 183
5950, 149
5954, 165
5958, 198
5962, 223
5966, 224
5970, 213
5974, 213
5978, 193
5982, 149
5986, 159
5990, 167
5994, 143
5998, 147
6002, 161
6006, 132
6010, 158
6014, 183
6018, 181
6022, 183
6026, 160
6030, 172
6034, 178
6038, 167
6042, 185
6046, 199
6050, 161
6054, 160
6058, 166
6062, 174
6066, 166
6070, 182
6074, 140
6078, 166
6082, 164
6086, 170
6090, 161
6094, 152
6098, 173
6102, 166
6106, 172
6110, 174
6114, 176
6118, 160
6122, 169
6126, 163
6130, 155
6134, 195
6138, 175
6142, 144
6146, 160
6150, 163
6154, 162
6158, 169
6162, 161
6166, 187
6170, 149
6174, 164
6178, 203
6182, 164
6186, 143
6190, 165
6194, 164
6198, 160
6202, 179
6206, 158
6210, 179
6214, 177
6218, 182
6222, 165
6226, 139
6230, 174
6234, 160
6238, 154
6242, 152
6246, 180
6250, 183
6254, 180
6258, 151
6262, 151
6266, 138
6270, 156
6274, 182
6278, 144
6282, 166
6286, 127
6290, 135
6294, 142
6298, 174
6302, 157
6306, 167
6310, 165
6314, 133
6318, 158
6322, 145
6326, 170
6330, 152
6334, 156
6338, 160
6342, 165
6346, 135
6350, 164
6354, 140
6358, 158
6362, 183
6366, 164
6370, 163
6374, 150
6378, 158
6382, 166
6386, 144
6390, 168
6394, 192
6398, 149
6402, 154
6406, 187
6410, 132
6414, 169
6418, 182
6422, 187
6426, 153
6430, 167
6434, 164
6438, 168
6442, 155
6446, 185
6450, 144
6454, 157
6458, 132
6462, 149
6466, 158
6470, 143
6474, 165
6478, 164
6482, 152
6486, 165
6490, 156
6494, 165
6498, 173
6502, 162
6506, 160
6510, 148
6514, 152
6518, 150
6522, 169
6526, 167
6530, 147
6534, 143
6538, 174
6542, 158
6546, 134
6550, 148
6554, 163
6558, 179
6562, 164
6566, 150
6570, 156
6574, 145
6578, 162
6582, 168
6586, 183
6590, 168
6594, 187
6598, 185
6602, 153
6606, 162
6610, 176
6614, 172
6618, 147
6622, 149
6626, 150
6630, 171
6634, 140
6638, 152
6642, 167
6646, 169
6650, 158
6654, 168
6658, 178
6662, 150
6666, 150
6670, 151
6674, 150
6678, 172
6682, 146
6686, 163
6690, 163
6694, 171
6698, 181
6702, 190
6706, 161
6710, 184
6714, 145
6718, 160
6722, 155
6726, 163
6730, 168
6734, 164
6738, 187
6742, 155
6746, 135
6750, 144
6754, 167
6758, 155
6762, 146
6766, 147
6770, 139
6774, 152
6778, 153
6782, 159
6786, 184
6790, 157
6794, 147
6798, 154
6802, 175
6806, 185
6810, 142
6814, 164
6818, 163
6822, 163
6826, 149
6830, 166
6834, 181
6838, 179
6842, 178
6846, 142
6850, 153
6854, 144
6858, 160
6862, 147
6866, 176
6870, 160
6874, 173
6878, 175
6882, 146
6886, 193
6890, 164
6894, 209
6898, 240
6902, 356
6906, 346
6910, 351
6914, 284
6918, 197
6922, 168
6926, 169
6930, 168
6934, 155
6938, 156
6942, 170
6946, 151
6950, 155
6954, 160
6958, 174
6962, 188
6966, 147
6970, 170
6974, 162
6978, 152
6982, 160
6986, 140
6990, 144
6994, 189
6998, 159
7002, 162
7006, 159
7010, 176
7014, 153
7018, 161
7022, 169
7026, 166
7030, 163
7034, 163
7038, 158
7042, 146
7046, 176
7050, 152
7054, 155
7058, 149
7062, 153
7066, 180
7070, 187
7074, 175
7078, 167
7082, 161
7086, 146
7090, 134
7094, 160
7098, 167
7102, 180
7106, 143
7110, 170
7114, 180
7118, 163
7122, 143
7126, 145
7130, 173
7134, 179
7138, 146
7142, 182
7146, 153
7150, 170
7154, 160
7158, 137
7162, 199
7166, 171
7170, 139
7174, 173
7178, 160
7182, 162
7186, 170
7190, 140
7194, 151
7198, 167
7202, 157
7206, 156
7210, 142
7214, 148
7218, 150
7222, 176
7226, 151
7230, 134
7234, 129
7238, 151
7242, 170
7246, 167
7250, 162
7254, 165
7258, 160
7262, 144
7266, 141
7270, 173
7274, 166
7278, 159
7282, 180
7286, 168
7290, 157
7294, 162
7298, 168
7302, 147
7306, 153
7310, 178
7314, 174
7318, 157
7322, 165
7326, 157
7330, 160
7334, 153
7338, 158
7342, 187
7346, 168
7350, 164
7354, 159
7358, 158
7362, 162
7366, 133
7370, 152
7374, 157
7378, 138
7382, 152
7386, 155
7390, 163
7394, 153
7398, 152
7402, 149
7406, 165
7410, 174
7414, 162
7418, 165
7422, 172
7426, 148
7430, 151
7434, 141
7438, 171
7442, 148
7446, 138
7450, 162
7454, 144
7458, 145
7462, 166
7466, 142
7470, 185
7474, 164
7478, 172
7482, 153
7486, 154
7490, 184
7494, 181
7498, 173
7502, 164
7506, 181
7510, 149
7514, 146
7518, 159
7522, 143
7526, 163
7530, 140
7534, 163
7538, 165
7542, 166
7546, 165
7550, 150
7554, 134
7558, 160
7562, 161
7566, 145
7570, 154
7574, 191
7578, 178
7582, 149
7586, 185
7590, 170
7594, 154
7598, 174
7602, 144
7606, 175
7610, 156
7614, 156
7618, 162
7622, 171
7626, 179
7630, 181
7634, 163
7638, 166
7642, 148
7646, 179
7650, 144
7654, 156
7658, 179
7662, 200
7666, 154
7670, 154
7674, 145
7678, 179
7682, 167
7686, 161
7690, 146
7694, 194
7698, 168
7702, 156
7706, 159
7710, 164
7714, 151
7718, 157
7722, 167
7726, 174
7730, 183
7734, 163
7738, 147
7742, 151
7746, 161
7750, 172
7754, 155
7758, 156
7762, 163
7766, 218
7770, 253
7774, 332
7778, 363
7782, 340
7786, 247
7790, 183
7794, 198
7798, 141
7802, 162
7806, 181
7810, 135
7814, 144
7818, 162
7822, 147
7826, 155
7830, 150
7834, 165
7838, 154
7842, 176
7846, 158
7850, 155
7854, 175
7858, 185
7862, 172
7866, 164
7870, 196
7874, 174
7878, 159
7882, 146
7886, 175
7890, 179
7894, 181
7898, 164
7902, 180
7906, 145
7910, 170
7914, 147
7918, 162
7922, 161
7926, 168
7930, 158
7934, 197
7938, 165
7942, 184
7946, 189
7950, 158
7954, 176
7958, 172
7962, 159
7966, 188
7970, 169
7974, 197
7978, 211
7982, 238
7986, 326
7990, 448
7994, 518
7998, 582
8002, 556
8006, 540
8010, 368
8014, 291
8018, 223
8022, 199
8026, 217
8030, 165
8034, 191
8038, 177
8042, 160
8046, 147
8050, 188
8054, 184
8058, 185
8062, 165
8066, 177
8070, 186
8074, 167
8078, 161
8082, 196
8086, 189
8090, 158
8094, 166
8098, 176
8102, 175
8106, 170
8110, 179
8114, 198
8118, 175
8122, 173
8126, 171
8130, 150
8134, 178
8138, 173
8142, 176
8146, 168
8150, 185
8154, 192
8158, 171
8162, 169
8166, 180
8170, 156
8174, 165
8178, 166
8182, 163
8186, 181
8190, 187
8194, 181
8198, 166
8202, 168
8206, 184
8210, 171
8214, 182
8218, 176
8222, 176
8226, 173
8230, 183
8234, 196
8238, 183
8242, 175
8246, 203
8250, 187
8254, 191
8258, 192
8262, 207
8266, 199
8270, 214
8274, 195
8278, 233
8282, 215
8286, 233
8290, 233
8294, 227
8298, 185
8302, 195
8306, 174
8310, 178
8314, 182
8318, 194
8322, 206
8326, 175
8330, 185
8334, 179
8338, 200
8342, 184
8346, 190
8350, 195
8354, 186
8358, 170
8362, 171
8366, 186
8370, 174
8374, 171
8378, 185
8382, 180
8386, 193
8390, 209
8394, 207
8398, 196
8402, 171
8406, 192
8410, 205
8414, 189
8418, 174
8422, 172
8426, 182
8430, 185
8434, 212
8438, 195
8442, 164
8446, 211
8450, 209
8454, 189
8458, 192
8462, 202
8466, 209
8470, 193
8474, 204
8478, 184
8482, 198
8486, 204
8490, 210
8494, 204
8498, 186
8502, 206
8506, 182
8510, 189
8514, 192
8518, 170
8522, 194
8526, 204
8530, 227
8534, 188
8538, 181
8542, 225
8546, 219
8550, 209
8554, 202
8558, 208
8562, 188
8566, 219
8570, 216
8574, 172
8578, 192
8582, 205
8586, 204
8590, 208
8594, 225
8598, 223
8602, 223
8606, 204
8610, 208
8614, 224
8618, 212
8622, 232
8626, 214
8630, 208
8634, 207
8638, 205
8642, 188
8646, 228
8650, 203
8654, 199
8658, 204
8662, 218
8666, 205
8670, 245
8674, 188
8678, 205
8682, 198
8686, 201
8690, 200
8694, 191
8698, 217
8702, 204
8706, 222
8710, 189
8714, 216
8718, 205
8722, 202
8726, 220
8730, 206
8734, 220
8738, 234
8742, 198
8746, 213
8750, 240
8754, 213
8758, 189
8762, 208
8766, 215
8770, 196
8774, 213
8778, 244
8782, 207
8786, 226
8790, 265
8794, 216
8798, 217
8802, 249
8806, 211
8810, 211
8814, 227
8818, 232
8822, 211
8826, 230
8830, 219
8834, 221
8838, 250
8842, 230
8846, 234
8850, 226
8854, 203
8858, 257
8862, 195
8866, 229
8870, 237
8874, 238
8878, 209
8882, 211
8886, 228
8890, 229
8894, 231
8898, 226
8902, 234
8906, 230
8910, 219
8914, 224
8918, 222
8922, 240
8926, 201
8930, 233
8934, 247
8938, 255
8942, 256
8946, 246
8950, 226
8954, 241
8958, 248
8962, 205
8966, 245
8970, 234
8974, 274
8978, 253
8982, 294
8986, 254
8990, 213
8994, 226
8998, 269
9002, 254
9006, 263
9010, 262
9014, 232
9018, 264
9022, 264
9026, 253
9030, 234
9034, 221
9038, 283
9042, 273
9046, 259
9050, 212
9054, 230
9058, 230
9062, 247
9066, 254
9070, 267
9074, 235
9078, 259
9082, 265
9086, 230
9090, 255
9094, 273
9098, 280
9102, 285
9106, 262
9110, 285
9114, 280
9118, 271
9122, 254
9126, 269
9130, 239
9134, 286
9138, 251
9142, 256
9146, 253
9150, 257
9154, 251
9158, 261
9162, 247
9166, 271
9170, 270
9174, 255
9178, 281
9182, 291
9186, 243
9190, 287
9194, 262
9198, 292
9202, 270
9206, 255
9210, 300
9214, 314
9218, 279
9222, 282
9226, 317
9230, 261
9234, 279
9238, 284
9242, 285
9246, 299
9250, 288
9254, 293
9258, 292
9262, 280
9266, 297
9270, 266
9274, 273
9278, 281
9282, 299
9286, 302
9290, 288
9294, 313
9298, 319
9302, 307
9306, 265
9310, 310
9314, 285
9318, 313
9322, 287
9326, 308
9330, 290
9334, 285
9338, 325
9342, 317
9346, 275
9350, 311
9354, 292
9358, 279
9362, 318
9366, 257
9370, 328
9374, 277
9378, 311
9382, 309
9386, 333
9390, 344
9394, 341
9398, 356
9402, 335
9406, 347
9410, 318
9414, 307
9418, 277
9422, 305
9426, 318
9430, 300
9434, 299
9438, 293
9442, 307
9446, 322
9450, 308
9454, 320
9458, 324
9462, 276
9466, 323
9470, 297
9474, 296
9478, 323
9482, 293
9486, 286
9490, 317
9494, 262
9498, 255
9502, 276
9506, 258
9510, 287
9514, 244
9518, 263
9522, 232
9526, 237
9530, 196
9534, 221
9538, 227
9542, 226
9546, 189
9550, 219
9554, 194
9558, 191
9562, 217
9566, 209
9570, 198
9574, 189
9578, 203
9582, 187
9586, 189
9590, 183
9594, 206
9598, 204
9602, 213
9606, 202
9610, 170
9614, 214
9618, 178
9622, 190
9626, 155
9630, 159
9634, 166
9638, 182
9642, 188
9646, 177
9650, 183
9654, 175
9658, 179
9662, 186
9666, 168
9670, 203
9674, 168
9678, 167
9682, 167
9686, 193
9690, 165
9694, 171
9698, 178
9702, 180
9706, 177
9710, 188
9714, 149
9718, 182
9722, 175
9726, 158
9730, 162
9734, 153
9738, 152
9742, 167
9746, 149
9750, 142
9754, 164
9758, 172
9762, 166
9766, 169
9770, 166
9774, 172
9778, 148
9782, 155
9786, 166
9790, 179
9794, 143
9798, 163
9802, 140
9806, 132
9810, 155
9814, 159
9818, 146
9822, 164
9826, 139
9830, 146
9834, 162
9838, 159
9842, 156
9846, 152
9850, 131
9854, 173
9858, 144
9862, 141
9866, 128
9870, 143
9874, 173
9878, 149
9882, 143
9886, 150
9890, 133
9894, 120
9898, 161
9902, 131
9906, 140
9910, 141
9914, 129
9918, 125
9922, 148
9926, 109
9930, 135
9934, 140
9938, 103
9942, 119
9946, 119
9950, 103
9954, 126
9958, 130
9962, 102
9966, 99
9970, 126
9974, 118
9978, 112
9982, 119
9986, 106
9990, 108
9994, 107
9998, 101
10002, 95
10006, 103
10010, 116
10014, 91
10018, 84
10022, 118
10026, 91
10030, 107
10034, 86
10038, 106
10042, 89
10046, 84
10050, 78
10054, 87
10058, 98
10062, 92
10066, 82
10070, 83
10074, 79
10078, 97
10082, 83
10086, 76
10090, 83
10094, 66
10098, 75
10102, 72
10106, 82
10110, 72
10114, 59
10118, 72
10122, 72
10126, 78
10130, 71
10134, 59
10138, 61
10142, 57
10146, 69
10150, 54
10154, 62
10158, 52
10162, 67
10166, 45
10170, 59
10174, 60
10178, 52
10182, 58
10186, 51
10190, 59
10194, 52
10198, 48
10202, 59
10206, 41
10210, 51
10214, 50
10218, 56
10222, 54
10226, 51
10230, 44
10234, 37
10238, 37
10242, 29
10246, 39
10250, 47
10254, 44
10258, 48
10262, 59
10266, 55
10270, 51
10274, 60
10278, 56
10282, 42
10286, 32
10290, 35
10294, 44
10298, 34
10302, 35
10306, 38
10310, 24
10314, 32
10318, 44
10322, 40
10326, 34
10330, 40
10334, 42
10338, 38
10342, 36
10346, 37
10350, 36
10354, 51
10358, 25
10362, 29
10366, 36
10370, 31
10374, 32
10378, 39
10382, 40
10386, 31
10390, 26
10394, 19
10398, 43
10402, 38
10406, 41
10410, 40
10414, 39
10418, 22
10422, 30
10426, 35
10430, 34
10434, 31
10438, 38
10442, 39
10446, 43
10450, 37
10454, 42
10458, 31
10462, 25
10466, 32
10470, 40
10474, 41
10478, 35
10482, 36
10486, 35
10490, 43
10494, 45
10498, 33
10502, 29
10506, 34
10510, 33
10514, 35
10518, 24
10522, 26
10526, 24
10530, 28
10534, 27
10538, 35
10542, 41
10546, 29
10550, 29
10554, 32
10558, 19
10562, 34
10566, 38
10570, 40
10574, 40
10578, 36
10582, 31
10586, 42
10590, 35
10594, 29
10598, 32
10602, 35
10606, 27
10610, 33
10614, 28
10618, 39
10622, 32
10626, 34
10630, 30
10634, 28
10638, 32
10642, 33
10646, 35
10650, 38
10654, 37
10658, 43
10662, 43
10666, 46
10670, 40
10674, 52
10678, 47
10682, 83
10686, 83
10690, 138
10694, 389
10698, 882
10702, 1940
10706, 3489
10710, 5815
10714, 7931
10718, 8516
10722, 6900
10726, 3916
10730, 1728
10734, 696
10738, 208
10742, 103
10746, 50
10750, 36
10754, 26
10758, 20
10762, 25
10766, 23
10770, 17
10774, 19
10778, 11
10782, 24
10786, 17
10790, 27
10794, 15
10798, 15
10802, 29
10806, 15
10810, 13
10814, 17
10818, 20
10822, 17
10826, 14
10830, 12
10834, 10
10838, 15
10842, 10
10846, 15
10850, 22
10854, 18
10858, 17
10862, 17
10866, 8
10870, 14
10874, 10
10878, 9
10882, 10
10886, 11
10890, 11
10894, 11
10898, 9
10902, 12
10906, 10
10910, 10
10914, 16
10918, 13
10922, 6
10926, 15
10930, 12
10934, 18
10938, 8
10942, 12
10946, 8
10950, 14
10954, 14
10958, 13
10962, 9
10966, 10
10970, 11
10974, 12
10978, 20
10982, 26
10986, 29
10990, 35
10994, 47
10998, 58
11002, 59
11006, 44
11010, 42
11014, 42
11018, 25
11022, 18
11026, 11
11030, 8
11034, 14
11038, 18
11042, 15
11046, 10
11050, 14
11054, 13
11058, 11
11062, 8
11066, 6
11070, 11
11074, 7
11078, 13
11082, 9
11086, 11
11090, 5
11094, 16
11098, 20
11102, 11
11106, 15
11110, 15
11114, 19
11118, 15
11122, 13
11126, 13
11130, 16
11134, 14
11138, 16
11142, 8
11146, 16
11150, 18
11154, 12
11158, 8
11162, 11
11166, 10
11170, 12
11174, 14
11178, 11
11182, 12
11186, 11
11190, 16
11194, 18
11198, 20
11202, 20
11206, 16
11210, 21
11214, 10
11218, 11
11222, 9
11226, 14
11230, 17
11234, 18
11238, 13
11242, 15
11246, 10
11250, 11
11254, 11
11258, 14
11262, 12
11266, 10
11270, 19
11274, 16
11278, 16
11282, 17
11286, 18
11290, 7
11294, 17
11298, 10
11302, 7
11306, 5
11310, 12
11314, 19
11318, 14
11322, 19
11326, 12
11330, 11
11334, 13
11338, 11
11342, 15
11346, 12
11350, 22
11354, 9
11358, 16
11362, 11
11366, 12
11370, 10
11374, 11
11378, 13
11382, 9
11386, 9
11390, 14
11394, 13
11398, 13
11402, 8
11406, 10
11410, 18
11414, 15
11418, 19
11422, 11
11426, 14
11430, 10
11434, 10
11438, 17
11442, 12
11446, 13
11450, 10
11454, 12
11458, 10
11462, 11
11466, 17
11470, 8
11474, 8
11478, 11
11482, 10
11486, 12
11490, 9
11494, 9
11498, 13
11502, 14
11506, 16
11510, 10
11514, 10
11518, 11
11522, 14
11526, 19
11530, 20
11534, 14
11538, 13
11542, 17
11546, 13
11550, 20
11554, 14
11558, 19
11562, 9
11566, 16
11570, 17
11574, 13
11578, 12
11582, 17
11586, 15
11590, 10
11594, 10
11598, 16
11602, 18
11606, 10
11610, 14
11614, 15
11618, 9
11622, 19
11626, 19
11630, 11
11634, 16
11638, 19
11642, 13
11646, 17
11650, 9
11654, 17
11658, 12
11662, 11
11666, 13
11670, 16
11674, 24
11678, 15
11682, 14
11686, 12
11690, 15
11694, 11
11698, 11
11702, 15
11706, 17
11710, 16
11714, 15
11718, 27
11722, 22
11726, 27
11730, 27
11734, 26
11738, 24
11742, 15
11746, 17
11750, 20
11754, 20
11758, 16
11762, 15
11766, 19
11770, 10
11774, 8
11778, 10
11782, 14
11786, 18
11790, 19
11794, 10
11798, 10
11802, 14
11806, 12
11810, 19
11814, 13
11818, 17
11822, 14
11826, 20
11830, 11
11834, 23
11838, 19
11842, 14
11846, 8
11850, 14
11854, 11
11858, 14
11862, 14
11866, 13
11870, 16
11874, 11
11878, 12
11882, 21
11886, 16
11890, 15
11894, 20
11898, 17
11902, 25
11906, 20
11910, 12
11914, 17
11918, 17
11922, 21
11926, 10
11930, 12
11934, 19
11938, 12
11942, 20
11946, 18
11950, 14
11954, 17
11958, 23
11962, 15
11966, 16
11970, 17
11974, 16
11978, 16
11982, 19
11986, 12
11990, 13
11994, 16
11998, 13
12002, 11
12006, 13
12010, 24
12014, 15
12018, 26
12022, 11
12026, 14
12030, 13
12034, 18
12038, 22
12042, 15
12046, 11
12050, 17
12054, 18
12058, 17
12062, 17
12066, 15
12070, 12
12074, 16
12078, 13
12082, 17
12086, 18
12090, 17
12094, 25
12098, 18
12102, 12
12106, 14
12110, 18
12114, 22
12118, 17
12122, 16
12126, 18
12130, 16
12134, 15
12138, 13
12142, 19
12146, 15
12150, 17
12154, 16
12158, 11
12162, 11
12166, 22
12170, 12
12174, 20
12178, 21
12182, 14
12186, 18
12190, 15
12194, 20
12198, 11
12202, 16
12206, 14
12210, 13
12214, 16
12218, 21
12222, 15
12226, 18
12230, 9
12234, 15
12238, 17
12242, 13
12246, 20
12250, 14
12254, 16
12258, 18
12262, 19
12266, 21
12270, 23
12274, 15
12278, 16
12282, 17
12286, 20
12290, 19
12294, 21
12298, 10
12302, 20
12306, 15
12310, 21
12314, 13
12318, 15
12322, 15
12326, 19
12330, 26
12334, 18
12338, 17
12342, 19
12346, 17
12350, 18
12354, 19
12358, 14
12362, 23
12366, 17
12370, 25
12374, 25
12378, 19
12382, 11
12386, 17
12390, 13
12394, 21
12398, 15
12402, 21
12406, 19
12410, 25
12414, 11
12418, 15
12422, 16
12426, 26
12430, 16
12434, 24
12438, 10
12442, 12
12446, 11
12450, 14
12454, 19
12458, 16
12462, 23
12466, 18
12470, 24
12474, 16
12478, 17
12482, 16
12486, 15
12490, 17
12494, 13
12498, 14
12502, 13
12506, 11
12510, 15
12514, 13
12518, 13
12522, 13
12526, 16
12530, 16
12534, 12
12538, 13
12542, 20
12546, 6
12550, 12
12554, 5
12558, 11
12562, 7
12566, 11
12570, 12
12574, 11
12578, 14
12582, 8
12586, 5
12590, 16
12594, 18
12598, 12
12602, 14
12606, 9
12610, 9
12614, 11
12618, 14
12622, 12
12626, 11
12630, 12
12634, 15
12638, 16
12642, 16
12646, 13
12650, 10
12654, 14
12658, 15
12662, 9
12666, 14
12670, 13
12674, 12
12678, 11
12682, 16
12686, 19
12690, 9
12694, 15
12698, 14
12702, 5
12706, 15
12710, 15
12714, 8
12718, 20
12722, 11
12726, 13
12730, 11
12734, 15
12738, 13
12742, 12
12746, 14
12750, 10
12754, 11
12758, 12
12762, 10
12766, 7
12770, 12
12774, 8
12778, 16
12782, 12
12786, 14
12790, 10
12794, 9
12798, 8
12802, 14
12806, 8
12810, 9
12814, 16
12818, 14
12822, 11
12826, 19
12830, 14
12834, 14
12838, 17
12842, 5
12846, 20
12850, 6
12854, 9
12858, 6
12862, 6
12866, 9
12870, 10
12874, 9
12878, 3
12882, 6
12886, 8
12890, 16
12894, 12
12898, 9
12902, 8
12906, 7
12910, 8
12914, 11
12918, 10
12922, 9
12926, 14
12930, 13
12934, 18
12938, 19
12942, 17
12946, 14
12950, 8
12954, 18
12958, 11
12962, 8
12966, 6
12970, 11
12974, 8
12978, 11
12982, 4
12986, 16
12990, 5
12994, 8
12998, 9
13002, 6
13006, 2
13010, 7
13014, 8
13018, 8
13022, 12
13026, 13
13030, 14
13034, 14
13038, 5
13042, 11
13046, 4
13050, 11
13054, 7
13058, 6
13062, 10
13066, 11
13070, 6
13074, 8
13078, 9
13082, 8
13086, 6
13090, 5
13094, 10
13098, 6
13102, 5
13106, 5
13110, 7
13114, 6
13118, 7
13122, 5
13126, 2
13130, 7
13134, 3
13138, 7
13142, 5
13146, 5
13150, 8
13154, 3
13158, 4
13162, 3
13166, 15
13170, 8
13174, 5
13178, 2
13182, 2
13186, 5
13190, 5
13194, 5
13198, 7
13202, 2
13206, 7
13210, 5
13214, 5
13218, 5
13222, 3
13226, 2
13230, 2
13234, 5
13238, 3
13242, 6
13246, 2
13250, 5
13254, 2
13258, 4
13262, 3
13266, 5
13270, 5
13274, 2
13278, 2
13282, 1
13286, 3
13290, 3
13294, 3
13298, 3
13306, 1
13310, 3
13314, 1
13318, 4
13322, 4
13326, 5
13330, 4
13334, 1
13338, 3
13342, 2
13346, 1
13350, 3
13354, 3
13358, 3
13362, 4
13366, 8
13370, 4
13374, 9
13378, 10
13382, 4
13386, 8
13390, 4
13394, 7
13398, 9
13402, 4
13406, 3
13410, 1
13414, 3
13418, 4
13422, 4
13426, 1
13430, 1
13434, 2
13438, 3
13442, 1
13446, 3
13450, 2
13454, 3
13458, 2
13462, 3
13466, 3
13470, 2
13474, 3
13478, 4
13482, 4
13486, 2
13490, 4
13494, 1
13498, 5
13506, 3
13510, 5
13514, 10
13518, 6
13522, 6
13526, 3
13530, 1
13534, 4
13538, 1
13542, 2
13546, 5
13550, 3
13554, 5
13558, 2
13562, 2
13566, 1
13570, 2
13574, 4
13578, 4
13582, 2
13586, 3
13590, 2
13594, 2
13598, 1
13602, 3
13606, 3
13610, 3
13618, 1
13622, 5
13626, 2
13630, 2
13634, 3
13638, 3
13642, 6
13646, 8
13650, 3
13654, 6
13658, 4
13662, 3
13666, 5
13670, 3
13674, 4
13678, 2
13682, 4
13686, 5
13690, 4
13694, 4
13698, 11
13702, 48
13706, 98
13710, 146
13714, 219
13718, 314
13722, 366
13726, 309
13730, 235
13734, 107
13738, 72
13742, 21
13746, 12
13750, 11
13754, 7
13758, 2
13762, 6
13766, 3
13770, 3
13782, 1
13786, 3
13790, 4
13794, 2
13798, 1
13802, 5
13806, 1
13810, 1
13814, 6
13818, 11
13822, 12
13826, 27
13830, 18
13834, 27
13838, 21
13842, 15
13846, 17
13850, 5
13854, 5
13858, 4
13866, 2
13870, 2
13874, 2
13878, 4
13882, 2
13886, 1
13890, 2
13894, 4
13898, 8
13902, 20
13906, 26
13910, 38
13914, 33
13918, 35
13922, 39
13926, 12
13930, 10
13934, 4
13938, 4
13946, 2
13950, 3
13958, 2
13962, 6
13970, 3
13978, 2
13982, 2
13986, 1
13990, 1
13994, 3
14002, 1
14006, 2
14010, 1
14014, 3
14018, 1
14022, 1
14030, 2
14034, 3
14038, 2
14042, 2
14046, 2
14050, 2
14054, 1
14058, 1
14062, 4
14074, 2
14078, 1
14086, 6
14090, 1
14094, 2
14098, 1
14102, 2
14106, 2
14110, 3
14122, 1
14130, 1
14138, 3
14142, 2
14146, 1
14150, 3
14158, 2
14162, 1
14170, 1
14178, 1
14190, 1
14194, 2
14206, 3
14210, 3
14234, 1
14238, 1
14242, 2
14246, 1
14250, 1
14254, 3
14258, 3
14262, 2
14266, 4
14270, 2
14274, 1
14290, 1
14294, 2
14298, 1
14306, 1
14310, 1
14314, 3
14318, 1
14322, 1
14326, 1
14330, 2
14334, 2
14350, 1
14354, 1
14358, 1
14362, 1
14370, 1
14374, 3
14386, 2
14390, 2
14394, 3
14398, 1
14402, 1
14406, 2
14410, 1
14414, 1
14418, 1
14430, 1
14438, 1
14450, 1
14454, 1
14458, 1
14466, 2
14470, 4
14474, 2
14490, 3
14498, 1
14502, 4
14506, 5
14510, 5
14514, 6
14518, 7
14522, 3
14526, 6
14530, 5
14534, 1
14542, 1
14546, 1
14550, 1
14562, 1
14566, 1
14578, 3
14586, 1
14594, 2
14598, 1
14602, 2
14606, 2
14610, 3
14618, 2
14622, 1
14626, 1
14634, 2
14642, 1
14646, 2
14650, 1
14654, 3
14662, 1
14666, 3
14674, 2
14682, 1
14690, 3
14694, 1
14698, 2
14702, 2
14710, 2
14714, 2
14718, 1
14726, 1
14730, 2
14734, 1
14742, 1
14762, 1
14766, 5
14770, 2
14774, 2
14790, 1
14794, 1
14798, 3
14802, 3
14806, 1
14814, 2
14818, 1
14822, 2
14830, 3
14846, 2
14854, 1
14870, 1
14878, 3
14882, 2
14886, 1
14910, 1
14914, 2
14922, 2
14926, 1
14938, 2
14942, 2
14958, 1
14966, 2
14978, 1
14982, 1
14986, 1
14990, 1
14994, 2
14998, 2
15010, 1
15030, 1
15034, 2
15038, 2
15046, 1
15054, 2
15058, 1
15062, 3
15066, 1
15070, 2
15078, 1
15094, 3
15114, 1
15122, 2
15126, 2
15134, 1
15138, 1
15142, 1
15146, 1
15150, 4
15154, 1
15158, 2
15162, 3
15166, 2
15170, 3
15174, 4
15178, 2
15186, 5
15190, 2
15194, 7
15198, 8
15202, 6
15206, 8
15210, 4
15214, 4
15218, 6
15222, 3
15230, 2
15234, 1
15242, 1
15246, 1
15250, 4
15258, 1
15266, 1
15270, 3
15274, 3
15278, 1
15282, 1
15286, 2
15294, 2
15302, 3
15306, 7
15310, 7
15314, 9
15318, 18
15322, 10
15326, 2
15330, 3
15334, 2
15338, 1
15346, 2
15350, 1
15354, 2
15366, 1
15370, 1
15374, 2
15378, 1
15382, 1
15394, 1
15398, 1
15402, 1
15406, 1
15410, 2
15418, 3
15422, 3
15426, 1
15430, 1
15434, 1
15450, 1
15458, 1
15462, 2
15486, 2
15490, 1
15502, 1
15506, 2
15510, 4
15542, 1
15550, 1
15578, 2
15586, 6
15590, 3
15598, 2
15622, 1
15630, 2
15638, 2
15642, 2
15646, 1
15654, 2
15666, 1
15674, 1
15690, 1
15694, 1
15702, 1
15718, 2
15734, 1
15738, 1
15742, 1
15746, 1
15754, 2
15762, 3
15766, 1
15770, 2
15786, 1
15798, 1
15810, 1
15818, 2
15822, 2
15830, 1
15834, 4
15846, 2
15854, 1
15858, 1
15862, 1
15870, 2
15874, 2
15878, 1
15886, 1
15890, 2
15910, 3
15914, 1
15922, 1
15926, 1
15934, 2
15946, 1
15950, 1
15958, 1
15970, 3
15982, 1
15994, 1
15998, 3
