2, 49395
6, 9678
10, 4873
14, 1961
18, 1033
22, 643
26, 590
30, 707
34, 955
38, 1179
42, 1414
46, 1661
50, 1795
54, 1897
58, 2048
62, 2021
66, 2006
70, 2136
74, 2086
78, 2070
82, 2116
86, 2119
90, 2073
94, 2194
98, 2038
102, 2152
106, 2185
110, 2124
114, 2268
118, 2274
122, 2276
126, 2416
130, 2423
134, 2414
138, 2377
142, 2245
146, 2291
150, 2353
154, 2292
158, 2268
162, 2284
166, 2350
170, 2459
174, 2494
178, 2412
182, 2461
186, 2467
190, 2555
194, 2470
198, 2440
202, 2491
206, 2457
210, 2396
214, 2425
218, 2342
222, 2381
226, 2361
230, 2392
234, 2327
238, 2375
242, 2374
246, 2492
250, 2505
254, 2503
258, 2529
262, 2643
266, 2667
270, 2660
274, 2682
278, 2779
282, 2845
286, 2837
290, 2930
294, 2926
298, 3123
302, 3202
306, 3314
310, 3249
314, 3410
318, 3554
322, 3507
326, 3699
330, 3796
334, 3793
338, 3884
342, 3985
346, 4035
350, 4142
354, 4295
358, 4225
362, 4514
366, 4484
370, 4468
374, 4726
378, 4816
382, 4984
386, 4931
390, 5224
394, 5642
398, 5814
402, 5831
406, 6021
410, 6040
414, 5563
418, 5435
422, 5339
426, 5396
430, 5380
434, 5462
438, 5666
442, 5405
446, 5590
450, 5756
454, 5864
458, 5972
462, 6040
466, 5949
470, 5957
474, 5821
478, 5946
482, 5802
486, 5726
490, 5701
494, 5879
498, 5923
502, 5882
506, 5816
510, 5978
514, 5926
518, 5924
522, 5808
526, 5897
530, 5993
534, 5962
538, 5943
542, 5971
546, 5913
550, 5968
554, 5899
558, 5922
562, 5922
566, 5843
570, 5966
574, 5875
578, 5942
582, 5905
586, 5897
590, 5887
594, 5840
598, 5825
602, 5909
606, 5900
610, 5894
614, 5820
618, 5653
622, 5772
626, 5675
630, 5576
634, 5681
638, 5730
642, 5611
646, 5513
650, 5571
654, 5631
658, 5259
662, 5385
666, 5264
670, 5318
674, 5218
678, 5219
682, 5145
686, 5048
690, 5142
694, 5018
698, 5003
702, 4934
706, 5030
710, 4880
714, 4889
718, 4778
722, 4744
726, 4808
730, 4604
734, 4670
738, 4599
742, 4563
746, 4506
750, 4503
754, 4474
758, 4452
762, 4354
766, 4306
770, 4232
774, 4315
778, 4298
782, 4052
786, 4267
790, 4126
794, 4063
798, 4086
802, 4145
806, 3982
810, 3878
814, 3983
818, 3934
822, 3741
826, 3949
830, 3845
834, 3770
838, 3888
842, 3822
846, 3573
850, 3675
854, 3730
858, 3565
862, 3663
866, 3644
870, 3583
874, 3480
878, 3489
882, 3511
886, 3407
890, 3394
894, 3501
898, 3268
902, 3444
906, 3432
910, 3475
914, 3308
918, 3304
922, 3293
926, 3298
930, 3201
934, 3258
938, 3279
942, 3330
946, 3215
950, 3355
954, 3313
958, 3325
962, 3239
966, 3332
970, 3219
974, 3271
978, 3298
982, 3268
986, 3316
990, 3230
994, 3283
998, 3106
1002, 3194
1006, 3141
1010, 3142
1014, 3144
1018, 3034
1022, 3120
1026, 2965
1030, 2928
1034, 3111
1038, 3061
1042, 3016
1046, 3006
1050, 3012
1054, 2960
1058, 2987
1062, 2889
1066, 2968
1070, 2926
1074, 2913
1078, 2869
1082, 2800
1086, 2754
1090, 2650
1094, 2629
1098, 2702
1102, 2812
1106, 2708
1110, 2702
1114, 2600
1118, 2572
1122, 2546
1126, 2554
1130, 2567
1134, 2593
1138, 2569
1142, 2487
1146, 2489
1150, 2491
1154, 2439
1158, 2427
1162, 2414
1166, 2358
1170, 2427
1174, 2424
1178, 2453
1182, 2317
1186, 2408
1190, 2278
1194, 2391
1198, 2312
1202, 2394
1206, 2323
1210, 2374
1214, 2389
1218, 2433
1222, 2349
1226, 2335
1230, 2271
1234, 2342
1238, 2360
1242, 2340
1246, 2281
1250, 2379
1254, 2262
1258, 2272
1262, 2230
1266, 2220
1270, 2251
1274, 2213
1278, 2217
1282, 2263
1286, 2290
1290, 2366
1294, 2377
1298, 2313
1302, 2289
1306, 2280
1310, 2229
1314, 2251
1318, 2144
1322, 2031
1326, 2149
1330, 2098
1334, 2100
1338, 2122
1342, 2118
1346, 2082
1350, 2007
1354, 2037
1358, 2078
1362, 1972
1366, 2095
1370, 1985
1374, 2021
1378, 2028
1382, 1992
1386, 2015
1390, 2071
1394, 2023
1398, 1958
1402, 1971
1406, 1981
1410, 1985
1414, 1943
1418, 1909
1422, 1948
1426, 1975
1430, 1982
1434, 1925
1438, 1936
1442, 1853
1446, 1820
1450, 1923
1454, 1892
1458, 2006
1462, 1847
1466, 1944
1470, 1891
1474, 1844
1478, 1915
1482, 1717
1486, 1811
1490, 1849
1494, 1826
1498, 1814
1502, 1888
1506, 1884
1510, 1829
1514, 1772
1518, 1803
1522, 1739
1526, 1728
1530, 1751
1534, 1774
1538, 1755
1542, 1796
1546, 1815
1550, 1694
1554, 1760
1558, 1774
1562, 1674
1566, 1712
1570, 1710
1574, 1720
1578, 1745
1582, 1708
1586, 1789
1590, 1753
1594, 1736
1598, 1779
1602, 1841
1606, 1655
1610, 1725
1614, 1634
1618, 1666
1622, 1765
1626, 1631
1630, 1596
1634, 1694
1638, 1645
1642, 1682
1646, 1517
1650, 1589
1654, 1543
1658, 1631
1662, 1519
1666, 1632
1670, 1630
1674, 1589
1678, 1635
1682, 1559
1686, 1516
1690, 1715
1694, 1659
1698, 1589
1702, 1561
1706, 1550
1710, 1580
1714, 1592
1718, 1601
1722, 1545
1726, 1622
1730, 1597
1734, 1547
1738, 1542
1742, 1614
1746, 1600
1750, 1550
1754, 1536
1758, 1546
1762, 1557
1766, 1532
1770, 1583
1774, 1555
1778, 1517
1782, 1529
1786, 1615
1790, 1568
1794, 1499
1798, 1470
1802, 1516
1806, 1546
1810, 1561
1814, 1523
1818, 1484
1822, 1523
1826, 1499
1830, 1565
1834, 1590
1838, 1522
1842, 1533
1846, 1547
1850, 1572
1854, 1505
1858, 1552
1862, 1553
1866, 1595
1870, 1597
1874, 1545
1878, 1583
1882, 1559
1886, 1539
1890, 1598
1894, 1545
1898, 1643
1902, 1736
1906, 1727
1910, 1798
1914, 1702
1918, 1628
1922, 1663
1926, 1583
1930, 1602
1934, 1595
1938, 1605
1942, 1512
1946, 1534
1950, 1517
1954, 1414
1958, 1430
1962, 1493
1966, 1502
1970, 1503
1974, 1413
1978, 1494
1982, 1534
1986, 1439
1990, 1560
1994, 1471
1998, 1494
2002, 1475
2006, 1587
2010, 1540
2014, 1513
2018, 1483
2022, 1526
2026, 1516
2030, 1508
2034, 1563
2038, 1621
2042, 1563
2046, 1474
2050, 1557
2054, 1499
2058, 1556
2062, 1502
2066, 1548
2070, 1471
2074, 1532
2078, 1572
2082, 1464
2086, 1506
2090, 1473
2094, 1481
2098, 1497
2102, 1534
2106, 1464
2110, 1466
2114, 1564
2118, 1537
2122, 1462
2126, 1425
2130, 1484
2134, 1492
2138, 1458
2142, 1508
2146, 1455
2150, 1476
2154, 1438
2158, 1417
2162, 1483
2166, 1411
2170, 1496
2174, 1355
2178, 1371
2182, 1461
2186, 1401
2190, 1409
2194, 1397
2198, 1344
2202, 1322
2206, 1305
2210, 1280
2214, 1262
2218, 1249
2222, 1201
2226, 1224
2230, 1189
2234, 1173
2238, 1172
2242, 1124
2246, 1163
2250, 1109
2254, 1083
2258, 1131
2262, 1116
2266, 1158
2270, 1083
2274, 1086
2278, 1044
2282, 993
2286, 1059
2290, 1109
2294, 1014
2298, 1099
2302, 1037
2306, 1030
2310, 1003
2314, 1037
2318, 1034
2322, 974
2326, 991
2330, 977
2334, 1009
2338, 990
2342, 982
2346, 996
2350, 973
2354, 962
2358, 962
2362, 922
2366, 916
2370, 937
2374, 949
2378, 934
2382, 936
2386, 950
2390, 931
2394, 922
2398, 939
2402, 927
2406, 862
2410, 813
2414, 889
2418, 902
2422, 883
2426, 837
2430, 874
2434, 862
2438, 890
2442, 867
2446, 832
2450, 856
2454, 827
2458, 905
2462, 840
2466, 859
2470, 879
2474, 855
2478, 881
2482, 846
2486, 815
2490, 860
2494, 832
2498, 777
2502, 800
2506, 808
2510, 804
2514, 818
2518, 762
2522, 741
2526, 764
2530, 782
2534, 757
2538, 702
2542, 763
2546, 736
2550, 748
2554, 756
2558, 701
2562, 787
2566, 727
2570, 683
2574, 751
2578, 716
2582, 734
2586, 702
2590, 655
2594, 725
2598, 732
2602, 656
2606, 664
2610, 664
2614, 664
2618, 617
2622, 659
2626, 677
2630, 672
2634, 652
2638, 713
2642, 671
2646, 667
2650, 650
2654, 693
2658, 671
2662, 636
2666, 620
2670, 602
2674, 640
2678, 572
2682, 655
2686, 584
2690, 570
2694, 625
2698, 594
2702, 614
2706, 597
2710, 574
2714, 611
2718, 600
2722, 575
2726, 562
2730, 580
2734, 571
2738, 528
2742, 575
2746, 580
2750, 582
2754, 648
2758, 724
2762, 812
2766, 1040
2770, 1151
2774, 1152
2778, 1098
2782, 942
2786, 815
2790, 664
2794, 561
2798, 568
2802, 577
2806, 528
2810, 524
2814, 496
2818, 507
2822, 485
2826, 490
2830, 439
2834, 496
2838, 477
2842, 511
2846, 501
2850, 485
2854, 518
2858, 504
2862, 472
2866, 476
2870, 525
2874, 488
2878, 505
2882, 470
2886, 471
2890, 447
2894, 497
2898, 503
2902, 493
2906, 493
2910, 492
2914, 486
2918, 481
2922, 463
2926, 429
2930, 419
2934, 459
2938, 439
2942, 514
2946, 446
2950, 436
2954, 483
2958, 437
2962, 438
2966, 454
2970, 470
2974, 411
2978, 478
2982, 442
2986, 455
2990, 460
2994, 398
2998, 430
3002, 440
3006, 395
3010, 405
3014, 419
3018, 410
3022, 400
3026, 397
3030, 412
3034, 415
3038, 438
3042, 513
3046, 636
3050, 1024
3054, 1580
3058, 2592
3062, 3690
3066, 3927
3070, 2827
3074, 1454
3078, 750
3082, 505
3086, 424
3090, 418
3094, 407
3098, 421
3102, 389
3106, 376
3110, 384
3114, 401
3118, 404
3122, 406
3126, 422
3130, 419
3134, 453
3138, 421
3142, 426
3146, 408
3150, 461
3154, 553
3158, 932
3162, 2110
3166, 4644
3170, 8423
3174, 14235
3178, 20340
3182, 20091
3186, 12426
3190, 5284
3194, 1901
3198, 865
3202, 490
3206, 385
3210, 367
3214, 324
3218, 346
3222, 324
3226, 311
3230, 279
3234, 276
3238, 272
3242, 316
3246, 283
3250, 312
3254, 291
3258, 268
3262, 300
3266, 275
3270, 324
3274, 284
3278, 301
3282, 304
3286, 283
3290, 317
3294, 366
3298, 396
3302, 456
3306, 543
3310, 488
3314, 402
3318, 314
3322, 301
3326, 244
3330, 272
3334, 275
3338, 275
3342, 254
3346, 275
3350, 245
3354, 250
3358, 258
3362, 285
3366, 294
3370, 286
3374, 272
3378, 270
3382, 271
3386, 264
3390, 249
3394, 253
3398, 254
3402, 261
3406, 264
3410, 287
3414, 272
3418, 259
3422, 265
3426, 280
3430, 291
3434, 268
3438, 262
3442, 267
3446, 250
3450, 243
3454, 290
3458, 250
3462, 293
3466, 287
3470, 256
3474, 276
3478, 263
3482, 270
3486, 278
3490, 249
3494, 311
3498, 269
3502, 278
3506, 269
3510, 244
3514, 263
3518, 268
3522, 254
3526, 261
3530, 245
3534, 267
3538, 256
3542, 264
3546, 262
3550, 255
3554, 273
3558, 300
3562, 234
3566, 273
3570, 260
3574, 255
3578, 278
3582, 239
3586, 332
3590, 303
3594, 303
3598, 299
3602, 279
3606, 248
3610, 264
3614, 257
3618, 268
3622, 268
3626, 237
3630, 257
3634, 251
3638, 230
3642, 216
3646, 256
3650, 269
3654, 275
3658, 237
3662, 242
3666, 246
3670, 269
3674, 273
3678, 253
3682, 256
3686, 272
3690, 247
3694, 240
3698, 237
3702, 238
3706, 240
3710, 258
3714, 252
3718, 239
3722, 222
3726, 225
3730, 236
3734, 250
3738, 235
3742, 255
3746, 248
3750, 241
3754, 259
3758, 231
3762, 268
3766, 262
3770, 242
3774, 263
3778, 218
3782, 243
3786, 217
3790, 247
3794, 237
3798, 232
3802, 252
3806, 258
3810, 256
3814, 255
3818, 241
3822, 237
3826, 214
3830, 255
3834, 239
3838, 235
3842, 228
3846, 224
3850, 200
3854, 262
3858, 227
3862, 236
3866, 220
3870, 245
3874, 212
3878, 214
3882, 217
3886, 230
3890, 235
3894, 240
3898, 232
3902, 221
3906, 213
3910, 227
3914, 240
3918, 235
3922, 233
3926, 236
3930, 227
3934, 222
3938, 220
3942, 205
3946, 251
3950, 226
3954, 229
3958, 259
3962, 243
3966, 229
3970, 228
3974, 208
3978, 217
3982, 205
3986, 236
3990, 219
3994, 241
3998, 212
4002, 232
4006, 215
4010, 213
4014, 239
4018, 236
4022, 228
4026, 189
4030, 244
4034, 222
4038, 226
4042, 222
4046, 240
4050, 230
4054, 213
4058, 224
4062, 246
4066, 233
4070, 236
4074, 238
4078, 234
4082, 234
4086, 237
4090, 232
4094, 239
4098, 229
4102, 194
4106, 239
4110, 213
4114, 190
4118, 239
4122, 198
4126, 232
4130, 203
4134, 213
4138, 229
4142, 214
4146, 203
4150, 227
4154, 219
4158, 218
4162, 216
4166, 238
4170, 256
4174, 234
4178, 215
4182, 222
4186, 227
4190, 209
4194, 242
4198, 201
4202, 216
4206, 184
4210, 202
4214, 217
4218, 206
4222, 221
4226, 197
4230, 214
4234, 217
4238, 172
4242, 236
4246, 215
4250, 208
4254, 219
4258, 185
4262, 255
4266, 199
4270, 233
4274, 193
4278, 206
4282, 194
4286, 212
4290, 237
4294, 208
4298, 196
4302, 183
4306, 214
4310, 217
4314, 180
4318, 213
4322, 197
4326, 212
4330, 219
4334, 185
4338, 201
4342, 193
4346, 214
4350, 211
4354, 196
4358, 205
4362, 209
4366, 214
4370, 206
4374, 212
4378, 245
4382, 235
4386, 241
4390, 212
4394, 224
4398, 184
4402, 205
4406, 194
4410, 173
4414, 174
4418, 210
4422, 206
4426, 207
4430, 182
4434, 192
4438, 190
4442, 185
4446, 185
4450, 194
4454, 190
4458, 215
4462, 168
4466, 209
4470, 203
4474, 186
4478, 206
4482, 187
4486, 211
4490, 202
4494, 209
4498, 203
4502, 202
4506, 189
4510, 228
4514, 199
4518, 193
4522, 195
4526, 180
4530, 225
4534, 194
4538, 189
4542, 193
4546, 216
4550, 183
4554, 207
4558, 187
4562, 181
4566, 225
4570, 200
4574, 201
4578, 202
4582, 192
4586, 196
4590, 173
4594, 208
4598, 194
4602, 174
4606, 204
4610, 184
4614, 217
4618, 182
4622, 205
4626, 166
4630, 197
4634, 186
4638, 201
4642, 186
4646, 175
4650, 215
4654, 194
4658, 208
4662, 205
4666, 198
4670, 220
4674, 235
4678, 206
4682, 219
4686, 180
4690, 197
4694, 173
4698, 214
4702, 194
4706, 178
4710, 205
4714, 188
4718, 188
4722, 170
4726, 179
4730, 182
4734, 172
4738, 173
4742, 200
4746, 191
4750, 186
4754, 206
4758, 194
4762, 206
4766, 184
4770, 182
4774, 184
4778, 169
4782, 183
4786, 158
4790, 177
4794, 200
4798, 192
4802, 162
4806, 198
4810, 184
4814, 178
4818, 160
4822, 187
4826, 185
4830, 198
4834, 198
4838, 190
4842, 173
4846, 184
4850, 184
4854, 176
4858, 188
4862, 188
4866, 198
4870, 191
4874, 212
4878, 175
4882, 185
4886, 165
4890, 166
4894, 154
4898, 148
4902, 166
4906, 181
4910, 196
4914, 169
4918, 189
4922, 180
4926, 187
4930, 188
4934, 195
4938, 209
4942, 216
4946, 222
4950, 239
4954, 205
4958, 184
4962, 170
4966, 159
4970, 187
4974, 189
4978, 173
4982, 160
4986, 189
4990, 179
4994, 182
4998, 188
5002, 163
5006, 154
5010, 160
5014, 157
5018, 169
5022, 168
5026, 169
5030, 187
5034, 180
5038, 183
5042, 174
5046, 158
5050, 174
5054, 174
5058, 169
5062, 157
5066, 180
5070, 182
5074, 156
5078, 171
5082, 162
5086, 165
5090, 173
5094, 155
5098, 162
5102, 159
5106, 175
5110, 187
5114, 180
5118, 157
5122, 149
5126, 163
5130, 196
5134, 177
5138, 166
5142, 163
5146, 196
5150, 147
5154, 171
5158, 177
5162, 159
5166, 147
5170, 188
5174, 181
5178, 150
5182, 164
5186, 151
5190, 175
5194, 176
5198, 196
5202, 176
5206, 187
5210, 167
5214, 160
5218, 157
5222, 155
5226, 176
5230, 201
5234, 193
5238, 200
5242, 183
5246, 171
5250, 176
5254, 223
5258, 211
5262, 178
5266, 186
5270, 179
5274, 189
5278, 178
5282, 169
5286, 151
5290, 182
5294, 164
5298, 166
5302, 195
5306, 175
5310, 172
5314, 160
5318, 161
5322, 174
5326, 200
5330, 148
5334, 190
5338, 183
5342, 178
5346, 150
5350, 172
5354, 190
5358, 194
5362, 250
5366, 302
5370, 420
5374, 538
5378, 643
5382, 646
5386, 490
5390, 339
5394, 252
5398, 186
5402, 173
5406, 177
5410, 167
5414, 156
5418, 167
5422, 191
5426, 141
5430, 191
5434, 182
5438, 161
5442, 160
5446, 191
5450, 169
5454, 191
5458, 162
5462, 148
5466, 164
5470, 168
5474, 173
5478, 179
5482, 143
5486, 165
5490, 156
5494, 173
5498, 171
5502, 162
5506, 170
5510, 184
5514, 164
5518, 162
5522, 179
5526, 142
5530, 171
5534, 164
5538, 162
5542, 173
5546, 190
5550, 164
5554, 154
5558, 167
5562, 196
5566, 169
5570, 179
5574, 154
5578, 188
5582, 175
5586, 171
5590, 155
5594, 164
5598, 166
5602, 152
5606, 166
5610, 140
5614, 171
5618, 169
5622, 183
5626, 170
5630, 188
5634, 197
5638, 184
5642, 211
5646, 178
5650, 157
5654, 182
5658, 146
5662, 173
5666, 183
5670, 189
5674, 168
5678, 157
5682, 192
5686, 147
5690, 164
5694, 183
5698, 154
5702, 161
5706, 184
5710, 165
5714, 160
5718, 166
5722, 175
5726, 174
5730, 155
5734, 163
5738, 158
5742, 147
5746, 146
5750, 159
5754, 159
5758, 171
5762, 188
5766, 167
5770, 165
5774, 169
5778, 159
5782, 176
5786, 171
5790, 172
5794, 148
5798, 140
5802, 156
5806, 137
5810, 153
5814, 177
5818, 151
5822, 185
5826, 168
5830, 191
5834, 158
5838, 176
5842, 181
5846, 163
5850, 132
5854, 152
5858, 152
5862, 185
5866, 145
5870, 191
5874, 183
5878, 168
5882, 185
5886, 183
5890, 169
5894, 162
5898, 140
5902, 170
5906, 181
5910, 157
5914, 158
5918, 183
5922, 166
5926, 152
5930, 161
5934, 166
5938, 158
5942, 159
5946, 153
5950, 178
5954, 156
5958, 181
5962, 172
5966, 155
5970, 167
5974, 172
5978, 150
5982, 149
5986, 148
5990, 169
5994, 159
5998, 157
6002, 172
6006, 147
6010, 148
6014, 151
6018, 150
6022, 187
6026, 164
6030, 178
6034, 154
6038, 148
6042, 167
6046, 157
6050, 146
6054, 188
6058, 150
6062, 184
6066, 190
6070, 181
6074, 206
6078, 240
6082, 230
6086, 198
6090, 188
6094, 153
6098, 148
6102, 145
6106, 144
6110, 143
6114, 153
6118, 148
6122, 160
6126, 149
6130, 158
6134, 160
6138, 145
6142, 163
6146, 184
6150, 152
6154, 127
6158, 170
6162, 127
6166, 160
6170, 177
6174, 145
6178, 142
6182, 162
6186, 164
6190, 161
6194, 150
6198, 152
6202, 156
6206, 160
6210, 167
6214, 169
6218, 147
6222, 162
6226, 186
6230, 147
6234, 150
6238, 146
6242, 128
6246, 183
6250, 168
6254, 156
6258, 154
6262, 169
6266, 137
6270, 193
6274, 158
6278, 168
6282, 162
6286, 144
6290, 152
6294, 156
6298, 134
6302, 151
6306, 156
6310, 179
6314, 160
6318, 156
6322, 159
6326, 162
6330, 174
6334, 160
6338, 170
6342, 137
6346, 152
6350, 156
6354, 180
6358, 172
6362, 180
6366, 164
6370, 146
6374, 145
6378, 154
6382, 173
6386, 148
6390, 178
6394, 174
6398, 160
6402, 150
6406, 163
6410, 139
6414, 189
6418, 144
6422, 188
6426, 139
6430, 153
6434, 161
6438, 137
6442, 160
6446, 135
6450, 163
6454, 149
6458, 163
6462, 144
6466, 191
6470, 152
6474, 161
6478, 179
6482, 165
6486, 158
6490, 149
6494, 159
6498, 138
6502, 156
6506, 172
6510, 155
6514, 169
6518, 159
6522, 152
6526, 160
6530, 167
6534, 149
6538, 142
6542, 154
6546, 156
6550, 159
6554, 176
6558, 157
6562, 157
6566, 162
6570, 144
6574, 159
6578, 162
6582, 150
6586, 128
6590, 157
6594, 150
6598, 169
6602, 185
6606, 183
6610, 183
6614, 157
6618, 148
6622, 136
6626, 170
6630, 154
6634, 158
6638, 150
6642, 142
6646, 155
6650, 153
6654, 159
6658, 162
6662, 137
6666, 146
6670, 164
6674, 165
6678, 178
6682, 170
6686, 144
6690, 130
6694, 161
6698, 135
6702, 170
6706, 160
6710, 174
6714, 163
6718, 176
6722, 187
6726, 182
6730, 155
6734, 155
6738, 177
6742, 157
6746, 139
6750, 155
6754, 157
6758, 148
6762, 144
6766, 167
6770, 175
6774, 150
6778, 144
6782, 162
6786, 155
6790, 148
6794, 155
6798, 147
6802, 139
6806, 175
6810, 166
6814, 159
6818, 151
6822, 143
6826, 159
6830, 164
6834, 124
6838, 140
6842, 147
6846, 154
6850, 139
6854, 155
6858, 142
6862, 119
6866, 157
6870, 150
6874, 162
6878, 148
6882, 163
6886, 151
6890, 154
6894, 162
6898, 148
6902, 145
6906, 156
6910, 143
6914, 160
6918, 143
6922, 166
6926, 161
6930, 154
6934, 112
6938, 147
6942, 161
6946, 167
6950, 131
6954, 159
6958, 153
6962, 184
6966, 136
6970, 147
6974, 143
6978, 134
6982, 149
6986, 154
6990, 155
6994, 164
6998, 155
7002, 162
7006, 143
7010, 170
7014, 163
7018, 181
7022, 186
7026, 206
7030, 259
7034, 315
7038, 371
7042, 302
7046, 271
7050, 191
7054, 174
7058, 166
7062, 150
7066, 135
7070, 156
7074, 157
7078, 158
7082, 126
7086, 139
7090, 167
7094, 146
7098, 170
7102, 156
7106, 137
7110, 157
7114, 160
7118, 164
7122, 143
7126, 172
7130, 157
7134, 179
7138, 135
7142, 145
7146, 169
7150, 149
7154, 133
7158, 136
7162, 153
7166, 165
7170, 153
7174, 148
7178, 149
7182, 161
7186, 153
7190, 144
7194, 156
7198, 145
7202, 141
7206, 143
7210, 167
7214, 171
7218, 136
7222, 146
7226, 155
7230, 159
7234, 161
7238, 137
7242, 165
7246, 154
7250, 151
7254, 129
7258, 159
7262, 148
7266, 165
7270, 144
7274, 139
7278, 167
7282, 142
7286, 137
7290, 158
7294, 149
7298, 132
7302, 160
7306, 151
7310, 170
7314, 159
7318, 137
7322, 166
7326, 144
7330, 166
7334, 153
7338, 160
7342, 165
7346, 143
7350, 157
7354, 160
7358, 156
7362, 138
7366, 163
7370, 163
7374, 150
7378, 143
7382, 139
7386, 128
7390, 171
7394, 180
7398, 149
7402, 157
7406, 144
7410, 142
7414, 165
7418, 147
7422, 154
7426, 137
7430, 171
7434, 160
7438, 133
7442, 142
7446, 154
7450, 160
7454, 162
7458, 155
7462, 148
7466, 159
7470, 170
7474, 165
7478, 173
7482, 173
7486, 154
7490, 158
7494, 123
7498, 134
7502, 150
7506, 136
7510, 137
7514, 138
7518, 140
7522, 147
7526, 144
7530, 165
7534, 145
7538, 153
7542, 164
7546, 140
7550, 153
7554, 140
7558, 131
7562, 157
7566, 157
7570, 173
7574, 152
7578, 128
7582, 163
7586, 172
7590, 138
7594, 166
7598, 150
7602, 145
7606, 159
7610, 142
7614, 160
7618, 153
7622, 137
7626, 173
7630, 154
7634, 179
7638, 159
7642, 174
7646, 142
7650, 142
7654, 143
7658, 144
7662, 114
7666, 132
7670, 134
7674, 152
7678, 130
7682, 155
7686, 151
7690, 133
7694, 129
7698, 182
7702, 171
7706, 145
7710, 139
7714, 155
7718, 157
7722, 150
7726, 172
7730, 140
7734, 170
7738, 154
7742, 159
7746, 147
7750, 129
7754, 162
7758, 144
7762, 147
7766, 152
7770, 158
7774, 140
7778, 144
7782, 146
7786, 155
7790, 157
7794, 135
7798, 153
7802, 162
7806, 169
7810, 155
7814, 147
7818, 153
7822, 155
7826, 170
7830, 166
7834, 133
7838, 155
7842, 166
7846, 152
7850, 157
7854, 160
7858, 147
7862, 139
7866, 159
7870, 133
7874, 155
7878, 166
7882, 165
7886, 151
7890, 151
7894, 152
7898, 174
7902, 161
7906, 152
7910, 188
7914, 219
7918, 288
7922, 328
7926, 339
7930, 361
7934, 261
7938, 196
7942, 175
7946, 153
7950, 161
7954, 175
7958, 162
7962, 149
7966, 146
7970, 161
7974, 176
7978, 172
7982, 164
7986, 153
7990, 150
7994, 156
7998, 162
8002, 172
8006, 162
8010, 161
8014, 165
8018, 131
8022, 142
8026, 161
8030, 152
8034, 132
8038, 160
8042, 164
8046, 158
8050, 154
8054, 143
8058, 152
8062, 149
8066, 158
8070, 139
8074, 164
8078, 156
8082, 148
8086, 146
8090, 208
8094, 154
8098, 146
8102, 140
8106, 194
8110, 169
8114, 178
8118, 164
8122, 184
8126, 175
8130, 207
8134, 243
8138, 298
8142, 414
8146, 495
8150, 528
8154, 515
8158, 431
8162, 330
8166, 242
8170, 221
8174, 165
8178, 192
8182, 191
8186, 185
8190, 174
8194, 183
8198, 162
8202, 171
8206, 173
8210, 140
8214, 180
8218, 169
8222, 143
8226, 184
8230, 171
8234, 166
8238, 156
8242, 168
8246, 167
8250, 168
8254, 166
8258, 168
8262, 178
8266, 164
8270, 173
8274, 169
8278, 163
8282, 171
8286, 170
8290, 158
8294, 174
8298, 188
8302, 176
8306, 169
8310, 156
8314, 173
8318, 175
8322, 164
8326, 170
8330, 152
8334, 177
8338, 180
8342, 169
8346, 149
8350, 165
8354, 178
8358, 165
8362, 182
8366, 174
8370, 179
8374, 165
8378, 187
8382, 174
8386, 182
8390, 150
8394, 146
8398, 162
8402, 173
8406, 177
8410, 149
8414, 178
8418, 172
8422, 164
8426, 188
8430, 189
8434, 198
8438, 202
8442, 213
8446, 242
8450, 186
8454, 155
8458, 188
8462, 193
8466, 162
8470, 153
8474, 172
8478, 189
8482, 172
8486, 213
8490, 166
8494, 170
8498, 178
8502, 172
8506, 154
8510, 161
8514, 190
8518, 175
8522, 172
8526, 168
8530, 172
8534, 193
8538, 180
8542, 171
8546, 193
8550, 189
8554, 178
8558, 178
8562, 201
8566, 167
8570, 170
8574, 184
8578, 192
8582, 156
8586, 189
8590, 180
8594, 197
8598, 191
8602, 169
8606, 185
8610, 189
8614, 168
8618, 172
8622, 172
8626, 204
8630, 180
8634, 201
8638, 187
8642, 216
8646, 176
8650, 180
8654, 194
8658, 190
8662, 183
8666, 179
8670, 186
8674, 178
8678, 172
8682, 202
8686, 201
8690, 171
8694, 178
8698, 200
8702, 209
8706, 182
8710, 208
8714, 195
8718, 196
8722, 188
8726, 164
8730, 178
8734, 204
8738, 208
8742, 176
8746, 192
8750, 222
8754, 198
8758, 173
8762, 199
8766, 173
8770, 193
8774, 201
8778, 196
8782, 193
8786, 217
8790, 203
8794, 217
8798, 192
8802, 219
8806, 171
8810, 182
8814, 201
8818, 211
8822, 191
8826, 192
8830, 163
8834, 187
8838, 194
8842, 179
8846, 188
8850, 203
8854, 195
8858, 193
8862, 190
8866, 211
8870, 209
8874, 183
8878, 230
8882, 202
8886, 197
8890, 187
8894, 230
8898, 210
8902, 199
8906, 197
8910, 196
8914, 203
8918, 183
8922, 181
8926, 216
8930, 170
8934, 193
8938, 207
8942, 212
8946, 208
8950, 204
8954, 207
8958, 225
8962, 205
8966, 209
8970, 238
8974, 205
8978, 205
8982, 246
8986, 203
8990, 222
8994, 222
8998, 242
9002, 236
9006, 221
9010, 218
9014, 228
9018, 217
9022, 228
9026, 219
9030, 224
9034, 234
9038, 188
9042, 231
9046, 209
9050, 184
9054, 232
9058, 213
9062, 214
9066, 219
9070, 199
9074, 228
9078, 228
9082, 228
9086, 213
9090, 214
9094, 247
9098, 219
9102, 229
9106, 200
9110, 200
9114, 217
9118, 228
9122, 209
9126, 210
9130, 200
9134, 215
9138, 231
9142, 227
9146, 240
9150, 231
9154, 229
9158, 255
9162, 239
9166, 243
9170, 211
9174, 227
9178, 254
9182, 202
9186, 240
9190, 249
9194, 219
9198, 257
9202, 225
9206, 249
9210, 234
9214, 238
9218, 218
9222, 231
9226, 236
9230, 245
9234, 240
9238, 241
9242, 272
9246, 247
9250, 253
9254, 231
9258, 263
9262, 258
9266, 265
9270, 229
9274, 240
9278, 235
9282, 236
9286, 265
9290, 212
9294, 234
9298, 239
9302, 249
9306, 220
9310, 229
9314, 259
9318, 241
9322, 247
9326, 245
9330, 246
9334, 243
9338, 250
9342, 282
9346, 254
9350, 238
9354, 247
9358, 287
9362, 245
9366, 249
9370, 276
9374, 239
9378, 244
9382, 277
9386, 259
9390, 253
9394, 283
9398, 264
9402, 244
9406, 228
9410, 287
9414, 254
9418, 280
9422, 246
9426, 282
9430, 289
9434, 262
9438, 250
9442, 268
9446, 253
9450, 261
9454, 270
9458, 272
9462, 263
9466, 283
9470, 291
9474, 268
9478, 304
9482, 266
9486, 259
9490, 289
9494, 319
9498, 274
9502, 246
9506, 296
9510, 278
9514, 261
9518, 299
9522, 277
9526, 301
9530, 293
9534, 271
9538, 269
9542, 298
9546, 264
9550, 288
9554, 279
9558, 304
9562, 303
9566, 350
9570, 317
9574, 332
9578, 323
9582, 312
9586, 309
9590, 284
9594, 296
9598, 279
9602, 295
9606, 277
9610, 303
9614, 304
9618, 273
9622, 284
9626, 266
9630, 310
9634, 277
9638, 289
9642, 219
9646, 287
9650, 289
9654, 265
9658, 286
9662, 313
9666, 272
9670, 296
9674, 257
9678, 244
9682, 252
9686, 217
9690, 218
9694, 246
9698, 229
9702, 223
9706, 190
9710, 213
9714, 186
9718, 211
9722, 193
9726, 210
9730, 194
9734, 188
9738, 176
9742, 171
9746, 193
9750, 188
9754, 176
9758, 180
9762, 172
9766, 195
9770, 185
9774, 192
9778, 179
9782, 181
9786, 179
9790, 152
9794, 200
9798, 166
9802, 155
9806, 161
9810, 158
9814, 179
9818, 190
9822, 189
9826, 159
9830, 158
9834, 198
9838, 153
9842, 174
9846, 137
9850, 140
9854, 155
9858, 162
9862, 173
9866, 167
9870, 162
9874, 176
9878, 150
9882, 162
9886, 160
9890, 168
9894, 183
9898, 142
9902, 150
9906, 162
9910, 133
9914, 156
9918, 158
9922, 140
9926, 149
9930, 156
9934, 155
9938, 143
9942, 152
9946, 164
9950, 134
9954, 154
9958, 138
9962, 137
9966, 119
9970, 161
9974, 153
9978, 158
9982, 145
9986, 150
9990, 127
9994, 156
9998, 138
10002, 146
10006, 140
10010, 123
10014, 140
10018, 142
10022, 145
10026, 188
10030, 133
10034, 125
10038, 140
10042, 121
10046, 108
10050, 144
10054, 142
10058, 125
10062, 139
10066, 125
10070, 126
10074, 122
10078, 136
10082, 118
10086, 139
10090, 139
10094, 131
10098, 117
10102, 113
10106, 113
10110, 117
10114, 104
10118, 113
10122, 120
10126, 129
10130, 115
10134, 120
10138, 121
10142, 123
10146, 90
10150, 105
10154, 111
10158, 112
10162, 124
10166, 107
10170, 92
10174, 112
10178, 99
10182, 114
10186, 100
10190, 83
10194, 99
10198, 86
10202, 84
10206, 100
10210, 100
10214, 105
10218, 96
10222, 89
10226, 88
10230, 77
10234, 95
10238, 82
10242, 113
10246, 89
10250, 72
10254, 83
10258, 81
10262, 79
10266, 80
10270, 79
10274, 77
10278, 78
10282, 71
10286, 61
10290, 58
10294, 61
10298, 80
10302, 64
10306, 65
10310, 63
10314, 59
10318, 60
10322, 69
10326, 72
10330, 57
10334, 64
10338, 64
10342, 59
10346, 64
10350, 54
10354, 58
10358, 41
10362, 50
10366, 50
10370, 64
10374, 55
10378, 50
10382, 48
10386, 54
10390, 45
10394, 40
10398, 45
10402, 62
10406, 42
10410, 47
10414, 32
10418, 47
10422, 44
10426, 49
10430, 45
10434, 51
10438, 32
10442, 39
10446, 35
10450, 36
10454, 60
10458, 61
10462, 47
10466, 63
10470, 45
10474, 51
10478, 34
10482, 40
10486, 46
10490, 35
10494, 36
10498, 35
10502, 33
10506, 34
10510, 41
10514, 34
10518, 26
10522, 40
10526, 32
10530, 33
10534, 39
10538, 43
10542, 33
10546, 38
10550, 26
10554, 38
10558, 49
10562, 41
10566, 46
10570, 32
10574, 29
10578, 39
10582, 35
10586, 36
10590, 37
10594, 41
10598, 41
10602, 34
10606, 33
10610, 41
10614, 35
10618, 29
10622, 29
10626, 30
10630, 43
10634, 33
10638, 33
10642, 31
10646, 28
10650, 24
10654, 34
10658, 30
10662, 36
10666, 31
10670, 39
10674, 43
10678, 31
10682, 35
10686, 38
10690, 27
10694, 34
10698, 14
10702, 42
10706, 43
10710, 26
10714, 29
10718, 32
10722, 24
10726, 32
10730, 35
10734, 42
10738, 39
10742, 38
10746, 32
10750, 35
10754, 29
10758, 34
10762, 40
10766, 35
10770, 48
10774, 47
10778, 40
10782, 38
10786, 42
10790, 27
10794, 33
10798, 37
10802, 35
10806, 42
10810, 36
10814, 31
10818, 30
10822, 32
10826, 29
10830, 34
10834, 30
10838, 28
10842, 33
10846, 32
10850, 25
10854, 34
10858, 50
10862, 30
10866, 36
10870, 51
10874, 43
10878, 38
10882, 47
10886, 62
10890, 110
10894, 208
10898, 495
10902, 1128
10906, 2095
10910, 3662
10914, 5635
10918, 7404
10922, 7452
10926, 6008
10930, 3468
10934, 1596
10938, 617
10942, 251
10946, 106
10950, 39
10954, 38
10958, 24
10962, 18
10966, 25
10970, 19
10974, 16
10978, 24
10982, 14
10986, 23
10990, 14
10994, 17
10998, 10
11002, 23
11006, 17
11010, 9
11014, 14
11018, 7
11022, 12
11026, 16
11030, 7
11034, 14
11038, 17
11042, 8
11046, 15
11050, 21
11054, 16
11058, 7
11062, 12
11066, 15
11070, 9
11074, 10
11078, 17
11082, 18
11086, 10
11090, 21
11094, 11
11098, 12
11102, 13
11106, 6
11110, 8
11114, 8
11118, 9
11122, 17
11126, 16
11130, 3
11134, 16
11138, 13
11142, 12
11146, 5
11150, 14
11154, 14
11158, 9
11162, 7
11166, 10
11170, 16
11174, 18
11178, 17
11182, 12
11186, 15
11190, 9
11194, 22
11198, 25
11202, 44
11206, 43
11210, 47
11214, 54
11218, 48
11222, 25
11226, 28
11230, 23
11234, 21
11238, 18
11242, 10
11246, 11
11250, 12
11254, 6
11258, 9
11262, 12
11266, 12
11270, 15
11274, 13
11278, 10
11282, 12
11286, 8
11290, 4
11294, 6
11298, 18
11302, 15
11306, 17
11310, 10
11314, 15
11318, 11
11322, 21
11326, 22
11330, 15
11334, 13
11338, 11
11342, 10
11346, 12
11350, 4
11354, 9
11358, 9
11362, 7
11366, 10
11370, 14
11374, 15
11378, 11
11382, 11
11386, 10
11390, 16
11394, 20
11398, 12
11402, 19
11406, 23
11410, 26
11414, 18
11418, 13
11422, 13
11426, 16
11430, 13
11434, 12
11438, 11
11442, 10
11446, 15
11450, 16
11454, 12
11458, 7
11462, 6
11466, 21
11470, 17
11474, 16
11478, 12
11482, 11
11486, 19
11490, 16
11494, 17
11498, 26
11502, 10
11506, 8
11510, 15
11514, 12
11518, 16
11522, 13
11526, 14
11530, 13
11534, 11
11538, 11
11542, 14
11546, 14
11550, 13
11554, 17
11558, 9
11562, 10
11566, 13
11570, 12
11574, 17
11578, 11
11582, 6
11586, 9
11590, 16
11594, 13
11598, 21
11602, 17
11606, 13
11610, 10
11614, 12
11618, 12
11622, 10
11626, 12
11630, 16
11634, 11
11638, 16
11642, 10
11646, 6
11650, 16
11654, 12
11658, 19
11662, 14
11666, 11
11670, 7
11674, 9
11678, 10
11682, 16
11686, 15
11690, 10
11694, 15
11698, 12
11702, 14
11706, 10
11710, 16
11714, 10
11718, 11
11722, 12
11726, 13
11730, 8
11734, 16
11738, 12
11742, 7
11746, 9
11750, 17
11754, 18
11758, 12
11762, 15
11766, 16
11770, 12
11774, 19
11778, 21
11782, 9
11786, 16
11790, 15
11794, 11
11798, 21
11802, 9
11806, 11
11810, 15
11814, 13
11818, 10
11822, 15
11826, 11
11830, 13
11834, 19
11838, 11
11842, 8
11846, 15
11850, 18
11854, 12
11858, 15
11862, 16
11866, 13
11870, 15
11874, 18
11878, 11
11882, 18
11886, 11
11890, 16
11894, 19
11898, 7
11902, 12
11906, 16
11910, 13
11914, 20
11918, 15
11922, 16
11926, 11
11930, 21
11934, 15
11938, 21
11942, 12
11946, 23
11950, 24
11954, 32
11958, 31
11962, 30
11966, 24
11970, 9
11974, 20
11978, 12
11982, 15
11986, 15
11990, 19
11994, 10
11998, 22
12002, 13
12006, 17
12010, 17
12014, 11
12018, 18
12022, 14
12026, 19
12030, 13
12034, 14
12038, 11
12042, 14
12046, 15
12050, 17
12054, 14
12058, 12
12062, 11
12066, 18
12070, 13
12074, 12
12078, 8
12082, 13
12086, 14
12090, 14
12094, 16
12098, 12
12102, 14
12106, 11
12110, 18
12114, 19
12118, 19
12122, 12
12126, 6
12130, 18
12134, 23
12138, 20
12142, 8
12146, 16
12150, 14
12154, 11
12158, 16
12162, 19
12166, 18
12170, 20
12174, 16
12178, 10
12182, 13
12186, 15
12190, 15
12194, 10
12198, 16
12202, 13
12206, 20
12210, 12
12214, 15
12218, 23
12222, 13
12226, 13
12230, 13
12234, 16
12238, 15
12242, 13
12246, 9
12250, 16
12254, 15
12258, 9
12262, 26
12266, 14
12270, 8
12274, 17
12278, 8
12282, 15
12286, 5
12290, 12
12294, 7
12298, 21
12302, 18
12306, 9
12310, 14
12314, 20
12318, 18
12322, 15
12326, 13
12330, 11
12334, 16
12338, 16
12342, 19
12346, 13
12350, 8
12354, 19
12358, 18
12362, 13
12366, 20
12370, 15
12374, 20
12378, 13
12382, 11
12386, 12
12390, 12
12394, 17
12398, 13
12402, 22
12406, 11
12410, 18
12414, 17
12418, 10
12422, 18
12426, 14
12430, 14
12434, 13
12438, 23
12442, 17
12446, 20
12450, 19
12454, 16
12458, 11
12462, 19
12466, 13
12470, 14
12474, 15
12478, 16
12482, 17
12486, 19
12490, 16
12494, 17
12498, 17
12502, 10
12506, 7
12510, 20
12514, 14
12518, 17
12522, 17
12526, 17
12530, 13
12534, 15
12538, 17
12542, 16
12546, 13
12550, 9
12554, 23
12558, 15
12562, 20
12566, 20
12570, 24
12574, 19
12578, 17
12582, 16
12586, 9
12590, 19
12594, 11
12598, 24
12602, 16
12606, 13
12610, 16
12614, 15
12618, 16
12622, 15
12626, 15
12630, 13
12634, 10
12638, 19
12642, 14
12646, 22
12650, 15
12654, 18
12658, 15
12662, 10
12666, 21
12670, 20
12674, 15
12678, 15
12682, 21
12686, 18
12690, 22
12694, 24
12698, 13
12702, 13
12706, 14
12710, 17
12714, 15
12718, 14
12722, 18
12726, 12
12730, 16
12734, 9
12738, 9
12742, 14
12746, 10
12750, 14
12754, 11
12758, 14
12762, 11
12766, 14
12770, 7
12774, 11
12778, 18
12782, 16
12786, 13
12790, 15
12794, 21
12798, 11
12802, 14
12806, 11
12810, 14
12814, 13
12818, 10
12822, 11
12826, 17
12830, 15
12834, 24
12838, 16
12842, 17
12846, 10
12850, 9
12854, 10
12858, 9
12862, 12
12866, 12
12870, 14
12874, 10
12878, 6
12882, 11
12886, 11
12890, 15
12894, 8
12898, 8
12902, 12
12906, 6
12910, 5
12914, 15
12918, 15
12922, 7
12926, 8
12930, 9
12934, 6
12938, 13
12942, 9
12946, 16
12950, 11
12954, 13
12958, 13
12962, 15
12966, 14
12970, 8
12974, 16
12978, 11
12982, 11
12986, 9
12990, 7
12994, 8
12998, 8
13002, 4
13006, 8
13010, 10
13014, 2
13018, 9
13022, 9
13026, 9
13030, 11
13034, 13
13038, 9
13042, 10
13046, 13
13050, 8
13054, 9
13058, 11
13062, 13
13066, 13
13070, 10
13074, 12
13078, 22
13082, 15
13086, 13
13090, 12
13094, 13
13098, 11
13102, 8
13106, 13
13110, 10
13114, 4
13118, 10
13122, 10
13126, 11
13130, 12
13134, 7
13138, 7
13142, 10
13146, 2
13150, 4
13154, 7
13158, 9
13162, 8
13166, 8
13170, 9
13174, 15
13178, 10
13182, 15
13186, 11
13190, 14
13194, 8
13198, 5
13202, 6
13206, 8
13210, 9
13214, 10
13218, 10
13222, 8
13226, 9
13230, 5
13234, 7
13238, 9
13242, 2
13246, 5
13250, 10
13254, 9
13258, 3
13262, 10
13266, 9
13270, 6
13274, 13
13278, 11
13282, 7
13286, 10
13290, 13
13294, 6
13298, 2
13302, 7
13306, 6
13310, 6
13314, 8
13318, 5
13322, 8
13326, 6
13330, 5
13334, 12
13338, 5
13342, 8
13346, 8
13350, 7
13354, 8
13358, 6
13362, 6
13366, 4
13370, 2
13374, 4
13378, 3
13382, 5
13386, 4
13390, 4
13394, 5
13398, 9
13402, 7
13406, 7
13410, 6
13414, 4
13418, 6
13422, 4
13426, 5
13430, 4
13434, 4
13438, 3
13442, 4
13446, 9
13450, 5
13454, 8
13458, 2
13462, 9
13466, 6
13470, 5
13474, 7
13478, 5
13482, 1
13486, 2
13490, 2
13494, 3
13498, 5
13502, 2
13506, 3
13510, 3
13514, 1
13518, 3
13522, 3
13526, 3
13530, 2
13534, 2
13538, 8
13542, 5
13546, 4
13550, 3
13554, 3
13558, 4
13562, 2
13566, 6
13570, 2
13574, 3
13578, 4
13582, 3
13590, 6
13594, 2
13598, 5
13602, 2
13606, 6
13610, 2
13614, 3
13618, 8
13622, 7
13626, 8
13630, 4
13634, 11
13638, 11
13642, 17
13646, 12
13650, 9
13654, 4
13662, 5
13666, 4
13670, 2
13674, 4
13678, 3
13682, 5
13686, 1
13690, 5
13694, 3
13698, 1
13702, 8
13706, 5
13710, 3
13714, 4
13718, 2
13722, 4
13726, 3
13730, 1
13734, 2
13738, 3
13742, 4
13746, 3
13750, 3
13754, 5
13758, 5
13762, 2
13766, 1
13770, 2
13774, 8
13778, 3
13782, 3
13786, 1
13790, 5
13794, 5
13798, 6
13802, 3
13806, 1
13810, 4
13814, 2
13822, 7
13826, 3
13830, 8
13834, 1
13838, 3
13842, 4
13846, 2
13850, 1
13858, 5
13862, 1
13866, 3
13870, 3
13874, 1
13878, 1
13882, 9
13886, 1
13890, 3
13894, 2
13898, 5
13902, 4
13906, 3
13914, 6
13918, 6
13922, 1
13926, 3
13930, 3
13934, 5
13938, 8
13942, 6
13946, 3
13950, 9
13954, 14
13958, 18
13962, 53
13966, 95
13970, 129
13974, 215
13978, 298
13982, 301
13986, 303
13990, 199
13994, 120
13998, 67
14002, 22
14006, 8
14010, 6
14014, 2
14018, 1
14026, 4
14030, 3
14034, 1
14038, 4
14042, 2
14046, 3
14054, 2
14062, 4
14066, 4
14070, 4
14074, 3
14078, 7
14082, 2
14086, 11
14090, 23
14094, 28
14098, 31
14102, 18
14106, 15
14110, 4
14114, 5
14118, 1
14122, 3
14130, 3
14138, 3
14142, 2
14146, 3
14150, 2
14154, 5
14158, 2
14162, 9
14166, 16
14170, 29
14174, 43
14178, 46
14182, 50
14186, 26
14190, 14
14194, 16
14198, 7
14202, 3
14206, 3
14214, 1
14222, 1
14226, 2
14234, 2
14242, 2
14246, 2
14250, 1
14262, 2
14266, 2
14270, 3
14278, 1
14282, 2
14286, 1
14298, 1
14302, 1
14306, 1
14310, 4
14314, 1
14318, 3
14326, 1
14330, 1
14334, 1
14350, 1
14358, 3
14362, 1
14370, 2
14374, 2
14386, 2
14390, 2
14398, 1
14406, 1
14414, 1
14422, 3
14426, 2
14430, 1
14434, 1
14438, 1
14442, 2
14454, 1
14458, 2
14462, 1
14466, 1
14470, 4
14474, 2
14482, 2
14486, 3
14490, 1
14494, 1
14506, 2
14514, 1
14518, 1
14526, 1
14534, 2
14538, 2
14542, 1
14546, 2
14554, 1
14558, 1
14562, 1
14566, 2
14570, 1
14578, 1
14582, 5
14590, 1
14598, 1
14602, 2
14606, 2
14610, 1
14622, 1
14626, 2
14638, 1
14642, 1
14646, 1
14650, 1
14658, 3
14662, 3
14666, 2
14670, 3
14674, 4
14678, 1
14682, 6
14690, 1
14694, 5
14698, 2
14706, 1
14710, 2
14714, 1
14718, 2
14722, 1
14726, 2
14730, 2
14750, 3
14758, 1
14770, 3
14774, 1
14778, 2
14782, 5
14786, 2
14790, 5
14794, 9
14798, 4
14806, 3
14810, 1
14814, 1
14818, 1
14830, 1
14834, 1
14842, 2
14846, 1
14854, 1
14862, 1
14866, 1
14870, 2
14874, 2
14878, 1
14894, 1
14898, 2
14906, 1
14914, 2
14926, 2
14930, 1
14934, 1
14938, 2
14942, 4
14950, 1
14962, 1
14970, 1
14978, 1
14982, 2
14990, 2
14994, 2
14998, 1
15002, 1
15006, 1
15010, 3
15022, 2
15026, 2
15030, 1
15038, 1
15050, 1
15054, 1
15074, 1
15078, 1
15082, 2
15098, 2
15102, 1
15118, 2
15126, 1
15130, 1
15142, 2
15150, 1
15154, 2
15162, 1
15170, 1
15178, 2
15186, 3
15194, 1
15202, 1
15210, 1
15222, 1
15230, 1
15238, 1
15250, 1
15258, 1
15266, 2
15270, 2
15274, 1
15282, 1
15290, 1
15302, 2
15310, 1
15318, 1
15322, 2
15326, 1
15346, 1
15350, 2
15354, 1
15370, 1
15374, 1
15378, 1
15386, 1
15394, 1
15398, 2
15402, 1
15422, 1
15430, 1
15438, 1
15442, 1
15446, 2
15450, 2
15454, 2
15458, 1
15462, 1
15466, 1
15470, 4
15474, 3
15478, 5
15482, 6
15486, 8
15490, 8
15494, 7
15498, 4
15502, 6
15506, 2
15510, 3
15518, 2
15534, 1
15538, 1
15550, 1
15554, 1
15558, 2
15562, 1
15570, 2
15578, 1
15582, 1
15586, 2
15594, 4
15598, 7
15602, 5
15606, 4
15610, 7
15614, 6
15618, 4
15622, 1
15634, 1
15638, 1
15646, 1
15650, 2
15658, 1
15662, 1
15670, 2
15682, 1
15686, 1
15694, 1
15702, 1
15710, 2
15714, 1
15722, 2
15734, 1
15738, 3
15742, 1
15746, 1
15750, 1
15754, 1
15778, 2
15786, 1
15790, 1
15794, 1
15798, 2
15830, 1
15834, 1
15854, 4
15858, 1
15862, 1
15874, 3
15882, 1
15886, 2
15890, 1
15894, 2
15906, 4
15910, 3
15914, 2
15922, 1
15934, 1
15938, 2
15942, 1
15946, 1
15962, 2
15974, 1
15990, 1
15998, 2
