2, 129699
6, 16
10, 13
14, 18
18, 23
22, 22
26, 41
30, 57
34, 71
38, 107
42, 149
46, 193
50, 269
54, 375
58, 509
62, 647
66, 812
70, 1006
74, 1308
78, 1521
82, 1936
86, 2380
90, 2737
94, 3443
98, 4140
102, 4840
106, 5617
110, 6269
114, 7045
118, 7424
122, 8042
126, 8467
130, 8816
134, 9035
138, 9362
142, 9613
146, 9880
150, 10219
154, 10400
158, 10548
162, 10618
166, 10649
170, 10987
174, 11361
178, 11315
182, 11364
186, 11400
190, 11932
194, 11881
198, 11788
202, 12069
206, 12229
210, 11928
214, 12363
218, 12202
222, 12509
226, 12680
230, 12542
234, 12893
238, 12802
242, 13016
246, 12943
250, 12934
254, 13086
258, 13258
262, 13219
266, 13388
270, 13425
274, 13564
278, 13422
282, 13690
286, 13823
290, 13433
294, 13874
298, 13897
302, 14037
306, 14122
310, 13929
314, 14025
318, 14336
322, 14420
326, 14249
330, 14310
334, 14695
338, 14528
342, 14473
346, 14759
350, 14578
354, 14501
358, 14873
362, 14858
366, 15080
370, 14996
374, 14986
378, 15338
382, 15404
386, 15288
390, 15421
394, 15231
398, 15677
402, 15839
406, 15836
410, 15937
414, 15936
418, 15709
422, 15830
426, 15908
430, 15821
434, 15998
438, 16100
442, 16004
446, 16096
450, 16117
454, 16266
458, 16416
462, 16396
466, 16361
470, 16519
474, 16770
478, 16547
482, 16712
486, 16471
490, 16439
494, 16960
498, 16507
502, 16645
506, 16648
510, 16696
514, 16713
518, 16890
522, 16718
526, 17133
530, 17021
534, 16964
538, 17217
542, 16940
546, 17079
550, 17032
554, 17463
558, 17000
562, 17163
566, 17257
570, 17374
574, 17549
578, 17319
582, 17374
586, 17447
590, 17630
594, 17487
598, 17389
602, 17830
606, 17723
610, 17823
614, 17728
618, 17867
622, 17921
626, 17987
630, 17951
634, 18178
638, 17866
642, 18070
646, 18138
650, 18072
654, 18254
658, 18004
662, 18209
666, 17960
670, 18278
674, 18208
678, 18619
682, 18034
686, 18325
690, 18305
694, 18489
698, 18283
702, 18277
706, 18684
710, 18597
714, 18316
718, 18311
722, 18095
726, 18513
730, 18554
734, 18697
738, 18650
742, 18464
746, 18385
750, 18669
754, 18470
758, 18234
762, 18102
766, 18376
770, 18107
774, 18062
778, 18342
782, 18062
786, 18355
790, 18324
794, 18028
798, 18204
802, 18201
806, 17970
810, 17936
814, 18037
818, 18066
822, 18022
826, 17793
830, 18162
834, 17953
838, 17738
842, 17878
846, 17811
850, 17755
854, 17484
858, 17808
862, 17570
866, 17401
870, 17696
874, 17474
878, 17498
882, 17394
886, 17459
890, 17501
894, 17337
898, 17488
902, 17520
906, 17609
910, 17357
914, 17407
918, 17527
922, 17579
926, 17688
930, 17343
934, 17269
938, 17879
942, 17683
946, 17826
950, 17928
954, 18133
958, 18157
962, 18387
966, 18592
970, 18548
974, 18749
978, 19038
982, 18995
986, 19032
990, 19161
994, 19530
998, 19525
1002, 19341
1006, 19625
1010, 19480
1014, 19737
1018, 19888
1022, 19730
1026, 19298
1030, 19613
1034, 19606
1038, 19623
1042, 19247
1046, 18979
1050, 19162
1054, 18998
1058, 18835
1062, 18746
1066, 18757
1070, 18652
1074, 18606
1078, 18355
1082, 18263
1086, 18394
1090, 17743
1094, 17599
1098, 17785
1102, 17715
1106, 17218
1110, 17287
1114, 17380
1118, 17166
1122, 17087
1126, 16737
1130, 16804
1134, 16562
1138, 16685
1142, 16439
1146, 16104
1150, 16034
1154, 16078
1158, 16076
1162, 15663
1166, 15782
1170, 15671
1174, 15654
1178, 15459
1182, 15671
1186, 15247
1190, 15286
1194, 15501
1198, 15191
1202, 15068
1206, 14951
1210, 14630
1214, 14624
1218, 14736
1222, 14807
1226, 14504
1230, 14552
1234, 14703
1238, 14778
1242, 14453
1246, 14478
1250, 14445
1254, 14587
1258, 14423
1262, 14505
1266, 14403
1270, 14474
1274, 14688
1278, 14258
1282, 14502
1286, 13978
1290, 14016
1294, 14101
1298, 14171
1302, 14114
1306, 14048
1310, 13694
1314, 14113
1318, 13761
1322, 13788
1326, 13842
1330, 13760
1334, 13749
1338, 13471
1342, 13706
1346, 13364
1350, 13330
1354, 13399
1358, 13362
1362, 13176
1366, 13186
1370, 13014
1374, 13119
1378, 13005
1382, 12956
1386, 12851
1390, 12812
1394, 12774
1398, 12583
1402, 12659
1406, 12909
1410, 12668
1414, 12467
1418, 12463
1422, 12242
1426, 12320
1430, 12167
1434, 12255
1438, 12265
1442, 12126
1446, 12110
1450, 11982
1454, 11895
1458, 11817
1462, 11960
1466, 11636
1470, 12017
1474, 11617
1478, 11366
1482, 11533
1486, 11502
1490, 11374
1494, 11510
1498, 11243
1502, 11412
1506, 11329
1510, 11281
1514, 11225
1518, 11312
1522, 11083
1526, 11130
1530, 10926
1534, 10960
1538, 11102
1542, 10928
1546, 11026
1550, 10795
1554, 10596
1558, 10848
1562, 10809
1566, 10853
1570, 10556
1574, 10616
1578, 10401
1582, 10491
1586, 10447
1590, 10466
1594, 10501
1598, 10419
1602, 10535
1606, 10252
1610, 10335
1614, 10127
1618, 10344
1622, 10192
1626, 9989
1630, 10208
1634, 10071
1638, 10212
1642, 9934
1646, 9898
1650, 9983
1654, 9793
1658, 9966
1662, 9873
1666, 9941
1670, 9893
1674, 9709
1678, 9807
1682, 9854
1686, 9752
1690, 9580
1694, 9566
1698, 9754
1702, 9707
1706, 9593
1710, 9618
1714, 9399
1718, 9533
1722, 9485
1726, 9466
1730, 9389
1734, 9572
1738, 9448
1742, 9436
1746, 9385
1750, 9342
1754, 9376
1758, 9313
1762, 9440
1766, 9315
1770, 9281
1774, 9462
1778, 9353
1782, 9301
1786, 9314
1790, 9159
1794, 9247
1798, 9343
1802, 8994
1806, 9398
1810, 9362
1814, 9117
1818, 9229
1822, 9150
1826, 9208
1830, 9126
1834, 9057
1838, 9053
1842, 9269
1846, 8962
1850, 9095
1854, 9099
1858, 9190
1862, 9257
1866, 8869
1870, 9016
1874, 8974
1878, 9170
1882, 9078
1886, 9039
1890, 9116
1894, 8967
1898, 8866
1902, 9067
1906, 9068
1910, 8839
1914, 9093
1918, 9008
1922, 8981
1926, 9045
1930, 9058
1934, 8914
1938, 9057
1942, 8963
1946, 9021
1950, 8970
1954, 8954
1958, 8971
1962, 8920
1966, 8962
1970, 9045
1974, 9062
1978, 9132
1982, 9053
1986, 9199
1990, 9038
1994, 9088
1998, 9216
2002, 9283
2006, 9144
2010, 9125
2014, 8891
2018, 9356
2022, 9165
2026, 9218
2030, 9107
2034, 9075
2038, 9227
2042, 9208
2046, 9230
2050, 9153
2054, 9333
2058, 9353
2062, 9119
2066, 9267
2070, 9220
2074, 9380
2078, 9325
2082, 9351
2086, 9505
2090, 9542
2094, 9454
2098, 9556
2102, 9266
2106, 9466
2110, 9191
2114, 9432
2118, 9192
2122, 9226
2126, 9291
2130, 9280
2134, 9335
2138, 9161
2142, 9091
2146, 9164
2150, 9049
2154, 9078
2158, 9073
2162, 9219
2166, 8961
2170, 9276
2174, 8862
2178, 9120
2182, 8800
2186, 9022
2190, 8814
2194, 8770
2198, 8815
2202, 8613
2206, 8622
2210, 8585
2214, 8429
2218, 8386
2222, 8361
2226, 8263
2230, 8010
2234, 8046
2238, 7725
2242, 7733
2246, 7497
2250, 7469
2254, 7302
2258, 7121
2262, 7030
2266, 6782
2270, 6766
2274, 6699
2278, 6370
2282, 6537
2286, 6383
2290, 6101
2294, 6060
2298, 5971
2302, 5865
2306, 5986
2310, 5746
2314, 5830
2318, 5817
2322, 5732
2326, 5601
2330, 5706
2334, 5482
2338, 5485
2342, 5389
2346, 5334
2350, 5360
2354, 5340
2358, 5198
2362, 5175
2366, 5083
2370, 5166
2374, 5189
2378, 5065
2382, 4976
2386, 5109
2390, 5044
2394, 5040
2398, 4851
2402, 4720
2406, 4813
2410, 4804
2414, 4682
2418, 4736
2422, 4641
2426, 4565
2430, 4714
2434, 4504
2438, 4577
2442, 4604
2446, 4625
2450, 4516
2454, 4505
2458, 4497
2462, 4296
2466, 4477
2470, 4382
2474, 4189
2478, 4320
2482, 4377
2486, 4306
2490, 4238
2494, 4227
2498, 4062
2502, 4097
2506, 4044
2510, 4008
2514, 4000
2518, 4059
2522, 3867
2526, 3920
2530, 3856
2534, 3895
2538, 4099
2542, 3797
2546, 3604
2550, 3828
2554, 3856
2558, 3696
2562, 3697
2566, 3754
2570, 3648
2574, 3592
2578, 3586
2582, 3565
2586, 3543
2590, 3595
2594, 3547
2598, 3460
2602, 3417
2606, 3513
2610, 3420
2614, 3474
2618, 3299
2622, 3315
2626, 3256
2630, 3341
2634, 3268
2638, 3154
2642, 3289
2646, 3197
2650, 3154
2654, 3115
2658, 3146
2662, 3092
2666, 3202
2670, 3167
2674, 3118
2678, 3116
2682, 3140
2686, 3052
2690, 3081
2694, 3124
2698, 3081
2702, 3049
2706, 3161
2710, 3003
2714, 3052
2718, 2914
2722, 2973
2726, 2889
2730, 2856
2734, 2822
2738, 2868
2742, 2845
2746, 2918
2750, 2860
2754, 2798
2758, 3018
2762, 2849
2766, 2967
2770, 3007
2774, 3124
2778, 3261
2782, 3175
2786, 3289
2790, 3394
2794, 3525
2798, 3608
2802, 3711
2806, 3964
2810, 4137
2814, 4311
2818, 4347
2822, 4401
2826, 4227
2830, 4064
2834, 3882
2838, 3639
2842, 3496
2846, 3344
2850, 3106
2854, 3052
2858, 3014
2862, 2890
2866, 2824
2870, 2722
2874, 2621
2878, 2669
2882, 2654
2886, 2488
2890, 2549
2894, 2535
2898, 2460
2902, 2438
2906, 2508
2910, 2503
2914, 2394
2918, 2465
2922, 2346
2926, 2362
2930, 2281
2934, 2387
2938, 2421
2942, 2336
2946, 2453
2950, 2305
2954, 2390
2958, 2252
2962, 2327
2966, 2241
2970, 2275
2974, 2293
2978, 2339
2982, 2289
2986, 2268
2990, 2329
2994, 2343
2998, 2308
3002, 2325
3006, 2267
3010, 2297
3014, 2304
3018, 2369
3022, 2361
3026, 2291
3030, 2284
3034, 2344
3038, 2405
3042, 2422
3046, 2456
3050, 2537
3054, 2750
3058, 2863
3062, 3174
3066, 3524
3070, 3916
3074, 4156
3078, 4673
3082, 5014
3086, 5317
3090, 5824
3094, 6095
3098, 6733
3102, 7933
3106, 9001
3110, 10359
3114, 11571
3118, 12256
3122, 12145
3126, 11617
3130, 10603
3134, 9035
3138, 7675
3142, 6692
3146, 5961
3150, 5576
3154, 5362
3158, 5401
3162, 5559
3166, 5640
3170, 5954
3174, 6762
3178, 7907
3182, 9498
3186, 11425
3190, 13753
3194, 15748
3198, 17865
3202, 19774
3206, 21890
3210, 24379
3214, 27603
3218, 32801
3222, 39419
3226, 47184
3230, 54308
3234, 59592
3238, 60117
3242, 57219
3246, 51412
3250, 43074
3254, 35099
3258, 27857
3262, 22534
3266, 18715
3270, 16743
3274, 15144
3278, 13698
3282, 12180
3286, 10845
3290, 8848
3294, 7528
3298, 6289
3302, 5482
3306, 4499
3310, 3716
3314, 3285
3318, 2910
3322, 2730
3326, 2522
3330, 2374
3334, 2108
3338, 2067
3342, 1892
3346, 1845
3350, 1687
3354, 1704
3358, 1555
3362, 1564
3366, 1478
3370, 1475
3374, 1446
3378, 1511
3382, 1437
3386, 1416
3390, 1410
3394, 1436
3398, 1374
3402, 1491
3406, 1413
3410, 1496
3414, 1379
3418, 1490
3422, 1440
3426, 1431
3430, 1413
3434, 1313
3438, 1325
3442, 1348
3446, 1296
3450, 1279
3454, 1343
3458, 1252
3462, 1263
3466, 1249
3470, 1260
3474, 1214
3478, 1170
3482, 1262
3486, 1183
3490, 1225
3494, 1297
3498, 1224
3502, 1207
3506, 1220
3510, 1242
3514, 1179
3518, 1270
3522, 1217
3526, 1190
3530, 1245
3534, 1229
3538, 1215
3542, 1258
3546, 1214
3550, 1196
3554, 1167
3558, 1196
3562, 1253
3566, 1204
3570, 1192
3574, 1242
3578, 1201
3582, 1234
3586, 1251
3590, 1218
3594, 1141
3598, 1258
3602, 1143
3606, 1247
3610, 1211
3614, 1204
3618, 1231
3622, 1226
3626, 1135
3630, 1195
3634, 1164
3638, 1127
3642, 1222
3646, 1233
3650, 1208
3654, 1186
3658, 1172
3662, 1245
3666, 1159
3670, 1169
3674, 1134
3678, 1185
3682, 1142
3686, 1172
3690, 1152
3694, 1190
3698, 1250
3702, 1139
3706, 1128
3710, 1065
3714, 1129
3718, 1195
3722, 1202
3726, 1188
3730, 1208
3734, 1178
3738, 1193
3742, 1146
3746, 1130
3750, 1133
3754, 1178
3758, 1179
3762, 1094
3766, 1148
3770, 1132
3774, 1147
3778, 1150
3782, 1135
3786, 1178
3790, 1122
3794, 1133
3798, 1141
3802, 1092
3806, 1072
3810, 1090
3814, 1079
3818, 1126
3822, 1161
3826, 1187
3830, 1108
3834, 1093
3838, 1179
3842, 1147
3846, 1077
3850, 1117
3854, 1206
3858, 1080
3862, 1182
3866, 1124
3870, 1141
3874, 1133
3878, 1127
3882, 1110
3886, 1102
3890, 1095
3894, 1111
3898, 1177
3902, 1076
3906, 1139
3910, 1128
3914, 1094
3918, 1084
3922, 1091
3926, 1099
3930, 1164
3934, 1123
3938, 1124
3942, 1140
3946, 1065
3950, 1111
3954, 1089
3958, 1121
3962, 1126
3966, 1124
3970, 1087
3974, 1103
3978, 1107
3982, 1136
3986, 1118
3990, 1095
3994, 1089
3998, 1103
4002, 1099
4006, 1119
4010, 1082
4014, 1059
4018, 1108
4022, 1106
4026, 1134
4030, 1148
4034, 1097
4038, 1065
4042, 1083
4046, 1017
4050, 1111
4054, 1126
4058, 1028
4062, 1036
4066, 1073
4070, 1097
4074, 1086
4078, 1154
4082, 1073
4086, 1045
4090, 1087
4094, 1106
4098, 1007
4102, 1055
4106, 1054
4110, 1058
4114, 1089
4118, 1142
4122, 1098
4126, 1106
4130, 1062
4134, 1047
4138, 1047
4142, 1151
4146, 1052
4150, 1097
4154, 1078
4158, 1038
4162, 1007
4166, 1063
4170, 1095
4174, 1106
4178, 1023
4182, 1078
4186, 1080
4190, 1049
4194, 1066
4198, 1043
4202, 1084
4206, 1062
4210, 1133
4214, 1060
4218, 1049
4222, 1047
4226, 993
4230, 1057
4234, 1057
4238, 1054
4242, 1131
4246, 1113
4250, 1037
4254, 1048
4258, 1003
4262, 1048
4266, 1021
4270, 1058
4274, 1099
4278, 1025
4282, 1051
4286, 1035
4290, 1016
4294, 996
4298, 1105
4302, 1117
4306, 990
4310, 1021
4314, 1052
4318, 1029
4322, 1005
4326, 1015
4330, 1023
4334, 1075
4338, 977
4342, 1048
4346, 988
4350, 1042
4354, 986
4358, 1036
4362, 1069
4366, 1024
4370, 1037
4374, 1027
4378, 1032
4382, 989
4386, 1036
4390, 974
4394, 1103
4398, 997
4402, 1004
4406, 1036
4410, 1079
4414, 992
4418, 1041
4422, 1012
4426, 1098
4430, 1009
4434, 1059
4438, 1074
4442, 1047
4446, 1067
4450, 1141
4454, 1104
4458, 1086
4462, 1054
4466, 1061
4470, 1084
4474, 1081
4478, 1121
4482, 1131
4486, 1050
4490, 1045
4494, 1044
4498, 1000
4502, 1077
4506, 1034
4510, 1014
4514, 1031
4518, 1061
4522, 1077
4526, 964
4530, 1051
4534, 979
4538, 1061
4542, 1074
4546, 1005
4550, 1014
4554, 1006
4558, 1038
4562, 1034
4566, 1065
4570, 1007
4574, 1010
4578, 1070
4582, 995
4586, 1050
4590, 987
4594, 1069
4598, 1039
4602, 1053
4606, 984
4610, 1000
4614, 989
4618, 1021
4622, 997
4626, 1022
4630, 1056
4634, 1070
4638, 1021
4642, 1041
4646, 946
4650, 1020
4654, 1032
4658, 1041
4662, 960
4666, 989
4670, 1023
4674, 1016
4678, 1036
4682, 1015
4686, 1029
4690, 1014
4694, 972
4698, 988
4702, 1023
4706, 1050
4710, 1015
4714, 989
4718, 1022
4722, 1033
4726, 1086
4730, 1028
4734, 1022
4738, 1002
4742, 1013
4746, 1058
4750, 1048
4754, 1081
4758, 1069
4762, 1098
4766, 1077
4770, 1083
4774, 1083
4778, 1037
4782, 992
4786, 1011
4790, 1063
4794, 1016
4798, 1034
4802, 997
4806, 1032
4810, 1026
4814, 1017
4818, 1000
4822, 1003
4826, 991
4830, 1006
4834, 979
4838, 1001
4842, 1012
4846, 1039
4850, 1016
4854, 972
4858, 1001
4862, 946
4866, 1057
4870, 942
4874, 955
4878, 1009
4882, 1007
4886, 1041
4890, 898
4894, 955
4898, 986
4902, 983
4906, 1057
4910, 1030
4914, 987
4918, 979
4922, 941
4926, 1018
4930, 1056
4934, 936
4938, 993
4942, 1014
4946, 1022
4950, 1027
4954, 979
4958, 944
4962, 916
4966, 997
4970, 951
4974, 1004
4978, 980
4982, 987
4986, 980
4990, 987
4994, 1069
4998, 968
5002, 944
5006, 1008
5010, 964
5014, 984
5018, 968
5022, 977
5026, 1017
5030, 978
5034, 969
5038, 979
5042, 1026
5046, 969
5050, 921
5054, 983
5058, 984
5062, 1001
5066, 993
5070, 954
5074, 988
5078, 952
5082, 992
5086, 1004
5090, 998
5094, 964
5098, 990
5102, 962
5106, 947
5110, 972
5114, 992
5118, 1015
5122, 977
5126, 996
5130, 991
5134, 985
5138, 958
5142, 973
5146, 933
5150, 972
5154, 982
5158, 979
5162, 983
5166, 955
5170, 1016
5174, 948
5178, 1003
5182, 991
5186, 992
5190, 1015
5194, 984
5198, 979
5202, 942
5206, 959
5210, 990
5214, 934
5218, 929
5222, 981
5226, 911
5230, 968
5234, 971
5238, 1022
5242, 954
5246, 965
5250, 1036
5254, 1019
5258, 987
5262, 947
5266, 990
5270, 1003
5274, 995
5278, 936
5282, 969
5286, 962
5290, 957
5294, 1004
5298, 941
5302, 1026
5306, 1032
5310, 964
5314, 1008
5318, 1017
5322, 1001
5326, 943
5330, 997
5334, 990
5338, 1012
5342, 980
5346, 1010
5350, 983
5354, 1009
5358, 1015
5362, 1050
5366, 959
5370, 960
5374, 1000
5378, 964
5382, 974
5386, 937
5390, 1000
5394, 1040
5398, 958
5402, 1030
5406, 1054
5410, 1031
5414, 1055
5418, 1110
5422, 1074
5426, 1190
5430, 1259
5434, 1334
5438, 1354
5442, 1440
5446, 1482
5450, 1513
5454, 1560
5458, 1667
5462, 1795
5466, 2065
5470, 2284
5474, 2431
5478, 2465
5482, 2435
5486, 2387
5490, 2319
5494, 2058
5498, 1909
5502, 1666
5506, 1528
5510, 1418
5514, 1434
5518, 1421
5522, 1365
5526, 1293
5530, 1311
5534, 1281
5538, 1227
5542, 1134
5546, 1175
5550, 1099
5554, 1032
5558, 1091
5562, 1079
5566, 1169
5570, 1098
5574, 1064
5578, 1028
5582, 1059
5586, 1050
5590, 1064
5594, 1113
5598, 1027
5602, 1122
5606, 1096
5610, 1041
5614, 1022
5618, 1083
5622, 1099
5626, 1025
5630, 1064
5634, 1125
5638, 1057
5642, 1047
5646, 1100
5650, 1056
5654, 1060
5658, 1177
5662, 1031
5666, 1098
5670, 1049
5674, 1101
5678, 1085
5682, 1054
5686, 1055
5690, 1077
5694, 1061
5698, 1069
5702, 1124
5706, 1089
5710, 1079
5714, 1129
5718, 1061
5722, 1102
5726, 1141
5730, 1132
5734, 1073
5738, 1101
5742, 1094
5746, 1099
5750, 1169
5754, 1070
5758, 1093
5762, 1104
5766, 1045
5770, 1050
5774, 1135
5778, 1062
5782, 1060
5786, 1085
5790, 1078
5794, 1074
5798, 1063
5802, 1102
5806, 1011
5810, 1085
5814, 1114
5818, 1114
5822, 1124
5826, 1081
5830, 1003
5834, 1032
5838, 1095
5842, 1093
5846, 1098
5850, 1127
5854, 1082
5858, 1109
5862, 1024
5866, 1071
5870, 1065
5874, 1122
5878, 1093
5882, 1112
5886, 1079
5890, 1133
5894, 1056
5898, 1077
5902, 1039
5906, 1058
5910, 1100
5914, 1014
5918, 1034
5922, 1044
5926, 1044
5930, 1038
5934, 1072
5938, 1045
5942, 1053
5946, 1087
5950, 1036
5954, 1104
5958, 990
5962, 1113
5966, 1035
5970, 1012
5974, 1072
5978, 1062
5982, 1106
5986, 1163
5990, 1009
5994, 1068
5998, 1054
6002, 1046
6006, 1007
6010, 1037
6014, 1036
6018, 1130
6022, 1092
6026, 1050
6030, 1041
6034, 1032
6038, 1077
6042, 1104
6046, 1055
6050, 1085
6054, 1055
6058, 1037
6062, 1062
6066, 1024
6070, 1024
6074, 1037
6078, 1027
6082, 1063
6086, 1090
6090, 1030
6094, 1014
6098, 1072
6102, 1001
6106, 1073
6110, 1059
6114, 1085
6118, 1070
6122, 981
6126, 1035
6130, 1046
6134, 1075
6138, 1021
6142, 1060
6146, 1034
6150, 1069
6154, 1033
6158, 1080
6162, 1080
6166, 1055
6170, 1068
6174, 1086
6178, 1025
6182, 1113
6186, 1112
6190, 1004
6194, 1090
6198, 1037
6202, 1071
6206, 1027
6210, 1041
6214, 1032
6218, 1100
6222, 1078
6226, 1069
6230, 1046
6234, 1053
6238, 1073
6242, 1034
6246, 1098
6250, 1057
6254, 1045
6258, 1014
6262, 1080
6266, 1068
6270, 1074
6274, 1061
6278, 1063
6282, 1013
6286, 1106
6290, 1059
6294, 1002
6298, 1021
6302, 1058
6306, 1101
6310, 1087
6314, 1038
6318, 1013
6322, 1064
6326, 1086
6330, 1029
6334, 1011
6338, 1020
6342, 1028
6346, 1056
6350, 1052
6354, 1109
6358, 1053
6362, 1076
6366, 1093
6370, 1105
6374, 1030
6378, 1103
6382, 1051
6386, 1038
6390, 1104
6394, 1104
6398, 1036
6402, 1022
6406, 1005
6410, 1005
6414, 1112
6418, 1059
6422, 1033
6426, 1098
6430, 1100
6434, 1049
6438, 1027
6442, 1024
6446, 1066
6450, 1053
6454, 1098
6458, 1114
6462, 1061
6466, 1104
6470, 1109
6474, 1043
6478, 1089
6482, 1131
6486, 1075
6490, 1082
6494, 1036
6498, 1088
6502, 1093
6506, 1101
6510, 1096
6514, 1088
6518, 1078
6522, 1111
6526, 1048
6530, 1061
6534, 1079
6538, 1115
6542, 1096
6546, 1055
6550, 1075
6554, 1079
6558, 1120
6562, 1088
6566, 1051
6570, 1087
6574, 1101
6578, 1077
6582, 1052
6586, 1087
6590, 1053
6594, 1067
6598, 1011
6602, 1076
6606, 1050
6610, 1091
6614, 1044
6618, 1078
6622, 1088
6626, 1059
6630, 1069
6634, 1026
6638, 1068
6642, 1043
6646, 1066
6650, 1053
6654, 1076
6658, 1082
6662, 1110
6666, 1112
6670, 1118
6674, 1063
6678, 1128
6682, 1097
6686, 1046
6690, 1119
6694, 1055
6698, 1129
6702, 1098
6706, 1075
6710, 1064
6714, 1069
6718, 1104
6722, 1062
6726, 1119
6730, 1088
6734, 1101
6738, 1129
6742, 1073
6746, 1057
6750, 1040
6754, 1073
6758, 1089
6762, 1158
6766, 1091
6770, 1116
6774, 1055
6778, 1045
6782, 1120
6786, 1090
6790, 1100
6794, 1123
6798, 1140
6802, 1055
6806, 1068
6810, 1059
6814, 1078
6818, 1126
6822, 1010
6826, 1063
6830, 1066
6834, 1061
6838, 1101
6842, 1101
6846, 1126
6850, 1064
6854, 1107
6858, 1080
6862, 1092
6866, 1135
6870, 1079
6874, 1093
6878, 1131
6882, 1072
6886, 1125
6890, 1142
6894, 1087
6898, 1101
6902, 1068
6906, 1094
6910, 1116
6914, 1040
6918, 1052
6922, 1102
6926, 1108
6930, 1091
6934, 1107
6938, 1080
6942, 1058
6946, 1135
6950, 1131
6954, 1132
6958, 1168
6962, 1110
6966, 1111
6970, 1093
6974, 1122
6978, 1104
6982, 1054
6986, 1098
6990, 1086
6994, 1135
6998, 1092
7002, 1162
7006, 1146
7010, 1130
7014, 1131
7018, 1176
7022, 1178
7026, 1091
7030, 1148
7034, 1156
7038, 1107
7042, 1098
7046, 1130
7050, 1107
7054, 1167
7058, 1115
7062, 1116
7066, 1127
7070, 1105
7074, 1101
7078, 1103
7082, 1116
7086, 1208
7090, 1090
7094, 1145
7098, 1175
7102, 1195
7106, 1119
7110, 1201
7114, 1155
7118, 1138
7122, 1225
7126, 1237
7130, 1366
7134, 1370
7138, 1282
7142, 1351
7146, 1372
7150, 1443
7154, 1500
7158, 1535
7162, 1605
7166, 1685
7170, 1721
7174, 1648
7178, 1654
7182, 1543
7186, 1462
7190, 1386
7194, 1345
7198, 1397
7202, 1300
7206, 1302
7210, 1313
7214, 1209
7218, 1219
7222, 1262
7226, 1187
7230, 1180
7234, 1137
7238, 1147
7242, 1223
7246, 1168
7250, 1211
7254, 1178
7258, 1065
7262, 1183
7266, 1142
7270, 1204
7274, 1092
7278, 1162
7282, 1189
7286, 1163
7290, 1166
7294, 1213
7298, 1194
7302, 1188
7306, 1181
7310, 1168
7314, 1192
7318, 1105
7322, 1132
7326, 1188
7330, 1185
7334, 1240
7338, 1197
7342, 1166
7346, 1193
7350, 1125
7354, 1143
7358, 1124
7362, 1155
7366, 1159
7370, 1109
7374, 1129
7378, 1184
7382, 1177
7386, 1058
7390, 1149
7394, 1125
7398, 1108
7402, 1130
7406, 1160
7410, 1143
7414, 1107
7418, 1150
7422, 1202
7426, 1227
7430, 1126
7434, 1183
7438, 1120
7442, 1236
7446, 1148
7450, 1189
7454, 1162
7458, 1162
7462, 1121
7466, 1129
7470, 1182
7474, 1115
7478, 1140
7482, 1121
7486, 1212
7490, 1151
7494, 1146
7498, 1196
7502, 1167
7506, 1139
7510, 1156
7514, 1134
7518, 1126
7522, 1125
7526, 1078
7530, 1106
7534, 1181
7538, 1136
7542, 1103
7546, 1138
7550, 1147
7554, 1176
7558, 1175
7562, 1197
7566, 1192
7570, 1162
7574, 1204
7578, 1232
7582, 1187
7586, 1192
7590, 1211
7594, 1171
7598, 1190
7602, 1191
7606, 1201
7610, 1169
7614, 1178
7618, 1166
7622, 1226
7626, 1167
7630, 1156
7634, 1153
7638, 1208
7642, 1222
7646, 1176
7650, 1207
7654, 1185
7658, 1150
7662, 1179
7666, 1191
7670, 1176
7674, 1119
7678, 1191
7682, 1195
7686, 1162
7690, 1176
7694, 1182
7698, 1160
7702, 1155
7706, 1164
7710, 1201
7714, 1140
7718, 1174
7722, 1158
7726, 1256
7730, 1133
7734, 1195
7738, 1189
7742, 1117
7746, 1158
7750, 1229
7754, 1170
7758, 1191
7762, 1179
7766, 1233
7770, 1156
7774, 1157
7778, 1209
7782, 1195
7786, 1257
7790, 1209
7794, 1209
7798, 1187
7802, 1242
7806, 1155
7810, 1151
7814, 1204
7818, 1183
7822, 1175
7826, 1195
7830, 1155
7834, 1247
7838, 1225
7842, 1186
7846, 1189
7850, 1212
7854, 1195
7858, 1180
7862, 1218
7866, 1121
7870, 1246
7874, 1169
7878, 1141
7882, 1161
7886, 1267
7890, 1203
7894, 1191
7898, 1191
7902, 1202
7906, 1247
7910, 1290
7914, 1261
7918, 1236
7922, 1174
7926, 1184
7930, 1226
7934, 1242
7938, 1185
7942, 1175
7946, 1225
7950, 1208
7954, 1204
7958, 1170
7962, 1193
7966, 1279
7970, 1285
7974, 1236
7978, 1160
7982, 1246
7986, 1229
7990, 1245
7994, 1194
7998, 1241
8002, 1180
8006, 1237
8010, 1239
8014, 1255
8018, 1215
8022, 1207
8026, 1237
8030, 1178
8034, 1233
8038, 1257
8042, 1269
8046, 1280
8050, 1246
8054, 1213
8058, 1282
8062, 1272
8066, 1294
8070, 1247
8074, 1240
8078, 1325
8082, 1292
8086, 1259
8090, 1255
8094, 1197
8098, 1242
8102, 1312
8106, 1169
8110, 1258
8114, 1217
8118, 1253
8122, 1244
8126, 1288
8130, 1316
8134, 1205
8138, 1249
8142, 1233
8146, 1318
8150, 1230
8154, 1287
8158, 1270
8162, 1267
8166, 1249
8170, 1212
8174, 1269
8178, 1281
8182, 1328
8186, 1271
8190, 1284
8194, 1287
8198, 1332
8202, 1322
8206, 1289
8210, 1297
8214, 1352
8218, 1263
8222, 1309
8226, 1333
8230, 1352
8234, 1377
8238, 1367
8242, 1413
8246, 1488
8250, 1498
8254, 1530
8258, 1534
8262, 1705
8266, 1689
8270, 1771
8274, 1816
8278, 1969
8282, 2008
8286, 2149
8290, 2353
8294, 2447
8298, 2534
8302, 2651
8306, 2553
8310, 2572
8314, 2486
8318, 2300
8322, 2168
8326, 1994
8330, 1777
8334, 1842
8338, 1764
8342, 1704
8346, 1649
8350, 1546
8354, 1479
8358, 1427
8362, 1504
8366, 1428
8370, 1404
8374, 1476
8378, 1388
8382, 1384
8386, 1338
8390, 1439
8394, 1480
8398, 1360
8402, 1358
8406, 1349
8410, 1360
8414, 1421
8418, 1424
8422, 1360
8426, 1371
8430, 1352
8434, 1359
8438, 1387
8442, 1394
8446, 1372
8450, 1403
8454, 1427
8458, 1413
8462, 1443
8466, 1424
8470, 1361
8474, 1442
8478, 1484
8482, 1451
8486, 1377
8490, 1384
8494, 1355
8498, 1386
8502, 1418
8506, 1373
8510, 1462
8514, 1424
8518, 1370
8522, 1375
8526, 1448
8530, 1353
8534, 1460
8538, 1378
8542, 1421
8546, 1429
8550, 1448
8554, 1474
8558, 1458
8562, 1467
8566, 1459
8570, 1434
8574, 1490
8578, 1488
8582, 1600
8586, 1586
8590, 1512
8594, 1598
8598, 1572
8602, 1641
8606, 1599
8610, 1553
8614, 1549
8618, 1511
8622, 1557
8626, 1504
8630, 1516
8634, 1506
8638, 1489
8642, 1541
8646, 1488
8650, 1494
8654, 1507
8658, 1441
8662, 1517
8666, 1518
8670, 1460
8674, 1507
8678, 1452
8682, 1504
8686, 1473
8690, 1462
8694, 1452
8698, 1430
8702, 1505
8706, 1505
8710, 1510
8714, 1485
8718, 1526
8722, 1534
8726, 1474
8730, 1534
8734, 1507
8738, 1496
8742, 1489
8746, 1546
8750, 1463
8754, 1556
8758, 1540
8762, 1571
8766, 1584
8770, 1536
8774, 1506
8778, 1500
8782, 1535
8786, 1561
8790, 1487
8794, 1574
8798, 1563
8802, 1577
8806, 1528
8810, 1530
8814, 1559
8818, 1571
8822, 1544
8826, 1596
8830, 1567
8834, 1575
8838, 1601
8842, 1613
8846, 1628
8850, 1596
8854, 1523
8858, 1601
8862, 1632
8866, 1549
8870, 1582
8874, 1502
8878, 1638
8882, 1647
8886, 1604
8890, 1589
8894, 1569
8898, 1582
8902, 1613
8906, 1629
8910, 1636
8914, 1559
8918, 1642
8922, 1572
8926, 1659
8930, 1536
8934, 1617
8938, 1584
8942, 1640
8946, 1645
8950, 1561
8954, 1627
8958, 1615
8962, 1626
8966, 1641
8970, 1625
8974, 1655
8978, 1620
8982, 1669
8986, 1636
8990, 1705
8994, 1612
8998, 1668
9002, 1678
9006, 1684
9010, 1691
9014, 1628
9018, 1752
9022, 1695
9026, 1783
9030, 1686
9034, 1697
9038, 1696
9042, 1697
9046, 1740
9050, 1737
9054, 1660
9058, 1672
9062, 1718
9066, 1774
9070, 1771
9074, 1696
9078, 1680
9082, 1745
9086, 1701
9090, 1736
9094, 1644
9098, 1754
9102, 1701
9106, 1693
9110, 1799
9114, 1820
9118, 1727
9122, 1704
9126, 1802
9130, 1845
9134, 1741
9138, 1825
9142, 1752
9146, 1762
9150, 1945
9154, 1772
9158, 1903
9162, 1774
9166, 1759
9170, 1826
9174, 1823
9178, 1841
9182, 1804
9186, 1818
9190, 1814
9194, 1890
9198, 1791
9202, 1784
9206, 1882
9210, 1835
9214, 1781
9218, 1817
9222, 1824
9226, 1873
9230, 1901
9234, 1815
9238, 1866
9242, 1792
9246, 1979
9250, 1833
9254, 1892
9258, 1815
9262, 1876
9266, 1874
9270, 1927
9274, 1953
9278, 1936
9282, 1904
9286, 1925
9290, 1936
9294, 1962
9298, 1960
9302, 2004
9306, 1922
9310, 1873
9314, 1947
9318, 1958
9322, 1970
9326, 2012
9330, 1932
9334, 1940
9338, 2053
9342, 1986
9346, 1938
9350, 1969
9354, 1980
9358, 2009
9362, 1967
9366, 2043
9370, 1926
9374, 1951
9378, 2005
9382, 1965
9386, 2036
9390, 1969
9394, 1995
9398, 1952
9402, 1988
9406, 1968
9410, 2028
9414, 1995
9418, 1984
9422, 2094
9426, 2021
9430, 1989
9434, 2082
9438, 2121
9442, 2081
9446, 2163
9450, 2097
9454, 2009
9458, 2073
9462, 2082
9466, 2074
9470, 2146
9474, 2079
9478, 2126
9482, 2079
9486, 2137
9490, 2111
9494, 2241
9498, 2151
9502, 2171
9506, 2160
9510, 2072
9514, 2177
9518, 2191
9522, 2224
9526, 2186
9530, 2190
9534, 2222
9538, 2126
9542, 2261
9546, 2185
9550, 2223
9554, 2203
9558, 2188
9562, 2326
9566, 2253
9570, 2246
9574, 2262
9578, 2248
9582, 2333
9586, 2244
9590, 2359
9594, 2319
9598, 2306
9602, 2223
9606, 2353
9610, 2297
9614, 2276
9618, 2254
9622, 2330
9626, 2286
9630, 2380
9634, 2359
9638, 2345
9642, 2372
9646, 2443
9650, 2347
9654, 2369
9658, 2315
9662, 2410
9666, 2441
9670, 2325
9674, 2403
9678, 2350
9682, 2448
9686, 2414
9690, 2403
9694, 2402
9698, 2473
9702, 2450
9706, 2449
9710, 2474
9714, 2381
9718, 2423
9722, 2466
9726, 2460
9730, 2410
9734, 2434
9738, 2360
9742, 2443
9746, 2491
9750, 2437
9754, 2594
9758, 2516
9762, 2477
9766, 2503
9770, 2478
9774, 2478
9778, 2450
9782, 2452
9786, 2468
9790, 2377
9794, 2562
9798, 2464
9802, 2520
9806, 2486
9810, 2575
9814, 2598
9818, 2409
9822, 2451
9826, 2466
9830, 2352
9834, 2485
9838, 2399
9842, 2313
9846, 2310
9850, 2384
9854, 2308
9858, 2255
9862, 2241
9866, 2203
9870, 2185
9874, 2121
9878, 2089
9882, 2121
9886, 1941
9890, 1915
9894, 1929
9898, 1903
9902, 1956
9906, 1809
9910, 1761
9914, 1770
9918, 1755
9922, 1733
9926, 1740
9930, 1770
9934, 1661
9938, 1726
9942, 1611
9946, 1742
9950, 1665
9954, 1619
9958, 1662
9962, 1609
9966, 1662
9970, 1597
9974, 1545
9978, 1566
9982, 1557
9986, 1542
9990, 1515
9994, 1549
9998, 1513
10002, 1549
10006, 1492
10010, 1480
10014, 1485
10018, 1513
10022, 1497
10026, 1453
10030, 1416
10034, 1456
10038, 1503
10042, 1434
10046, 1468
10050, 1402
10054, 1461
10058, 1450
10062, 1377
10066, 1393
10070, 1438
10074, 1428
10078, 1400
10082, 1426
10086, 1298
10090, 1342
10094, 1393
10098, 1398
10102, 1383
10106, 1338
10110, 1372
10114, 1362
10118, 1325
10122, 1409
10126, 1308
10130, 1361
10134, 1327
10138, 1328
10142, 1302
10146, 1310
10150, 1310
10154, 1256
10158, 1269
10162, 1262
10166, 1293
10170, 1302
10174, 1234
10178, 1249
10182, 1218
10186, 1244
10190, 1227
10194, 1192
10198, 1242
10202, 1166
10206, 1192
10210, 1176
10214, 1180
10218, 1217
10222, 1189
10226, 1142
10230, 1172
10234, 1231
10238, 1113
10242, 1089
10246, 1158
10250, 1086
10254, 1148
10258, 1166
10262, 1121
10266, 1116
10270, 1190
10274, 1046
10278, 1057
10282, 1084
10286, 1128
10290, 1036
10294, 1045
10298, 1064
10302, 1050
10306, 1055
10310, 1059
10314, 1066
10318, 1024
10322, 1031
10326, 984
10330, 978
10334, 961
10338, 992
10342, 964
10346, 973
10350, 957
10354, 917
10358, 1000
10362, 947
10366, 937
10370, 940
10374, 935
10378, 887
10382, 888
10386, 910
10390, 913
10394, 872
10398, 854
10402, 848
10406, 845
10410, 869
10414, 764
10418, 842
10422, 800
10426, 796
10430, 780
10434, 802
10438, 834
10442, 763
10446, 771
10450, 743
10454, 778
10458, 758
10462, 729
10466, 698
10470, 710
10474, 683
10478, 657
10482, 664
10486, 692
10490, 692
10494, 717
10498, 605
10502, 628
10506, 648
10510, 647
10514, 646
10518, 598
10522, 602
10526, 581
10530, 536
10534, 555
10538, 589
10542, 508
10546, 553
10550, 572
10554, 532
10558, 582
10562, 538
10566, 503
10570, 528
10574, 540
10578, 545
10582, 476
10586, 530
10590, 516
10594, 492
10598, 519
10602, 485
10606, 442
10610, 467
10614, 450
10618, 423
10622, 428
10626, 432
10630, 401
10634, 432
10638, 413
10642, 423
10646, 403
10650, 428
10654, 425
10658, 396
10662, 411
10666, 424
10670, 372
10674, 425
10678, 388
10682, 406
10686, 418
10690, 388
10694, 407
10698, 441
10702, 397
10706, 370
10710, 371
10714, 371
10718, 377
10722, 353
10726, 331
10730, 337
10734, 337
10738, 336
10742, 348
10746, 330
10750, 323
10754, 342
10758, 326
10762, 300
10766, 320
10770, 322
10774, 356
10778, 311
10782, 332
10786, 326
10790, 302
10794, 302
10798, 323
10802, 288
10806, 336
10810, 309
10814, 307
10818, 303
10822, 311
10826, 298
10830, 277
10834, 299
10838, 298
10842, 272
10846, 320
10850, 305
10854, 278
10858, 288
10862, 318
10866, 301
10870, 303
10874, 278
10878, 297
10882, 314
10886, 280
10890, 275
10894, 274
10898, 301
10902, 270
10906, 319
10910, 269
10914, 306
10918, 273
10922, 299
10926, 284
10930, 296
10934, 283
10938, 294
10942, 278
10946, 295
10950, 277
10954, 269
10958, 276
10962, 262
10966, 277
10970, 263
10974, 278
10978, 281
10982, 292
10986, 281
10990, 276
10994, 258
10998, 265
11002, 276
11006, 248
11010, 289
11014, 268
11018, 249
11022, 272
11026, 297
11030, 284
11034, 265
11038, 271
11042, 247
11046, 238
11050, 268
11054, 279
11058, 239
11062, 275
11066, 267
11070, 288
11074, 292
11078, 312
11082, 320
11086, 318
11090, 377
11094, 445
11098, 478
11102, 532
11106, 614
11110, 794
11114, 918
11118, 1124
11122, 1436
11126, 1974
11130, 2447
11134, 3209
11138, 4083
11142, 4959
11146, 5908
11150, 6693
11154, 7714
11158, 8706
11162, 10134
11166, 11528
11170, 13750
11174, 16008
11178, 18601
11182, 21158
11186, 22879
11190, 23490
11194, 23191
11198, 21805
11202, 19659
11206, 16542
11210, 13828
11214, 11293
11218, 9322
11222, 7749
11226, 6662
11230, 5908
11234, 5123
11238, 4478
11242, 3759
11246, 3260
11250, 2635
11254, 2221
11258, 1731
11262, 1447
11266, 1181
11270, 982
11274, 852
11278, 741
11282, 670
11286, 532
11290, 526
11294, 415
11298, 358
11302, 334
11306, 365
11310, 279
11314, 266
11318, 248
11322, 216
11326, 239
11330, 217
11334, 203
11338, 183
11342, 194
11346, 188
11350, 192
11354, 189
11358, 150
11362, 167
11366, 165
11370, 156
11374, 148
11378, 153
11382, 143
11386, 126
11390, 131
11394, 120
11398, 140
11402, 109
11406, 124
11410, 111
11414, 125
11418, 93
11422, 128
11426, 114
11430, 149
11434, 124
11438, 131
11442, 147
11446, 138
11450, 137
11454, 157
11458, 190
11462, 189
11466, 179
11470, 216
11474, 202
11478, 218
11482, 239
11486, 264
11490, 278
11494, 250
11498, 238
11502, 249
11506, 210
11510, 199
11514, 156
11518, 189
11522, 148
11526, 150
11530, 147
11534, 162
11538, 134
11542, 139
11546, 154
11550, 129
11554, 142
11558, 122
11562, 146
11566, 110
11570, 123
11574, 95
11578, 104
11582, 121
11586, 105
11590, 113
11594, 134
11598, 131
11602, 122
11606, 131
11610, 122
11614, 135
11618, 133
11622, 128
11626, 113
11630, 132
11634, 107
11638, 105
11642, 126
11646, 116
11650, 98
11654, 132
11658, 122
11662, 110
11666, 113
11670, 108
11674, 139
11678, 120
11682, 129
11686, 130
11690, 125
11694, 126
11698, 133
11702, 130
11706, 124
11710, 107
11714, 121
11718, 131
11722, 107
11726, 130
11730, 127
11734, 119
11738, 107
11742, 116
11746, 114
11750, 102
11754, 120
11758, 137
11762, 119
11766, 123
11770, 132
11774, 123
11778, 128
11782, 125
11786, 134
11790, 117
11794, 119
11798, 113
11802, 121
11806, 130
11810, 109
11814, 127
11818, 119
11822, 120
11826, 129
11830, 107
11834, 124
11838, 113
11842, 103
11846, 121
11850, 114
11854, 120
11858, 114
11862, 123
11866, 124
11870, 103
11874, 122
11878, 127
11882, 110
11886, 123
11890, 134
11894, 119
11898, 109
11902, 112
11906, 122
11910, 106
11914, 130
11918, 114
11922, 127
11926, 134
11930, 112
11934, 128
11938, 115
11942, 114
11946, 113
11950, 128
11954, 113
11958, 136
11962, 151
11966, 106
11970, 120
11974, 131
11978, 125
11982, 133
11986, 125
11990, 120
11994, 114
11998, 110
12002, 117
12006, 127
12010, 124
12014, 126
12018, 120
12022, 126
12026, 107
12030, 118
12034, 128
12038, 130
12042, 134
12046, 116
12050, 130
12054, 113
12058, 110
12062, 136
12066, 143
12070, 115
12074, 116
12078, 123
12082, 123
12086, 133
12090, 128
12094, 113
12098, 117
12102, 116
12106, 106
12110, 125
12114, 141
12118, 112
12122, 111
12126, 112
12130, 118
12134, 121
12138, 135
12142, 109
12146, 137
12150, 128
12154, 131
12158, 137
12162, 143
12166, 117
12170, 118
12174, 152
12178, 148
12182, 132
12186, 146
12190, 123
12194, 131
12198, 122
12202, 119
12206, 144
12210, 113
12214, 124
12218, 127
12222, 149
12226, 122
12230, 120
12234, 138
12238, 138
12242, 133
12246, 118
12250, 150
12254, 123
12258, 127
12262, 158
12266, 122
12270, 117
12274, 124
12278, 131
12282, 124
12286, 123
12290, 153
12294, 142
12298, 138
12302, 134
12306, 118
12310, 130
12314, 115
12318, 131
12322, 117
12326, 136
12330, 135
12334, 152
12338, 135
12342, 111
12346, 133
12350, 121
12354, 120
12358, 126
12362, 118
12366, 143
12370, 110
12374, 127
12378, 117
12382, 130
12386, 118
12390, 123
12394, 135
12398, 129
12402, 134
12406, 140
12410, 124
12414, 125
12418, 120
12422, 131
12426, 134
12430, 136
12434, 129
12438, 120
12442, 150
12446, 126
12450, 128
12454, 147
12458, 127
12462, 124
12466, 136
12470, 122
12474, 141
12478, 134
12482, 120
12486, 132
12490, 135
12494, 125
12498, 134
12502, 146
12506, 120
12510, 129
12514, 131
12518, 124
12522, 125
12526, 139
12530, 143
12534, 122
12538, 105
12542, 150
12546, 130
12550, 124
12554, 127
12558, 120
12562, 122
12566, 149
12570, 133
12574, 144
12578, 130
12582, 119
12586, 126
12590, 118
12594, 139
12598, 115
12602, 146
12606, 134
12610, 132
12614, 144
12618, 130
12622, 134
12626, 117
12630, 141
12634, 141
12638, 138
12642, 125
12646, 157
12650, 110
12654, 146
12658, 138
12662, 146
12666, 141
12670, 127
12674, 109
12678, 126
12682, 145
12686, 136
12690, 139
12694, 140
12698, 151
12702, 137
12706, 131
12710, 130
12714, 157
12718, 137
12722, 118
12726, 140
12730, 160
12734, 146
12738, 164
12742, 132
12746, 132
12750, 132
12754, 131
12758, 152
12762, 148
12766, 141
12770, 131
12774, 140
12778, 140
12782, 127
12786, 141
12790, 144
12794, 112
12798, 139
12802, 154
12806, 150
12810, 147
12814, 145
12818, 138
12822, 127
12826, 152
12830, 152
12834, 147
12838, 141
12842, 144
12846, 169
12850, 152
12854, 138
12858, 136
12862, 153
12866, 140
12870, 138
12874, 166
12878, 161
12882, 141
12886, 141
12890, 148
12894, 142
12898, 150
12902, 142
12906, 142
12910, 170
12914, 142
12918, 130
12922, 148
12926, 143
12930, 156
12934, 151
12938, 134
12942, 158
12946, 133
12950, 154
12954, 152
12958, 136
12962, 137
12966, 151
12970, 131
12974, 155
12978, 151
12982, 146
12986, 134
12990, 138
12994, 144
12998, 121
13002, 133
13006, 127
13010, 126
13014, 132
13018, 136
13022, 117
13026, 121
13030, 110
13034, 141
13038, 124
13042, 123
13046, 118
13050, 137
13054, 124
13058, 107
13062, 111
13066, 102
13070, 120
13074, 117
13078, 109
13082, 104
13086, 86
13090, 104
13094, 99
13098, 89
13102, 118
13106, 114
13110, 108
13114, 111
13118, 90
13122, 109
13126, 118
13130, 98
13134, 99
13138, 120
13142, 100
13146, 108
13150, 106
13154, 106
13158, 104
13162, 88
13166, 116
13170, 99
13174, 92
13178, 98
13182, 94
13186, 115
13190, 98
13194, 103
13198, 96
13202, 100
13206, 95
13210, 113
13214, 76
13218, 80
13222, 104
13226, 103
13230, 105
13234, 90
13238, 74
13242, 97
13246, 92
13250, 83
13254, 87
13258, 72
13262, 96
13266, 85
13270, 97
13274, 95
13278, 106
13282, 93
13286, 89
13290, 83
13294, 86
13298, 85
13302, 82
13306, 88
13310, 87
13314, 67
13318, 72
13322, 94
13326, 72
13330, 91
13334, 89
13338, 78
13342, 101
13346, 101
13350, 83
13354, 74
13358, 101
13362, 79
13366, 69
13370, 92
13374, 92
13378, 87
13382, 97
13386, 103
13390, 109
13394, 102
13398, 88
13402, 77
13406, 106
13410, 94
13414, 98
13418, 91
13422, 86
13426, 89
13430, 77
13434, 77
13438, 89
13442, 83
13446, 80
13450, 82
13454, 81
13458, 82
13462, 77
13466, 75
13470, 80
13474, 60
13478, 79
13482, 82
13486, 71
13490, 91
13494, 98
13498, 79
13502, 73
13506, 62
13510, 87
13514, 77
13518, 89
13522, 62
13526, 75
13530, 60
13534, 65
13538, 83
13542, 55
13546, 54
13550, 64
13554, 55
13558, 65
13562, 53
13566, 55
13570, 60
13574, 62
13578, 52
13582, 50
13586, 69
13590, 63
13594, 68
13598, 57
13602, 49
13606, 66
13610, 50
13614, 46
13618, 49
13622, 52
13626, 53
13630, 58
13634, 52
13638, 43
13642, 50
13646, 50
13650, 54
13654, 57
13658, 56
13662, 46
13666, 55
13670, 47
13674, 55
13678, 49
13682, 52
13686, 46
13690, 46
13694, 37
13698, 43
13702, 57
13706, 62
13710, 42
13714, 43
13718, 39
13722, 36
13726, 40
13730, 39
13734, 32
13738, 43
13742, 39
13746, 32
13750, 35
13754, 32
13758, 30
13762, 30
13766, 31
13770, 47
13774, 42
13778, 36
13782, 24
13786, 31
13790, 32
13794, 28
13798, 28
13802, 37
13806, 24
13810, 31
13814, 38
13818, 33
13822, 32
13826, 36
13830, 27
13834, 38
13838, 30
13842, 21
13846, 29
13850, 24
13854, 27
13858, 30
13862, 28
13866, 32
13870, 30
13874, 23
13878, 27
13882, 20
13886, 28
13890, 27
13894, 34
13898, 27
13902, 26
13906, 18
13910, 32
13914, 25
13918, 33
13922, 28
13926, 26
13930, 41
13934, 41
13938, 56
13942, 43
13946, 35
13950, 58
13954, 41
13958, 43
13962, 49
13966, 47
13970, 57
13974, 50
13978, 40
13982, 41
13986, 42
13990, 27
13994, 30
13998, 38
14002, 29
14006, 38
14010, 28
14014, 29
14018, 29
14022, 30
14026, 32
14030, 26
14034, 24
14038, 18
14042, 25
14046, 19
14050, 24
14054, 17
14058, 22
14062, 22
14066, 18
14070, 23
14074, 31
14078, 26
14082, 20
14086, 31
14090, 25
14094, 23
14098, 24
14102, 23
14106, 16
14110, 28
14114, 21
14118, 23
14122, 25
14126, 24
14130, 24
14134, 26
14138, 26
14142, 21
14146, 19
14150, 21
14154, 18
14158, 22
14162, 26
14166, 26
14170, 19
14174, 20
14178, 18
14182, 23
14186, 32
14190, 16
14194, 9
14198, 21
14202, 15
14206, 23
14210, 26
14214, 30
14218, 32
14222, 27
14226, 43
14230, 41
14234, 39
14238, 48
14242, 68
14246, 81
14250, 93
14254, 108
14258, 147
14262, 199
14266, 246
14270, 256
14274, 311
14278, 370
14282, 432
14286, 474
14290, 529
14294, 650
14298, 746
14302, 875
14306, 1013
14310, 1050
14314, 1115
14318, 1055
14322, 1023
14326, 934
14330, 710
14334, 619
14338, 531
14342, 449
14346, 360
14350, 348
14354, 274
14358, 218
14362, 209
14366, 199
14370, 161
14374, 123
14378, 132
14382, 98
14386, 102
14390, 91
14394, 72
14398, 83
14402, 94
14406, 110
14410, 84
14414, 105
14418, 123
14422, 141
14426, 146
14430, 159
14434, 141
14438, 137
14442, 145
14446, 103
14450, 93
14454, 62
14458, 64
14462, 66
14466, 61
14470, 49
14474, 45
14478, 53
14482, 39
14486, 47
14490, 34
14494, 28
14498, 29
14502, 37
14506, 32
14510, 31
14514, 26
14518, 24
14522, 28
14526, 24
14530, 17
14534, 17
14538, 19
14542, 19
14546, 19
14550, 13
14554, 18
14558, 13
14562, 9
14566, 11
14570, 13
14574, 15
14578, 13
14582, 8
14586, 15
14590, 9
14594, 13
14598, 12
14602, 16
14606, 8
14610, 6
14614, 11
14618, 14
14622, 9
14626, 9
14630, 3
14634, 7
14638, 10
14642, 8
14646, 15
14650, 5
14654, 9
14658, 11
14662, 12
14666, 8
14670, 6
14674, 9
14678, 10
14682, 3
14686, 9
14690, 11
14694, 5
14698, 13
14702, 8
14706, 13
14710, 3
14714, 12
14718, 9
14722, 6
14726, 11
14730, 10
14734, 11
14738, 9
14742, 8
14746, 8
14750, 8
14754, 9
14758, 12
14762, 8
14766, 5
14770, 9
14774, 10
14778, 9
14782, 6
14786, 10
14790, 14
14794, 9
14798, 8
14802, 8
14806, 8
14810, 11
14814, 10
14818, 11
14822, 4
14826, 7
14830, 9
14834, 9
14838, 4
14842, 7
14846, 3
14850, 10
14854, 9
14858, 7
14862, 7
14866, 9
14870, 13
14874, 5
14878, 8
14882, 6
14886, 9
14890, 19
14894, 8
14898, 9
14902, 6
14906, 10
14910, 7
14914, 8
14918, 9
14922, 9
14926, 6
14930, 6
14934, 10
14938, 7
14942, 6
14946, 7
14950, 8
14954, 6
14958, 8
14962, 12
14966, 8
14970, 6
14974, 8
14978, 12
14982, 8
14986, 8
14990, 12
14994, 12
14998, 14
15002, 14
15006, 13
15010, 13
15014, 8
15018, 11
15022, 16
15026, 12
15030, 11
15034, 17
15038, 10
15042, 6
15046, 11
15050, 7
15054, 4
15058, 7
15062, 8
15066, 7
15070, 12
15074, 8
15078, 7
15082, 12
15086, 10
15090, 13
15094, 6
15098, 12
15102, 11
15106, 8
15110, 17
15114, 12
15118, 15
15122, 25
15126, 17
15130, 16
15134, 24
15138, 22
15142, 27
15146, 13
15150, 22
15154, 22
15158, 17
15162, 8
15166, 17
15170, 6
15174, 4
15178, 13
15182, 16
15186, 10
15190, 10
15194, 5
15198, 7
15202, 9
15206, 7
15210, 6
15214, 6
15218, 11
15222, 8
15226, 5
15230, 5
15234, 6
15238, 8
15242, 6
15246, 7
15250, 5
15254, 3
15258, 5
15262, 7
15266, 6
15270, 2
15274, 4
15278, 3
15282, 6
15286, 2
15290, 3
15294, 5
15298, 4
15302, 8
15306, 6
15310, 8
15314, 4
15318, 4
15322, 4
15326, 4
15330, 3
15334, 2
15338, 6
15342, 10
15346, 4
15350, 10
15354, 9
15358, 6
15362, 4
15366, 4
15370, 8
15374, 4
15378, 3
15382, 4
15386, 6
15390, 2
15394, 4
15398, 9
15402, 8
15406, 3
15410, 7
15414, 7
15418, 10
15422, 8
15426, 6
15430, 2
15434, 5
15438, 4
15442, 10
15446, 7
15450, 5
15454, 1
15458, 3
15462, 5
15466, 2
15470, 6
15474, 2
15478, 8
15482, 3
15486, 5
15490, 5
15494, 6
15498, 8
15502, 5
15506, 3
15510, 9
15514, 4
15518, 2
15522, 6
15526, 4
15530, 5
15534, 3
15538, 3
15542, 3
15546, 5
15550, 2
15554, 5
15558, 3
15562, 3
15566, 4
15570, 1
15574, 6
15578, 7
15582, 2
15586, 1
15590, 5
15594, 5
15598, 3
15602, 3
15606, 3
15610, 4
15614, 7
15618, 4
15622, 1
15626, 5
15630, 5
15634, 3
15638, 4
15642, 5
15650, 1
15654, 7
15658, 2
15662, 6
15666, 1
15670, 3
15674, 3
15678, 3
15682, 5
15686, 9
15690, 1
15694, 4
15698, 4
15702, 8
15706, 8
15710, 2
15714, 3
15718, 3
15722, 2
15726, 3
15730, 5
15734, 5
15738, 6
15742, 3
15746, 3
15750, 5
15754, 8
15758, 3
15762, 5
15766, 3
15770, 4
15774, 8
15778, 10
15782, 5
15786, 5
15790, 8
15794, 10
15798, 14
15802, 15
15806, 13
15810, 9
15814, 23
15818, 18
15822, 18
15826, 23
15830, 14
15834, 28
15838, 30
15842, 38
15846, 30
15850, 29
15854, 31
15858, 24
15862, 30
15866, 31
15870, 26
15874, 19
15878, 18
15882, 13
15886, 17
15890, 9
15894, 10
15898, 16
15902, 10
15906, 9
15910, 10
15914, 8
15918, 11
15922, 13
15926, 8
15930, 12
15934, 20
15938, 16
15942, 22
15946, 20
15950, 20
15954, 28
15958, 29
15962, 18
15966, 42
15970, 40
15974, 37
15978, 23
15982, 37
15986, 38
15990, 26
15994, 24
15998, 11
