2, 71851
6, 1586
10, 467
14, 116
18, 129
22, 267
26, 553
30, 884
34, 1362
38, 1789
42, 2152
46, 2561
50, 2758
54, 2898
58, 3116
62, 3146
66, 3184
70, 3143
74, 3294
78, 3187
82, 3256
86, 3290
90, 3440
94, 3340
98, 3435
102, 3420
106, 3541
110, 3514
114, 3474
118, 3438
122, 3602
126, 3538
130, 3499
134, 3666
138, 3688
142, 3654
146, 3813
150, 3658
154, 3756
158, 3733
162, 3753
166, 3703
170, 3795
174, 3896
178, 3830
182, 3827
186, 3794
190, 3827
194, 3873
198, 3947
202, 3970
206, 4036
210, 3945
214, 4011
218, 3930
222, 4239
226, 4204
230, 4292
234, 4208
238, 4236
242, 4251
246, 4286
250, 4258
254, 4298
258, 4291
262, 4361
266, 4279
270, 4321
274, 4478
278, 4256
282, 4320
286, 4383
290, 4340
294, 4452
298, 4533
302, 4438
306, 4431
310, 4506
314, 4538
318, 4468
322, 4512
326, 4420
330, 4458
334, 4482
338, 4496
342, 4538
346, 4517
350, 4662
354, 4573
358, 4653
362, 4606
366, 4643
370, 4605
374, 4647
378, 4674
382, 4629
386, 4661
390, 4618
394, 4753
398, 4656
402, 4628
406, 4779
410, 4858
414, 4810
418, 4833
422, 4955
426, 4979
430, 5031
434, 5061
438, 5041
442, 4953
446, 4882
450, 4928
454, 5024
458, 4996
462, 5020
466, 4996
470, 5080
474, 4900
478, 5010
482, 5137
486, 5148
490, 5106
494, 5095
498, 5072
502, 5092
506, 5216
510, 5096
514, 5223
518, 5241
522, 5150
526, 5148
530, 5118
534, 5151
538, 5215
542, 5276
546, 5253
550, 5313
554, 5157
558, 5200
562, 5243
566, 5230
570, 5263
574, 5180
578, 5290
582, 5386
586, 5303
590, 5412
594, 5511
598, 5425
602, 5460
606, 5512
610, 5412
614, 5455
618, 5527
622, 5562
626, 5568
630, 5708
634, 5810
638, 5749
642, 5742
646, 5555
650, 5664
654, 5833
658, 5771
662, 5872
666, 5856
670, 5844
674, 5880
678, 5976
682, 5972
686, 5870
690, 5958
694, 6024
698, 6032
702, 5767
706, 5878
710, 5989
714, 6060
718, 5981
722, 6038
726, 5913
730, 6088
734, 6092
738, 6100
742, 6070
746, 5942
750, 5947
754, 6196
758, 6074
762, 6056
766, 6073
770, 6037
774, 5932
778, 5936
782, 6138
786, 6092
790, 5962
794, 6083
798, 6147
802, 5852
806, 5895
810, 6070
814, 5799
818, 6000
822, 6139
826, 5898
830, 6037
834, 5915
838, 5870
842, 5931
846, 5940
850, 5938
854, 5955
858, 5831
862, 6016
866, 6004
870, 5912
874, 5874
878, 5849
882, 6040
886, 5792
890, 5669
894, 5855
898, 5787
902, 5817
906, 5865
910, 5719
914, 5799
918, 5788
922, 5834
926, 5821
930, 5829
934, 5674
938, 5892
942, 5751
946, 5686
950, 5908
954, 5704
958, 5746
962, 5733
966, 5804
970, 5783
974, 5723
978, 5819
982, 5709
986, 5598
990, 5912
994, 5739
998, 5688
1002, 5728
1006, 5797
1010, 5771
1014, 5982
1018, 5908
1022, 5987
1026, 5927
1030, 6045
1034, 6135
1038, 6351
1042, 6444
1046, 6353
1050, 6757
1054, 6701
1058, 6540
1062, 6744
1066, 6674
1070, 6733
1074, 6727
1078, 6617
1082, 6767
1086, 6594
1090, 6672
1094, 6626
1098, 6496
1102, 6421
1106, 6424
1110, 6369
1114, 6575
1118, 6314
1122, 6427
1126, 6306
1130, 6272
1134, 6164
1138, 6296
1142, 6234
1146, 6108
1150, 6035
1154, 6051
1158, 6087
1162, 5985
1166, 5923
1170, 5772
1174, 5724
1178, 5770
1182, 5661
1186, 5662
1190, 5749
1194, 5703
1198, 5719
1202, 5538
1206, 5369
1210, 5480
1214, 5421
1218, 5373
1222, 5499
1226, 5349
1230, 5349
1234, 5287
1238, 5336
1242, 5215
1246, 5281
1250, 5058
1254, 5221
1258, 5058
1262, 5056
1266, 5109
1270, 4953
1274, 4990
1278, 4931
1282, 5131
1286, 5024
1290, 4858
1294, 4870
1298, 4906
1302, 4838
1306, 4808
1310, 4921
1314, 4924
1318, 4917
1322, 4941
1326, 4949
1330, 4929
1334, 4932
1338, 4920
1342, 4787
1346, 4892
1350, 4858
1354, 4870
1358, 4940
1362, 4981
1366, 4909
1370, 4830
1374, 4775
1378, 4876
1382, 4661
1386, 4773
1390, 4836
1394, 4750
1398, 4664
1402, 4762
1406, 4570
1410, 4719
1414, 4696
1418, 4658
1422, 4573
1426, 4616
1430, 4550
1434, 4457
1438, 4486
1442, 4480
1446, 4415
1450, 4494
1454, 4483
1458, 4448
1462, 4361
1466, 4351
1470, 4508
1474, 4368
1478, 4322
1482, 4318
1486, 4270
1490, 4224
1494, 4231
1498, 4239
1502, 4168
1506, 4066
1510, 4233
1514, 4178
1518, 4078
1522, 4099
1526, 4042
1530, 4066
1534, 4066
1538, 4089
1542, 3958
1546, 4129
1550, 3996
1554, 4100
1558, 3964
1562, 4103
1566, 4007
1570, 3955
1574, 3926
1578, 3838
1582, 3885
1586, 3859
1590, 3929
1594, 3801
1598, 3825
1602, 3794
1606, 3706
1610, 3776
1614, 3751
1618, 3866
1622, 3617
1626, 3753
1630, 3745
1634, 3776
1638, 3699
1642, 3705
1646, 3560
1650, 3522
1654, 3692
1658, 3679
1662, 3570
1666, 3567
1670, 3632
1674, 3472
1678, 3511
1682, 3505
1686, 3615
1690, 3501
1694, 3464
1698, 3504
1702, 3425
1706, 3471
1710, 3446
1714, 3522
1718, 3509
1722, 3479
1726, 3385
1730, 3324
1734, 3362
1738, 3505
1742, 3473
1746, 3498
1750, 3367
1754, 3391
1758, 3276
1762, 3370
1766, 3476
1770, 3487
1774, 3431
1778, 3430
1782, 3394
1786, 3241
1790, 3353
1794, 3356
1798, 3490
1802, 3311
1806, 3313
1810, 3255
1814, 3348
1818, 3414
1822, 3288
1826, 3244
1830, 3195
1834, 3247
1838, 3316
1842, 3267
1846, 3347
1850, 3251
1854, 3376
1858, 3254
1862, 3207
1866, 3194
1870, 3276
1874, 3117
1878, 3317
1882, 3377
1886, 3184
1890, 3222
1894, 3268
1898, 3284
1902, 3239
1906, 3231
1910, 3313
1914, 3263
1918, 3231
1922, 3120
1926, 3185
1930, 3182
1934, 3089
1938, 3191
1942, 3124
1946, 3177
1950, 3215
1954, 3210
1958, 3232
1962, 3240
1966, 3264
1970, 3223
1974, 3267
1978, 3133
1982, 3202
1986, 3213
1990, 3137
1994, 3161
1998, 3073
2002, 3118
2006, 3146
2010, 3192
2014, 3189
2018, 3141
2022, 3247
2026, 3171
2030, 3161
2034, 3131
2038, 3169
2042, 3043
2046, 3157
2050, 3215
2054, 3186
2058, 3252
2062, 3066
2066, 3147
2070, 3219
2074, 3133
2078, 3132
2082, 3188
2086, 3248
2090, 3139
2094, 3068
2098, 3146
2102, 3138
2106, 3229
2110, 3144
2114, 3176
2118, 3175
2122, 3189
2126, 3237
2130, 3181
2134, 3237
2138, 3226
2142, 3167
2146, 3131
2150, 3223
2154, 3243
2158, 3241
2162, 3192
2166, 3235
2170, 3205
2174, 3145
2178, 3139
2182, 3208
2186, 3219
2190, 3333
2194, 3183
2198, 3149
2202, 3265
2206, 3285
2210, 3221
2214, 3380
2218, 3348
2222, 3183
2226, 3283
2230, 3271
2234, 3219
2238, 3334
2242, 3262
2246, 3322
2250, 3295
2254, 3257
2258, 3212
2262, 3203
2266, 3203
2270, 3242
2274, 3215
2278, 3218
2282, 3254
2286, 3099
2290, 3202
2294, 3262
2298, 3162
2302, 3189
2306, 3088
2310, 3135
2314, 3116
2318, 3182
2322, 3131
2326, 3054
2330, 3022
2334, 3096
2338, 3054
2342, 3115
2346, 3018
2350, 3058
2354, 2960
2358, 3037
2362, 2821
2366, 2860
2370, 2805
2374, 2698
2378, 2657
2382, 2517
2386, 2458
2390, 2392
2394, 2378
2398, 2331
2402, 2217
2406, 2252
2410, 2159
2414, 2143
2418, 2081
2422, 2101
2426, 2106
2430, 2054
2434, 2088
2438, 2008
2442, 2019
2446, 2019
2450, 1981
2454, 2053
2458, 2023
2462, 1943
2466, 2014
2470, 1902
2474, 1955
2478, 2000
2482, 1880
2486, 1889
2490, 1827
2494, 1757
2498, 1800
2502, 1786
2506, 1891
2510, 1808
2514, 1771
2518, 1863
2522, 1738
2526, 1685
2530, 1696
2534, 1713
2538, 1730
2542, 1683
2546, 1728
2550, 1745
2554, 1702
2558, 1639
2562, 1683
2566, 1662
2570, 1572
2574, 1591
2578, 1617
2582, 1616
2586, 1613
2590, 1509
2594, 1640
2598, 1574
2602, 1518
2606, 1446
2610, 1500
2614, 1492
2618, 1441
2622, 1489
2626, 1562
2630, 1365
2634, 1474
2638, 1450
2642, 1428
2646, 1447
2650, 1370
2654, 1432
2658, 1360
2662, 1397
2666, 1397
2670, 1364
2674, 1331
2678, 1401
2682, 1368
2686, 1322
2690, 1321
2694, 1285
2698, 1314
2702, 1281
2706, 1269
2710, 1308
2714, 1258
2718, 1260
2722, 1272
2726, 1258
2730, 1175
2734, 1227
2738, 1232
2742, 1190
2746, 1185
2750, 1208
2754, 1171
2758, 1133
2762, 1125
2766, 1107
2770, 1141
2774, 1111
2778, 1094
2782, 1090
2786, 1049
2790, 1076
2794, 1022
2798, 1062
2802, 1015
2806, 1017
2810, 1042
2814, 1037
2818, 1040
2822, 1029
2826, 1001
2830, 1029
2834, 1000
2838, 1059
2842, 1022
2846, 982
2850, 933
2854, 1012
2858, 984
2862, 973
2866, 982
2870, 965
2874, 944
2878, 955
2882, 891
2886, 963
2890, 999
2894, 903
2898, 885
2902, 974
2906, 902
2910, 891
2914, 892
2918, 857
2922, 974
2926, 919
2930, 926
2934, 916
2938, 933
2942, 991
2946, 940
2950, 935
2954, 1044
2958, 1127
2962, 1273
2966, 1650
2970, 1995
2974, 2435
2978, 2581
2982, 2270
2986, 1755
2990, 1316
2994, 1062
2998, 962
3002, 979
3006, 941
3010, 843
3014, 879
3018, 837
3022, 819
3026, 852
3030, 830
3034, 818
3038, 810
3042, 848
3046, 787
3050, 802
3054, 796
3058, 821
3062, 816
3066, 763
3070, 762
3074, 796
3078, 763
3082, 817
3086, 768
3090, 786
3094, 786
3098, 823
3102, 803
3106, 837
3110, 787
3114, 794
3118, 770
3122, 809
3126, 709
3130, 763
3134, 822
3138, 730
3142, 812
3146, 792
3150, 776
3154, 786
3158, 714
3162, 752
3166, 779
3170, 781
3174, 731
3178, 765
3182, 732
3186, 746
3190, 744
3194, 791
3198, 793
3202, 741
3206, 745
3210, 718
3214, 764
3218, 720
3222, 725
3226, 755
3230, 772
3234, 750
3238, 739
3242, 773
3246, 799
3250, 835
3254, 853
3258, 892
3262, 908
3266, 965
3270, 1137
3274, 1514
3278, 2369
3282, 4590
3286, 9487
3290, 13880
3294, 12184
3298, 6529
3302, 2494
3306, 1253
3310, 988
3314, 875
3318, 926
3322, 839
3326, 790
3330, 789
3334, 778
3338, 795
3342, 765
3346, 768
3350, 788
3354, 834
3358, 925
3362, 945
3366, 951
3370, 1109
3374, 1224
3378, 1397
3382, 1609
3386, 1822
3390, 2352
3394, 3351
3398, 5439
3402, 11165
3406, 26128
3410, 54387
3414, 76412
3418, 63668
3422, 30889
3426, 9876
3430, 3722
3434, 2214
3438, 1879
3442, 1562
3446, 1486
3450, 1208
3454, 969
3458, 912
3462, 842
3466, 830
3470, 864
3474, 843
3478, 906
3482, 835
3486, 900
3490, 824
3494, 872
3498, 837
3502, 812
3506, 770
3510, 700
3514, 632
3518, 609
3522, 579
3526, 509
3530, 497
3534, 472
3538, 458
3542, 448
3546, 444
3550, 444
3554, 421
3558, 429
3562, 406
3566, 393
3570, 420
3574, 454
3578, 449
3582, 451
3586, 433
3590, 430
3594, 450
3598, 399
3602, 431
3606, 467
3610, 408
3614, 442
3618, 435
3622, 447
3626, 437
3630, 422
3634, 425
3638, 401
3642, 438
3646, 434
3650, 388
3654, 416
3658, 377
3662, 386
3666, 424
3670, 409
3674, 391
3678, 399
3682, 437
3686, 381
3690, 402
3694, 437
3698, 437
3702, 389
3706, 393
3710, 386
3714, 394
3718, 391
3722, 437
3726, 423
3730, 397
3734, 392
3738, 398
3742, 420
3746, 433
3750, 366
3754, 410
3758, 403
3762, 397
3766, 391
3770, 381
3774, 400
3778, 385
3782, 406
3786, 358
3790, 376
3794, 416
3798, 430
3802, 424
3806, 408
3810, 392
3814, 418
3818, 387
3822, 388
3826, 413
3830, 360
3834, 407
3838, 393
3842, 416
3846, 383
3850, 371
3854, 384
3858, 359
3862, 412
3866, 369
3870, 380
3874, 386
3878, 377
3882, 377
3886, 385
3890, 406
3894, 389
3898, 401
3902, 375
3906, 409
3910, 381
3914, 400
3918, 412
3922, 429
3926, 382
3930, 381
3934, 433
3938, 402
3942, 416
3946, 386
3950, 374
3954, 391
3958, 400
3962, 376
3966, 380
3970, 386
3974, 399
3978, 374
3982, 398
3986, 384
3990, 414
3994, 411
3998, 408
4002, 378
4006, 387
4010, 353
4014, 408
4018, 381
4022, 393
4026, 380
4030, 378
4034, 342
4038, 359
4042, 385
4046, 373
4050, 373
4054, 361
4058, 383
4062, 379
4066, 362
4070, 373
4074, 359
4078, 380
4082, 388
4086, 374
4090, 388
4094, 385
4098, 372
4102, 383
4106, 374
4110, 383
4114, 404
4118, 349
4122, 389
4126, 376
4130, 377
4134, 374
4138, 360
4142, 401
4146, 368
4150, 402
4154, 359
4158, 387
4162, 367
4166, 327
4170, 365
4174, 382
4178, 356
4182, 374
4186, 369
4190, 360
4194, 370
4198, 402
4202, 368
4206, 396
4210, 368
4214, 353
4218, 341
4222, 360
4226, 394
4230, 361
4234, 367
4238, 354
4242, 371
4246, 371
4250, 353
4254, 368
4258, 376
4262, 409
4266, 318
4270, 378
4274, 345
4278, 346
4282, 396
4286, 365
4290, 336
4294, 396
4298, 341
4302, 349
4306, 377
4310, 375
4314, 339
4318, 352
4322, 358
4326, 361
4330, 338
4334, 385
4338, 391
4342, 343
4346, 380
4350, 381
4354, 335
4358, 359
4362, 354
4366, 312
4370, 314
4374, 333
4378, 404
4382, 359
4386, 374
4390, 352
4394, 362
4398, 345
4402, 354
4406, 367
4410, 341
4414, 350
4418, 356
4422, 346
4426, 349
4430, 346
4434, 381
4438, 360
4442, 340
4446, 363
4450, 373
4454, 333
4458, 361
4462, 355
4466, 340
4470, 364
4474, 369
4478, 363
4482, 360
4486, 382
4490, 370
4494, 321
4498, 345
4502, 352
4506, 358
4510, 353
4514, 368
4518, 358
4522, 362
4526, 341
4530, 336
4534, 350
4538, 332
4542, 349
4546, 348
4550, 338
4554, 361
4558, 377
4562, 365
4566, 340
4570, 363
4574, 377
4578, 340
4582, 339
4586, 324
4590, 338
4594, 324
4598, 367
4602, 336
4606, 367
4610, 353
4614, 321
4618, 353
4622, 372
4626, 357
4630, 341
4634, 344
4638, 356
4642, 372
4646, 387
4650, 337
4654, 293
4658, 342
4662, 362
4666, 336
4670, 360
4674, 359
4678, 363
4682, 367
4686, 376
4690, 381
4694, 346
4698, 368
4702, 342
4706, 359
4710, 353
4714, 345
4718, 374
4722, 322
4726, 357
4730, 345
4734, 370
4738, 356
4742, 357
4746, 330
4750, 355
4754, 307
4758, 342
4762, 325
4766, 330
4770, 347
4774, 337
4778, 335
4782, 352
4786, 310
4790, 327
4794, 312
4798, 352
4802, 298
4806, 365
4810, 330
4814, 346
4818, 366
4822, 347
4826, 327
4830, 333
4834, 346
4838, 334
4842, 332
4846, 388
4850, 332
4854, 372
4858, 352
4862, 343
4866, 359
4870, 342
4874, 375
4878, 337
4882, 307
4886, 330
4890, 342
4894, 377
4898, 341
4902, 360
4906, 311
4910, 340
4914, 351
4918, 349
4922, 340
4926, 324
4930, 297
4934, 366
4938, 334
4942, 360
4946, 374
4950, 347
4954, 354
4958, 347
4962, 259
4966, 346
4970, 357
4974, 325
4978, 338
4982, 328
4986, 338
4990, 296
4994, 307
4998, 316
5002, 327
5006, 360
5010, 327
5014, 372
5018, 381
5022, 355
5026, 397
5030, 328
5034, 332
5038, 329
5042, 315
5046, 280
5050, 324
5054, 358
5058, 330
5062, 306
5066, 306
5070, 348
5074, 346
5078, 357
5082, 358
5086, 324
5090, 335
5094, 340
5098, 345
5102, 351
5106, 339
5110, 322
5114, 342
5118, 324
5122, 347
5126, 300
5130, 312
5134, 334
5138, 301
5142, 354
5146, 335
5150, 306
5154, 333
5158, 291
5162, 342
5166, 317
5170, 344
5174, 350
5178, 320
5182, 330
5186, 333
5190, 350
5194, 371
5198, 359
5202, 339
5206, 347
5210, 318
5214, 360
5218, 300
5222, 326
5226, 320
5230, 338
5234, 347
5238, 322
5242, 306
5246, 326
5250, 344
5254, 341
5258, 314
5262, 309
5266, 330
5270, 346
5274, 342
5278, 312
5282, 375
5286, 326
5290, 322
5294, 319
5298, 316
5302, 325
5306, 317
5310, 344
5314, 325
5318, 351
5322, 329
5326, 340
5330, 306
5334, 341
5338, 335
5342, 307
5346, 310
5350, 339
5354, 355
5358, 334
5362, 328
5366, 325
5370, 349
5374, 345
5378, 312
5382, 338
5386, 320
5390, 319
5394, 352
5398, 333
5402, 358
5406, 319
5410, 279
5414, 344
5418, 317
5422, 363
5426, 318
5430, 331
5434, 322
5438, 332
5442, 323
5446, 363
5450, 326
5454, 342
5458, 330
5462, 327
5466, 324
5470, 358
5474, 301
5478, 314
5482, 338
5486, 330
5490, 314
5494, 350
5498, 309
5502, 338
5506, 323
5510, 303
5514, 307
5518, 322
5522, 311
5526, 335
5530, 308
5534, 299
5538, 308
5542, 333
5546, 308
5550, 309
5554, 348
5558, 331
5562, 308
5566, 362
5570, 342
5574, 308
5578, 336
5582, 347
5586, 345
5590, 318
5594, 337
5598, 326
5602, 313
5606, 290
5610, 317
5614, 343
5618, 339
5622, 360
5626, 317
5630, 323
5634, 340
5638, 310
5642, 303
5646, 295
5650, 294
5654, 355
5658, 307
5662, 335
5666, 350
5670, 350
5674, 303
5678, 286
5682, 333
5686, 328
5690, 288
5694, 321
5698, 305
5702, 326
5706, 334
5710, 346
5714, 356
5718, 347
5722, 324
5726, 329
5730, 331
5734, 341
5738, 318
5742, 336
5746, 370
5750, 354
5754, 368
5758, 480
5762, 591
5766, 1086
5770, 1589
5774, 2093
5778, 1893
5782, 1251
5786, 667
5790, 464
5794, 431
5798, 344
5802, 347
5806, 412
5810, 404
5814, 369
5818, 393
5822, 389
5826, 390
5830, 337
5834, 360
5838, 386
5842, 392
5846, 334
5850, 345
5854, 355
5858, 354
5862, 355
5866, 370
5870, 358
5874, 359
5878, 353
5882, 333
5886, 310
5890, 358
5894, 356
5898, 325
5902, 346
5906, 369
5910, 347
5914, 341
5918, 365
5922, 344
5926, 354
5930, 373
5934, 341
5938, 336
5942, 346
5946, 344
5950, 344
5954, 369
5958, 370
5962, 354
5966, 330
5970, 339
5974, 324
5978, 355
5982, 337
5986, 353
5990, 334
5994, 347
5998, 352
6002, 391
6006, 365
6010, 326
6014, 335
6018, 355
6022, 340
6026, 348
6030, 345
6034, 395
6038, 399
6042, 332
6046, 367
6050, 370
6054, 396
6058, 379
6062, 373
6066, 325
6070, 358
6074, 370
6078, 336
6082, 358
6086, 361
6090, 353
6094, 354
6098, 340
6102, 365
6106, 337
6110, 355
6114, 330
6118, 367
6122, 314
6126, 379
6130, 354
6134, 351
6138, 344
6142, 339
6146, 348
6150, 347
6154, 359
6158, 371
6162, 335
6166, 351
6170, 350
6174, 360
6178, 352
6182, 326
6186, 351
6190, 359
6194, 347
6198, 351
6202, 352
6206, 323
6210, 372
6214, 346
6218, 353
6222, 362
6226, 382
6230, 327
6234, 336
6238, 353
6242, 370
6246, 346
6250, 360
6254, 366
6258, 351
6262, 378
6266, 369
6270, 361
6274, 360
6278, 364
6282, 335
6286, 349
6290, 339
6294, 360
6298, 383
6302, 349
6306, 379
6310, 357
6314, 357
6318, 362
6322, 369
6326, 362
6330, 369
6334, 356
6338, 386
6342, 383
6346, 348
6350, 317
6354, 354
6358, 378
6362, 370
6366, 360
6370, 369
6374, 357
6378, 345
6382, 355
6386, 361
6390, 378
6394, 347
6398, 342
6402, 375
6406, 365
6410, 362
6414, 385
6418, 342
6422, 356
6426, 378
6430, 387
6434, 330
6438, 353
6442, 341
6446, 356
6450, 364
6454, 331
6458, 332
6462, 354
6466, 340
6470, 362
6474, 348
6478, 354
6482, 372
6486, 350
6490, 361
6494, 363
6498, 383
6502, 347
6506, 327
6510, 347
6514, 379
6518, 336
6522, 333
6526, 372
6530, 393
6534, 372
6538, 362
6542, 341
6546, 337
6550, 326
6554, 336
6558, 355
6562, 350
6566, 360
6570, 378
6574, 354
6578, 335
6582, 357
6586, 366
6590, 367
6594, 352
6598, 345
6602, 369
6606, 341
6610, 368
6614, 388
6618, 344
6622, 384
6626, 366
6630, 387
6634, 333
6638, 370
6642, 363
6646, 343
6650, 363
6654, 385
6658, 365
6662, 345
6666, 384
6670, 350
6674, 340
6678, 348
6682, 351
6686, 361
6690, 386
6694, 370
6698, 361
6702, 365
6706, 395
6710, 367
6714, 379
6718, 361
6722, 376
6726, 367
6730, 336
6734, 382
6738, 365
6742, 364
6746, 356
6750, 344
6754, 350
6758, 350
6762, 374
6766, 394
6770, 358
6774, 355
6778, 403
6782, 390
6786, 374
6790, 400
6794, 376
6798, 347
6802, 377
6806, 365
6810, 399
6814, 369
6818, 395
6822, 352
6826, 375
6830, 387
6834, 408
6838, 347
6842, 390
6846, 354
6850, 369
6854, 351
6858, 378
6862, 402
6866, 340
6870, 373
6874, 345
6878, 381
6882, 362
6886, 341
6890, 417
6894, 398
6898, 363
6902, 362
6906, 355
6910, 351
6914, 384
6918, 392
6922, 357
6926, 337
6930, 337
6934, 397
6938, 383
6942, 352
6946, 423
6950, 369
6954, 366
6958, 376
6962, 377
6966, 374
6970, 361
6974, 332
6978, 355
6982, 361
6986, 433
6990, 399
6994, 366
6998, 372
7002, 378
7006, 361
7010, 369
7014, 390
7018, 369
7022, 383
7026, 362
7030, 386
7034, 381
7038, 393
7042, 328
7046, 398
7050, 348
7054, 342
7058, 370
7062, 365
7066, 413
7070, 356
7074, 380
7078, 380
7082, 399
7086, 364
7090, 346
7094, 335
7098, 346
7102, 380
7106, 432
7110, 384
7114, 369
7118, 367
7122, 335
7126, 369
7130, 399
7134, 395
7138, 362
7142, 361
7146, 398
7150, 390
7154, 375
7158, 382
7162, 400
7166, 379
7170, 400
7174, 397
7178, 359
7182, 388
7186, 353
7190, 386
7194, 381
7198, 383
7202, 362
7206, 393
7210, 381
7214, 392
7218, 400
7222, 383
7226, 374
7230, 344
7234, 382
7238, 394
7242, 346
7246, 385
7250, 375
7254, 385
7258, 388
7262, 384
7266, 370
7270, 363
7274, 404
7278, 382
7282, 419
7286, 382
7290, 355
7294, 385
7298, 387
7302, 397
7306, 379
7310, 355
7314, 375
7318, 388
7322, 389
7326, 399
7330, 372
7334, 374
7338, 407
7342, 401
7346, 411
7350, 395
7354, 368
7358, 393
7362, 400
7366, 394
7370, 395
7374, 381
7378, 414
7382, 363
7386, 409
7390, 375
7394, 367
7398, 411
7402, 382
7406, 396
7410, 395
7414, 346
7418, 394
7422, 408
7426, 370
7430, 374
7434, 381
7438, 384
7442, 410
7446, 392
7450, 396
7454, 392
7458, 348
7462, 410
7466, 373
7470, 385
7474, 367
7478, 414
7482, 375
7486, 384
7490, 383
7494, 349
7498, 377
7502, 398
7506, 373
7510, 365
7514, 422
7518, 387
7522, 396
7526, 407
7530, 392
7534, 400
7538, 402
7542, 386
7546, 457
7550, 423
7554, 448
7558, 457
7562, 423
7566, 416
7570, 365
7574, 440
7578, 410
7582, 409
7586, 404
7590, 410
7594, 401
7598, 368
7602, 407
7606, 393
7610, 406
7614, 385
7618, 399
7622, 381
7626, 411
7630, 415
7634, 409
7638, 382
7642, 393
7646, 414
7650, 374
7654, 406
7658, 368
7662, 400
7666, 391
7670, 420
7674, 443
7678, 393
7682, 405
7686, 402
7690, 416
7694, 400
7698, 418
7702, 374
7706, 378
7710, 409
7714, 420
7718, 421
7722, 400
7726, 369
7730, 451
7734, 388
7738, 388
7742, 423
7746, 434
7750, 395
7754, 389
7758, 424
7762, 395
7766, 380
7770, 449
7774, 413
7778, 424
7782, 372
7786, 425
7790, 398
7794, 420
7798, 395
7802, 416
7806, 376
7810, 399
7814, 421
7818, 431
7822, 414
7826, 414
7830, 373
7834, 377
7838, 398
7842, 440
7846, 390
7850, 363
7854, 411
7858, 406
7862, 359
7866, 399
7870, 414
7874, 386
7878, 425
7882, 368
7886, 386
7890, 357
7894, 373
7898, 388
7902, 420
7906, 419
7910, 413
7914, 399
7918, 393
7922, 388
7926, 422
7930, 391
7934, 412
7938, 437
7942, 383
7946, 418
7950, 382
7954, 382
7958, 456
7962, 407
7966, 406
7970, 367
7974, 418
7978, 397
7982, 425
7986, 376
7990, 422
7994, 432
7998, 437
8002, 443
8006, 406
8010, 384
8014, 392
8018, 371
8022, 367
8026, 373
8030, 425
8034, 401
8038, 399
8042, 439
8046, 422
8050, 398
8054, 426
8058, 407
8062, 439
8066, 394
8070, 412
8074, 428
8078, 409
8082, 386
8086, 382
8090, 376
8094, 428
8098, 362
8102, 403
8106, 395
8110, 440
8114, 413
8118, 449
8122, 405
8126, 434
8130, 397
8134, 425
8138, 415
8142, 376
8146, 380
8150, 383
8154, 394
8158, 403
8162, 380
8166, 380
8170, 397
8174, 418
8178, 392
8182, 396
8186, 416
8190, 369
8194, 425
8198, 402
8202, 406
8206, 403
8210, 400
8214, 403
8218, 428
8222, 423
8226, 410
8230, 399
8234, 434
8238, 420
8242, 421
8246, 444
8250, 414
8254, 401
8258, 414
8262, 428
8266, 414
8270, 437
8274, 429
8278, 435
8282, 422
8286, 405
8290, 435
8294, 423
8298, 411
8302, 433
8306, 414
8310, 403
8314, 412
8318, 407
8322, 416
8326, 423
8330, 420
8334, 377
8338, 422
8342, 429
8346, 420
8350, 426
8354, 411
8358, 451
8362, 447
8366, 420
8370, 402
8374, 454
8378, 426
8382, 430
8386, 457
8390, 425
8394, 411
8398, 435
8402, 408
8406, 416
8410, 445
8414, 461
8418, 426
8422, 413
8426, 421
8430, 431
8434, 448
8438, 435
8442, 447
8446, 424
8450, 440
8454, 430
8458, 432
8462, 422
8466, 416
8470, 429
8474, 409
8478, 429
8482, 460
8486, 410
8490, 454
8494, 409
8498, 412
8502, 425
8506, 441
8510, 419
8514, 454
8518, 434
8522, 439
8526, 471
8530, 453
8534, 383
8538, 463
8542, 393
8546, 433
8550, 466
8554, 451
8558, 437
8562, 386
8566, 439
8570, 476
8574, 441
8578, 457
8582, 447
8586, 419
8590, 442
8594, 429
8598, 413
8602, 424
8606, 455
8610, 461
8614, 444
8618, 466
8622, 427
8626, 415
8630, 427
8634, 426
8638, 433
8642, 438
8646, 465
8650, 441
8654, 434
8658, 449
8662, 456
8666, 444
8670, 460
8674, 504
8678, 432
8682, 479
8686, 437
8690, 466
8694, 482
8698, 467
8702, 464
8706, 470
8710, 457
8714, 474
8718, 514
8722, 563
8726, 519
8730, 636
8734, 794
8738, 1017
8742, 1308
8746, 1587
8750, 1693
8754, 1530
8758, 1350
8762, 916
8766, 740
8770, 575
8774, 533
8778, 519
8782, 479
8786, 534
8790, 528
8794, 544
8798, 512
8802, 488
8806, 482
8810, 502
8814, 497
8818, 501
8822, 506
8826, 490
8830, 477
8834, 519
8838, 462
8842, 477
8846, 467
8850, 466
8854, 472
8858, 479
8862, 478
8866, 478
8870, 483
8874, 469
8878, 502
8882, 506
8886, 467
8890, 464
8894, 512
8898, 431
8902, 488
8906, 473
8910, 482
8914, 469
8918, 523
8922, 457
8926, 467
8930, 493
8934, 475
8938, 460
8942, 481
8946, 456
8950, 507
8954, 470
8958, 478
8962, 520
8966, 511
8970, 527
8974, 501
8978, 553
8982, 501
8986, 508
8990, 515
8994, 450
8998, 563
9002, 489
9006, 525
9010, 521
9014, 538
9018, 491
9022, 477
9026, 494
9030, 464
9034, 510
9038, 485
9042, 530
9046, 555
9050, 559
9054, 608
9058, 649
9062, 675
9066, 705
9070, 575
9074, 561
9078, 576
9082, 518
9086, 517
9090, 521
9094, 508
9098, 497
9102, 511
9106, 556
9110, 496
9114, 564
9118, 494
9122, 484
9126, 502
9130, 533
9134, 511
9138, 571
9142, 519
9146, 542
9150, 541
9154, 541
9158, 543
9162, 540
9166, 505
9170, 549
9174, 519
9178, 560
9182, 519
9186, 526
9190, 564
9194, 551
9198, 534
9202, 550
9206, 548
9210, 540
9214, 546
9218, 538
9222, 527
9226, 540
9230, 518
9234, 552
9238, 528
9242, 558
9246, 545
9250, 546
9254, 554
9258, 552
9262, 562
9266, 522
9270, 584
9274, 569
9278, 595
9282, 546
9286, 525
9290, 568
9294, 523
9298, 575
9302, 572
9306, 589
9310, 540
9314, 523
9318, 545
9322, 581
9326, 558
9330, 566
9334, 563
9338, 532
9342, 578
9346, 557
9350, 544
9354, 527
9358, 582
9362, 564
9366, 576
9370, 575
9374, 523
9378, 586
9382, 555
9386, 587
9390, 604
9394, 569
9398, 579
9402, 568
9406, 581
9410, 563
9414, 604
9418, 567
9422, 598
9426, 587
9430, 598
9434, 567
9438, 582
9442, 565
9446, 600
9450, 565
9454, 565
9458, 595
9462, 605
9466, 591
9470, 548
9474, 592
9478, 592
9482, 550
9486, 623
9490, 577
9494, 581
9498, 544
9502, 554
9506, 589
9510, 591
9514, 577
9518, 573
9522, 608
9526, 628
9530, 562
9534, 601
9538, 581
9542, 592
9546, 598
9550, 590
9554, 607
9558, 616
9562, 608
9566, 616
9570, 594
9574, 630
9578, 643
9582, 630
9586, 605
9590, 635
9594, 566
9598, 620
9602, 580
9606, 611
9610, 654
9614, 639
9618, 604
9622, 646
9626, 631
9630, 584
9634, 645
9638, 647
9642, 631
9646, 614
9650, 646
9654, 685
9658, 671
9662, 629
9666, 632
9670, 623
9674, 646
9678, 621
9682, 628
9686, 645
9690, 613
9694, 635
9698, 647
9702, 648
9706, 654
9710, 659
9714, 653
9718, 654
9722, 624
9726, 628
9730, 665
9734, 692
9738, 674
9742, 649
9746, 672
9750, 682
9754, 622
9758, 678
9762, 665
9766, 637
9770, 646
9774, 657
9778, 669
9782, 706
9786, 700
9790, 694
9794, 700
9798, 669
9802, 687
9806, 638
9810, 681
9814, 736
9818, 682
9822, 699
9826, 698
9830, 670
9834, 722
9838, 681
9842, 738
9846, 703
9850, 702
9854, 729
9858, 711
9862, 668
9866, 678
9870, 726
9874, 745
9878, 684
9882, 756
9886, 708
9890, 747
9894, 715
9898, 735
9902, 702
9906, 765
9910, 722
9914, 767
9918, 734
9922, 714
9926, 758
9930, 714
9934, 768
9938, 725
9942, 725
9946, 717
9950, 753
9954, 764
9958, 758
9962, 732
9966, 800
9970, 690
9974, 732
9978, 769
9982, 725
9986, 767
9990, 823
9994, 749
9998, 791
10002, 781
10006, 757
10010, 770
10014, 750
10018, 740
10022, 755
10026, 772
10030, 756
10034, 757
10038, 776
10042, 791
10046, 815
10050, 807
10054, 807
10058, 776
10062, 849
10066, 801
10070, 814
10074, 758
10078, 857
10082, 798
10086, 826
10090, 779
10094, 831
10098, 770
10102, 807
10106, 786
10110, 808
10114, 858
10118, 824
10122, 785
10126, 832
10130, 852
10134, 841
10138, 817
10142, 827
10146, 798
10150, 795
10154, 828
10158, 852
10162, 818
10166, 833
10170, 843
10174, 847
10178, 840
10182, 849
10186, 856
10190, 810
10194, 848
10198, 884
10202, 909
10206, 862
10210, 839
10214, 912
10218, 861
10222, 868
10226, 942
10230, 888
10234, 833
10238, 828
10242, 834
10246, 919
10250, 885
10254, 860
10258, 902
10262, 939
10266, 896
10270, 871
10274, 905
10278, 912
10282, 909
10286, 849
10290, 873
10294, 868
10298, 863
10302, 864
10306, 862
10310, 932
10314, 919
10318, 872
10322, 817
10326, 955
10330, 954
10334, 866
10338, 898
10342, 917
10346, 849
10350, 918
10354, 876
10358, 944
10362, 832
10366, 810
10370, 866
10374, 881
10378, 852
10382, 842
10386, 852
10390, 858
10394, 821
10398, 770
10402, 750
10406, 716
10410, 731
10414, 728
10418, 716
10422, 638
10426, 625
10430, 644
10434, 599
10438, 667
10442, 647
10446, 568
10450, 573
10454, 602
10458, 581
10462, 630
10466, 599
10470, 580
10474, 539
10478, 569
10482, 548
10486, 547
10490, 577
10494, 551
10498, 567
10502, 573
10506, 561
10510, 548
10514, 540
10518, 551
10522, 526
10526, 524
10530, 549
10534, 535
10538, 538
10542, 566
10546, 528
10550, 504
10554, 498
10558, 487
10562, 565
10566, 504
10570, 478
10574, 503
10578, 531
10582, 520
10586, 524
10590, 489
10594, 508
10598, 458
10602, 457
10606, 518
10610, 467
10614, 503
10618, 508
10622, 497
10626, 510
10630, 502
10634, 484
10638, 448
10642, 457
10646, 479
10650, 459
10654, 496
10658, 509
10662, 469
10666, 464
10670, 479
10674, 460
10678, 471
10682, 496
10686, 524
10690, 450
10694, 441
10698, 490
10702, 462
10706, 501
10710, 476
10714, 439
10718, 436
10722, 428
10726, 428
10730, 452
10734, 396
10738, 444
10742, 420
10746, 437
10750, 423
10754, 420
10758, 453
10762, 406
10766, 402
10770, 428
10774, 440
10778, 425
10782, 394
10786, 432
10790, 404
10794, 414
10798, 442
10802, 378
10806, 414
10810, 421
10814, 405
10818, 395
10822, 414
10826, 411
10830, 381
10834, 379
10838, 413
10842, 377
10846, 384
10850, 396
10854, 378
10858, 385
10862, 364
10866, 384
10870, 353
10874, 345
10878, 375
10882, 352
10886, 341
10890, 327
10894, 362
10898, 334
10902, 373
10906, 322
10910, 362
10914, 335
10918, 328
10922, 337
10926, 327
10930, 321
10934, 314
10938, 337
10942, 330
10946, 328
10950, 281
10954, 305
10958, 283
10962, 300
10966, 314
10970, 305
10974, 304
10978, 312
10982, 256
10986, 267
10990, 278
10994, 266
10998, 253
11002, 256
11006, 267
11010, 261
11014, 229
11018, 238
11022, 245
11026, 240
11030, 248
11034, 243
11038, 196
11042, 224
11046, 234
11050, 192
11054, 263
11058, 206
11062, 214
11066, 221
11070, 243
11074, 190
11078, 199
11082, 218
11086, 190
11090, 179
11094, 210
11098, 218
11102, 201
11106, 170
11110, 200
11114, 168
11118, 187
11122, 167
11126, 179
11130, 180
11134, 150
11138, 177
11142, 151
11146, 157
11150, 140
11154, 152
11158, 160
11162, 159
11166, 149
11170, 154
11174, 121
11178, 129
11182, 111
11186, 134
11190, 140
11194, 136
11198, 134
11202, 137
11206, 123
11210, 157
11214, 135
11218, 136
11222, 149
11226, 142
11230, 149
11234, 157
11238, 152
11242, 139
11246, 132
11250, 135
11254, 123
11258, 133
11262, 129
11266, 131
11270, 114
11274, 114
11278, 126
11282, 119
11286, 135
11290, 131
11294, 107
11298, 118
11302, 111
11306, 111
11310, 114
11314, 116
11318, 98
11322, 105
11326, 110
11330, 122
11334, 126
11338, 120
11342, 111
11346, 130
11350, 116
11354, 139
11358, 111
11362, 118
11366, 112
11370, 109
11374, 132
11378, 113
11382, 97
11386, 110
11390, 110
11394, 101
11398, 116
11402, 123
11406, 85
11410, 109
11414, 105
11418, 111
11422, 108
11426, 118
11430, 107
11434, 115
11438, 88
11442, 119
11446, 110
11450, 97
11454, 90
11458, 117
11462, 116
11466, 118
11470, 108
11474, 124
11478, 91
11482, 98
11486, 95
11490, 104
11494, 105
11498, 88
11502, 95
11506, 91
11510, 107
11514, 104
11518, 98
11522, 104
11526, 90
11530, 98
11534, 86
11538, 109
11542, 86
11546, 113
11550, 96
11554, 88
11558, 99
11562, 107
11566, 87
11570, 75
11574, 112
11578, 91
11582, 95
11586, 114
11590, 110
11594, 112
11598, 139
11602, 97
11606, 93
11610, 119
11614, 115
11618, 102
11622, 102
11626, 103
11630, 110
11634, 103
11638, 103
11642, 82
11646, 123
11650, 121
11654, 113
11658, 123
11662, 145
11666, 152
11670, 137
11674, 185
11678, 217
11682, 296
11686, 370
11690, 425
11694, 590
11698, 880
11702, 1317
11706, 2457
11710, 4979
11714, 9763
11718, 17041
11722, 23722
11726, 25193
11730, 19680
11734, 11304
11738, 4950
11742, 2000
11746, 1001
11750, 709
11754, 508
11758, 441
11762, 346
11766, 287
11770, 253
11774, 228
11778, 231
11782, 246
11786, 248
11790, 276
11794, 221
11798, 241
11802, 220
11806, 203
11810, 182
11814, 159
11818, 156
11822, 140
11826, 120
11830, 114
11834, 81
11838, 77
11842, 95
11846, 70
11850, 55
11854, 47
11858, 60
11862, 56
11866, 41
11870, 53
11874, 55
11878, 40
11882, 51
11886, 46
11890, 44
11894, 44
11898, 42
11902, 30
11906, 41
11910, 27
11914, 41
11918, 37
11922, 37
11926, 36
11930, 37
11934, 38
11938, 31
11942, 33
11946, 46
11950, 47
11954, 36
11958, 36
11962, 36
11966, 44
11970, 45
11974, 29
11978, 39
11982, 44
11986, 44
11990, 45
11994, 59
11998, 60
12002, 53
12006, 75
12010, 86
12014, 77
12018, 89
12022, 77
12026, 112
12030, 145
12034, 171
12038, 154
12042, 145
12046, 126
12050, 77
12054, 79
12058, 56
12062, 62
12066, 51
12070, 50
12074, 41
12078, 50
12082, 39
12086, 46
12090, 39
12094, 55
12098, 40
12102, 42
12106, 36
12110, 49
12114, 38
12118, 40
12122, 42
12126, 42
12130, 44
12134, 43
12138, 46
12142, 47
12146, 37
12150, 45
12154, 49
12158, 38
12162, 72
12166, 48
12170, 47
12174, 47
12178, 40
12182, 50
12186, 37
12190, 38
12194, 41
12198, 40
12202, 48
12206, 47
12210, 33
12214, 31
12218, 38
12222, 45
12226, 41
12230, 46
12234, 40
12238, 48
12242, 29
12246, 44
12250, 45
12254, 42
12258, 41
12262, 38
12266, 44
12270, 32
12274, 42
12278, 35
12282, 49
12286, 44
12290, 38
12294, 37
12298, 43
12302, 46
12306, 40
12310, 45
12314, 48
12318, 48
12322, 40
12326, 41
12330, 36
12334, 34
12338, 49
12342, 32
12346, 49
12350, 36
12354, 30
12358, 26
12362, 42
12366, 31
12370, 45
12374, 45
12378, 51
12382, 64
12386, 45
12390, 39
12394, 55
12398, 39
12402, 41
12406, 42
12410, 52
12414, 39
12418, 46
12422, 39
12426, 48
12430, 36
12434, 48
12438, 39
12442, 35
12446, 41
12450, 35
12454, 41
12458, 53
12462, 44
12466, 50
12470, 38
12474, 56
12478, 47
12482, 44
12486, 46
12490, 52
12494, 44
12498, 44
12502, 46
12506, 48
12510, 41
12514, 42
12518, 42
12522, 54
12526, 33
12530, 33
12534, 44
12538, 54
12542, 36
12546, 42
12550, 53
12554, 50
12558, 53
12562, 40
12566, 46
12570, 36
12574, 39
12578, 41
12582, 50
12586, 39
12590, 53
12594, 42
12598, 39
12602, 39
12606, 29
12610, 46
12614, 49
12618, 52
12622, 29
12626, 52
12630, 40
12634, 39
12638, 44
12642, 41
12646, 60
12650, 40
12654, 45
12658, 46
12662, 40
12666, 41
12670, 48
12674, 43
12678, 46
12682, 43
12686, 40
12690, 46
12694, 44
12698, 51
12702, 47
12706, 54
12710, 33
12714, 38
12718, 44
12722, 55
12726, 52
12730, 48
12734, 44
12738, 56
12742, 42
12746, 38
12750, 31
12754, 46
12758, 35
12762, 52
12766, 40
12770, 41
12774, 45
12778, 48
12782, 53
12786, 40
12790, 53
12794, 48
12798, 41
12802, 53
12806, 42
12810, 40
12814, 38
12818, 44
12822, 51
12826, 39
12830, 51
12834, 55
12838, 56
12842, 60
12846, 41
12850, 44
12854, 44
12858, 43
12862, 47
12866, 42
12870, 57
12874, 47
12878, 49
12882, 47
12886, 45
12890, 51
12894, 52
12898, 54
12902, 54
12906, 43
12910, 46
12914, 43
12918, 43
12922, 50
12926, 39
12930, 50
12934, 45
12938, 41
12942, 48
12946, 43
12950, 29
12954, 44
12958, 47
12962, 42
12966, 52
12970, 53
12974, 34
12978, 41
12982, 52
12986, 40
12990, 48
12994, 51
12998, 45
13002, 46
13006, 52
13010, 38
13014, 51
13018, 43
13022, 41
13026, 47
13030, 48
13034, 43
13038, 45
13042, 47
13046, 51
13050, 58
13054, 45
13058, 45
13062, 46
13066, 51
13070, 39
13074, 52
13078, 30
13082, 47
13086, 53
13090, 47
13094, 49
13098, 47
13102, 55
13106, 47
13110, 47
13114, 45
13118, 41
13122, 51
13126, 46
13130, 46
13134, 47
13138, 49
13142, 54
13146, 49
13150, 43
13154, 53
13158, 48
13162, 39
13166, 61
13170, 51
13174, 55
13178, 40
13182, 36
13186, 48
13190, 35
13194, 56
13198, 39
13202, 51
13206, 43
13210, 42
13214, 44
13218, 45
13222, 43
13226, 44
13230, 44
13234, 49
13238, 38
13242, 43
13246, 46
13250, 51
13254, 48
13258, 55
13262, 41
13266, 46
13270, 39
13274, 47
13278, 50
13282, 43
13286, 43
13290, 46
13294, 50
13298, 43
13302, 45
13306, 54
13310, 42
13314, 56
13318, 44
13322, 48
13326, 43
13330, 47
13334, 37
13338, 42
13342, 44
13346, 46
13350, 48
13354, 41
13358, 42
13362, 44
13366, 49
13370, 44
13374, 46
13378, 53
13382, 43
13386, 49
13390, 57
13394, 56
13398, 52
13402, 56
13406, 57
13410, 55
13414, 49
13418, 54
13422, 44
13426, 52
13430, 53
13434, 38
13438, 48
13442, 62
13446, 61
13450, 51
13454, 55
13458, 56
13462, 61
13466, 63
13470, 55
13474, 47
13478, 43
13482, 57
13486, 54
13490, 52
13494, 59
13498, 56
13502, 55
13506, 53
13510, 53
13514, 65
13518, 49
13522, 50
13526, 59
13530, 56
13534, 35
13538, 53
13542, 57
13546, 55
13550, 40
13554, 41
13558, 59
13562, 44
13566, 43
13570, 37
13574, 51
13578, 53
13582, 57
13586, 56
13590, 43
13594, 60
13598, 50
13602, 56
13606, 48
13610, 41
13614, 54
13618, 50
13622, 55
13626, 46
13630, 43
13634, 47
13638, 61
13642, 50
13646, 61
13650, 52
13654, 49
13658, 54
13662, 50
13666, 53
13670, 31
13674, 40
13678, 42
13682, 39
13686, 28
13690, 53
13694, 48
13698, 45
13702, 45
13706, 48
13710, 41
13714, 42
13718, 36
13722, 36
13726, 44
13730, 35
13734, 38
13738, 36
13742, 28
13746, 40
13750, 39
13754, 46
13758, 25
13762, 34
13766, 40
13770, 49
13774, 38
13778, 38
13782, 51
13786, 41
13790, 40
13794, 34
13798, 47
13802, 31
13806, 37
13810, 29
13814, 31
13818, 52
13822, 33
13826, 38
13830, 28
13834, 41
13838, 40
13842, 38
13846, 25
13850, 38
13854, 28
13858, 33
13862, 31
13866, 26
13870, 44
13874, 41
13878, 45
13882, 29
13886, 48
13890, 31
13894, 26
13898, 33
13902, 29
13906, 30
13910, 37
13914, 42
13918, 39
13922, 30
13926, 36
13930, 37
13934, 26
13938, 29
13942, 32
13946, 39
13950, 32
13954, 36
13958, 29
13962, 37
13966, 41
13970, 28
13974, 30
13978, 31
13982, 32
13986, 27
13990, 37
13994, 37
13998, 32
14002, 32
14006, 30
14010, 32
14014, 34
14018, 41
14022, 31
14026, 22
14030, 39
14034, 35
14038, 29
14042, 46
14046, 33
14050, 25
14054, 36
14058, 17
14062, 30
14066, 28
14070, 39
14074, 30
14078, 27
14082, 28
14086, 20
14090, 25
14094, 28
14098, 27
14102, 23
14106, 30
14110, 28
14114, 24
14118, 27
14122, 14
14126, 29
14130, 23
14134, 29
14138, 32
14142, 36
14146, 27
14150, 27
14154, 43
14158, 32
14162, 27
14166, 26
14170, 22
14174, 33
14178, 19
14182, 18
14186, 14
14190, 19
14194, 27
14198, 16
14202, 24
14206, 23
14210, 29
14214, 28
14218, 20
14222, 26
14226, 25
14230, 26
14234, 20
14238, 23
14242, 18
14246, 18
14250, 17
14254, 22
14258, 18
14262, 20
14266, 20
14270, 16
14274, 31
14278, 18
14282, 18
14286, 29
14290, 13
14294, 17
14298, 21
14302, 18
14306, 15
14310, 16
14314, 17
14318, 21
14322, 13
14326, 22
14330, 16
14334, 18
14338, 17
14342, 21
14346, 14
14350, 23
14354, 24
14358, 13
14362, 14
14366, 13
14370, 16
14374, 16
14378, 22
14382, 12
14386, 19
14390, 14
14394, 15
14398, 13
14402, 6
14406, 12
14410, 14
14414, 19
14418, 11
14422, 19
14426, 12
14430, 21
14434, 13
14438, 12
14442, 13
14446, 10
14450, 10
14454, 13
14458, 12
14462, 11
14466, 12
14470, 18
14474, 11
14478, 4
14482, 6
14486, 10
14490, 11
14494, 6
14498, 16
14502, 11
14506, 15
14510, 9
14514, 14
14518, 11
14522, 8
14526, 7
14530, 15
14534, 9
14538, 10
14542, 8
14546, 8
14550, 12
14554, 9
14558, 7
14562, 12
14566, 9
14570, 13
14574, 11
14578, 11
14582, 4
14586, 11
14590, 9
14594, 11
14598, 4
14602, 7
14606, 8
14610, 13
14614, 7
14618, 10
14622, 9
14626, 14
14630, 20
14634, 15
14638, 28
14642, 25
14646, 27
14650, 27
14654, 19
14658, 16
14662, 7
14666, 14
14670, 12
14674, 9
14678, 10
14682, 7
14686, 22
14690, 8
14694, 8
14698, 5
14702, 12
14706, 6
14710, 6
14714, 8
14718, 7
14722, 10
14726, 10
14730, 7
14734, 8
14738, 11
14742, 11
14746, 7
14750, 4
14754, 12
14758, 7
14762, 7
14766, 6
14770, 8
14774, 6
14778, 7
14782, 10
14786, 11
14790, 7
14794, 9
14798, 4
14802, 5
14806, 7
14810, 2
14814, 8
14818, 10
14822, 14
14826, 9
14830, 7
14834, 11
14838, 13
14842, 9
14846, 9
14850, 12
14854, 8
14858, 8
14862, 9
14866, 8
14870, 3
14874, 6
14878, 7
14882, 9
14886, 4
14890, 7
14894, 8
14898, 6
14902, 9
14906, 13
14910, 13
14914, 7
14918, 9
14922, 7
14926, 6
14930, 9
14934, 8
14938, 10
14942, 12
14946, 10
14950, 15
14954, 17
14958, 25
14962, 25
14966, 28
14970, 24
14974, 28
14978, 41
14982, 49
14986, 81
14990, 102
14994, 160
14998, 312
15002, 541
15006, 799
15010, 991
15014, 990
15018, 780
15022, 453
15026, 202
15030, 94
15034, 64
15038, 38
15042, 20
15046, 11
15050, 16
15054, 16
15058, 28
15062, 16
15066, 22
15070, 20
15074, 13
15078, 18
15082, 21
15086, 15
15090, 16
15094, 20
15098, 13
15102, 14
15106, 15
15110, 9
15114, 22
15118, 24
15122, 50
15126, 72
15130, 120
15134, 144
15138, 107
15142, 83
15146, 42
15150, 25
15154, 15
15158, 12
15162, 8
15166, 5
15170, 7
15174, 8
15178, 7
15182, 3
15186, 4
15190, 7
15194, 8
15198, 3
15202, 7
15206, 4
15210, 3
15214, 9
15218, 13
15222, 9
15226, 12
15230, 11
15234, 6
15238, 3
15242, 5
15246, 5
15250, 8
15254, 3
15258, 6
15262, 4
15266, 4
15270, 5
15274, 10
15278, 5
15282, 4
15286, 4
15290, 5
15294, 3
15298, 5
15302, 4
15306, 5
15310, 6
15314, 5
15318, 6
15322, 6
15326, 8
15330, 1
15334, 7
15338, 4
15342, 4
15346, 3
15350, 3
15354, 1
15358, 3
15362, 3
15366, 5
15370, 4
15374, 6
15378, 3
15382, 3
15386, 10
15390, 4
15394, 5
15398, 7
15402, 4
15406, 3
15410, 6
15418, 4
15422, 4
15426, 4
15430, 4
15434, 5
15438, 5
15442, 2
15446, 6
15450, 5
15454, 4
15458, 5
15462, 1
15466, 3
15470, 3
15474, 6
15478, 4
15482, 3
15486, 3
15490, 5
15494, 4
15498, 7
15502, 5
15506, 4
15510, 6
15514, 4
15518, 1
15522, 5
15526, 2
15530, 6
15534, 3
15538, 6
15546, 4
15550, 2
15554, 5
15558, 7
15562, 3
15566, 7
15570, 8
15574, 5
15578, 10
15582, 4
15586, 4
15590, 6
15594, 5
15598, 9
15602, 4
15606, 4
15610, 2
15614, 6
15618, 4
15622, 3
15626, 6
15630, 4
15634, 5
15638, 5
15642, 3
15646, 4
15650, 3
15654, 5
15658, 9
15662, 4
15666, 4
15670, 4
15674, 4
15678, 2
15682, 7
15686, 1
15690, 5
15694, 5
15698, 6
15702, 5
15706, 3
15710, 5
15714, 3
15718, 7
15722, 8
15726, 2
15730, 4
15734, 5
15738, 5
15742, 3
15746, 6
15750, 4
15754, 5
15758, 7
15762, 4
15766, 7
15770, 8
15774, 7
15778, 3
15782, 6
15786, 3
15790, 3
15794, 6
15798, 8
15802, 3
15806, 3
15810, 4
15814, 5
15818, 5
15822, 5
15826, 2
15830, 6
15834, 1
15838, 6
15842, 2
15846, 8
15850, 4
15854, 2
15858, 5
15862, 3
15866, 7
15870, 9
15874, 7
15878, 17
15882, 11
15886, 10
15890, 7
15894, 10
15898, 4
15902, 4
15906, 3
15910, 2
15914, 5
15918, 6
15922, 1
15926, 2
15930, 2
15934, 6
15938, 4
15942, 6
15946, 4
15950, 4
15954, 1
15958, 2
15962, 2
15966, 6
15970, 3
15974, 3
15978, 2
15982, 3
15986, 8
15990, 3
15994, 7
15998, 5
