2, 252524
6, 13844
10, 4850
14, 4735
18, 3581
22, 2004
26, 2165
30, 3100
34, 4459
38, 5873
42, 7228
46, 8188
50, 8815
54, 9296
58, 10124
62, 10234
66, 10141
70, 10282
74, 10199
78, 10710
82, 10686
86, 10568
90, 10648
94, 10787
98, 10761
102, 10836
106, 10863
110, 10987
114, 11063
118, 11190
122, 11089
126, 11291
130, 11343
134, 11384
138, 11788
142, 11744
146, 11886
150, 11722
154, 11688
158, 11887
162, 11807
166, 12000
170, 12115
174, 12202
178, 12086
182, 12586
186, 12405
190, 12418
194, 12744
198, 12681
202, 12864
206, 12532
210, 13124
214, 12907
218, 12951
222, 13162
226, 13041
230, 13215
234, 13389
238, 13256
242, 13376
246, 13341
250, 13500
254, 13739
258, 13693
262, 13805
266, 13779
270, 14139
274, 14147
278, 14150
282, 14084
286, 13960
290, 14067
294, 14481
298, 14579
302, 14389
306, 14235
310, 14412
314, 14686
318, 14620
322, 14625
326, 14673
330, 14763
334, 14740
338, 14889
342, 15015
346, 15161
350, 14940
354, 15036
358, 15171
362, 15081
366, 15635
370, 15356
374, 15466
378, 15426
382, 15642
386, 15596
390, 15728
394, 15941
398, 15945
402, 15903
406, 15996
410, 15954
414, 16085
418, 16549
422, 16216
426, 16604
430, 16735
434, 17054
438, 16655
442, 16336
446, 16401
450, 16584
454, 16297
458, 16304
462, 16387
466, 16723
470, 16624
474, 16924
478, 16718
482, 16821
486, 16997
490, 17081
494, 17051
498, 16971
502, 17203
506, 17139
510, 17203
514, 17137
518, 17171
522, 17432
526, 17088
530, 17390
534, 17460
538, 17549
542, 17487
546, 17435
550, 17221
554, 17541
558, 17698
562, 17512
566, 17607
570, 17691
574, 17916
578, 17846
582, 17817
586, 17830
590, 17783
594, 17943
598, 17833
602, 18251
606, 17816
610, 18285
614, 18336
618, 18365
622, 18495
626, 18512
630, 18665
634, 18732
638, 18654
642, 18619
646, 18990
650, 18754
654, 18789
658, 18658
662, 19291
666, 19206
670, 19095
674, 19217
678, 19406
682, 19118
686, 19017
690, 19154
694, 19529
698, 19377
702, 19397
706, 19535
710, 19181
714, 19289
718, 19504
722, 19634
726, 19668
730, 19545
734, 19572
738, 19466
742, 19493
746, 19430
750, 19355
754, 19203
758, 19036
762, 19470
766, 19097
770, 19369
774, 19520
778, 19432
782, 19030
786, 19331
790, 19305
794, 19405
798, 19178
802, 19360
806, 19333
810, 19282
814, 18986
818, 19267
822, 19150
826, 18904
830, 19291
834, 18918
838, 18873
842, 18820
846, 18919
850, 18961
854, 18851
858, 18572
862, 19002
866, 18934
870, 18665
874, 18795
878, 18592
882, 18807
886, 18575
890, 18666
894, 18834
898, 18842
902, 18680
906, 18816
910, 18455
914, 18554
918, 18603
922, 18701
926, 19064
930, 18873
934, 18552
938, 18509
942, 18361
946, 18009
950, 18450
954, 17983
958, 18178
962, 18054
966, 18071
970, 18157
974, 18269
978, 18405
982, 18221
986, 18208
990, 18045
994, 18251
998, 18475
1002, 18485
1006, 18453
1010, 18491
1014, 18675
1018, 18866
1022, 19152
1026, 19377
1030, 19616
1034, 19934
1038, 20482
1042, 20574
1046, 20701
1050, 21044
1054, 20759
1058, 20601
1062, 20962
1066, 20862
1070, 20940
1074, 21042
1078, 20701
1082, 20708
1086, 20592
1090, 20426
1094, 20621
1098, 20468
1102, 19997
1106, 19941
1110, 19891
1114, 19757
1118, 19589
1122, 19378
1126, 19422
1130, 19322
1134, 19277
1138, 19155
1142, 18851
1146, 18955
1150, 18561
1154, 18508
1158, 18580
1162, 18269
1166, 18333
1170, 18067
1174, 18131
1178, 18020
1182, 17934
1186, 17783
1190, 17716
1194, 17408
1198, 17438
1202, 17283
1206, 17063
1210, 17017
1214, 17078
1218, 16777
1222, 16759
1226, 16709
1230, 16767
1234, 16643
1238, 16481
1242, 16411
1246, 16346
1250, 16061
1254, 16254
1258, 15913
1262, 15860
1266, 15879
1270, 16041
1274, 15812
1278, 15622
1282, 15341
1286, 15445
1290, 15251
1294, 15388
1298, 15294
1302, 15448
1306, 15485
1310, 15412
1314, 15163
1318, 15347
1322, 15549
1326, 15233
1330, 15500
1334, 15266
1338, 15375
1342, 15481
1346, 15312
1350, 15242
1354, 15031
1358, 14990
1362, 14917
1366, 14973
1370, 14933
1374, 15037
1378, 14601
1382, 14842
1386, 14900
1390, 14677
1394, 14745
1398, 14778
1402, 14259
1406, 14218
1410, 14397
1414, 14064
1418, 14041
1422, 14163
1426, 14095
1430, 13800
1434, 13859
1438, 13938
1442, 13884
1446, 13850
1450, 13390
1454, 13558
1458, 13584
1462, 13603
1466, 13233
1470, 13391
1474, 13273
1478, 13218
1482, 13100
1486, 13112
1490, 12993
1494, 13023
1498, 13047
1502, 12729
1506, 12704
1510, 12912
1514, 12637
1518, 12737
1522, 12646
1526, 12426
1530, 12510
1534, 12323
1538, 12306
1542, 12258
1546, 12412
1550, 12362
1554, 11908
1558, 12082
1562, 12009
1566, 12043
1570, 11954
1574, 11887
1578, 11872
1582, 11949
1586, 11918
1590, 11761
1594, 11834
1598, 11583
1602, 11673
1606, 11472
1610, 11640
1614, 11549
1618, 11619
1622, 11406
1626, 11385
1630, 11438
1634, 11170
1638, 11302
1642, 11190
1646, 11091
1650, 11263
1654, 11352
1658, 11139
1662, 11163
1666, 11184
1670, 11037
1674, 11054
1678, 11130
1682, 10909
1686, 10972
1690, 10908
1694, 10933
1698, 10968
1702, 10890
1706, 10841
1710, 10673
1714, 10775
1718, 10711
1722, 10659
1726, 10709
1730, 10760
1734, 10690
1738, 10648
1742, 10612
1746, 10635
1750, 10272
1754, 10468
1758, 10487
1762, 10489
1766, 10441
1770, 10436
1774, 10444
1778, 10365
1782, 10262
1786, 10354
1790, 10236
1794, 10505
1798, 10090
1802, 10277
1806, 10220
1810, 10157
1814, 10210
1818, 10057
1822, 9989
1826, 10103
1830, 10141
1834, 9977
1838, 10174
1842, 10315
1846, 10130
1850, 10138
1854, 10282
1858, 10021
1862, 10073
1866, 10127
1870, 9891
1874, 10104
1878, 9933
1882, 9921
1886, 10101
1890, 9943
1894, 9828
1898, 9710
1902, 9847
1906, 9869
1910, 9894
1914, 9807
1918, 9799
1922, 9739
1926, 9734
1930, 9899
1934, 9725
1938, 9938
1942, 9851
1946, 9856
1950, 9960
1954, 9744
1958, 9871
1962, 9662
1966, 9907
1970, 9724
1974, 9710
1978, 9791
1982, 9657
1986, 9819
1990, 9746
1994, 9639
1998, 9705
2002, 9673
2006, 9739
2010, 9957
2014, 9611
2018, 9945
2022, 9582
2026, 9922
2030, 9669
2034, 9771
2038, 9727
2042, 9778
2046, 9729
2050, 9809
2054, 9777
2058, 9788
2062, 9955
2066, 9834
2070, 9730
2074, 9761
2078, 9827
2082, 9863
2086, 9775
2090, 9809
2094, 9851
2098, 9986
2102, 9729
2106, 9976
2110, 9742
2114, 9816
2118, 9743
2122, 9979
2126, 9729
2130, 9977
2134, 9836
2138, 9937
2142, 9847
2146, 9940
2150, 10088
2154, 10032
2158, 9996
2162, 9810
2166, 10050
2170, 9947
2174, 9931
2178, 9849
2182, 10043
2186, 9948
2190, 9975
2194, 10030
2198, 9963
2202, 10038
2206, 9949
2210, 10036
2214, 10066
2218, 10206
2222, 10037
2226, 10005
2230, 10096
2234, 9957
2238, 9853
2242, 9975
2246, 9884
2250, 10108
2254, 9752
2258, 9862
2262, 9792
2266, 9838
2270, 9993
2274, 9862
2278, 9653
2282, 9926
2286, 9777
2290, 9710
2294, 9614
2298, 9749
2302, 9490
2306, 9763
2310, 9677
2314, 9646
2318, 9343
2322, 9592
2326, 9549
2330, 9333
2334, 9233
2338, 9292
2342, 9175
2346, 9028
2350, 8854
2354, 8632
2358, 8334
2362, 8213
2366, 8011
2370, 7781
2374, 7502
2378, 7413
2382, 7266
2386, 7102
2390, 6945
2394, 6872
2398, 6812
2402, 6622
2406, 6667
2410, 6561
2414, 6460
2418, 6370
2422, 6301
2426, 6300
2430, 6321
2434, 6203
2438, 6114
2442, 6133
2446, 6138
2450, 5935
2454, 5883
2458, 6025
2462, 5931
2466, 5669
2470, 5755
2474, 5874
2478, 5700
2482, 5557
2486, 5620
2490, 5608
2494, 5661
2498, 5495
2502, 5507
2506, 5453
2510, 5374
2514, 5372
2518, 5303
2522, 5288
2526, 5264
2530, 5156
2534, 5192
2538, 5167
2542, 5177
2546, 5084
2550, 4976
2554, 4955
2558, 5034
2562, 5038
2566, 4785
2570, 4872
2574, 4899
2578, 4821
2582, 4764
2586, 4665
2590, 4899
2594, 4611
2598, 4659
2602, 4582
2606, 4537
2610, 4625
2614, 4646
2618, 4587
2622, 4473
2626, 4523
2630, 4382
2634, 4319
2638, 4456
2642, 4313
2646, 4227
2650, 4301
2654, 4286
2658, 4157
2662, 4229
2666, 4227
2670, 4078
2674, 4178
2678, 4103
2682, 4107
2686, 4067
2690, 3949
2694, 3982
2698, 3988
2702, 3844
2706, 3917
2710, 3900
2714, 3807
2718, 3739
2722, 3750
2726, 3832
2730, 3711
2734, 3676
2738, 3631
2742, 3515
2746, 3619
2750, 3672
2754, 3643
2758, 3613
2762, 3478
2766, 3440
2770, 3503
2774, 3475
2778, 3425
2782, 3445
2786, 3469
2790, 3267
2794, 3289
2798, 3453
2802, 3337
2806, 3264
2810, 3363
2814, 3212
2818, 3134
2822, 3274
2826, 3284
2830, 3538
2834, 3757
2838, 3464
2842, 3301
2846, 3161
2850, 3156
2854, 3030
2858, 3286
2862, 3022
2866, 3127
2870, 3000
2874, 2974
2878, 2962
2882, 2976
2886, 3006
2890, 2989
2894, 2966
2898, 2943
2902, 2951
2906, 3022
2910, 2898
2914, 2895
2918, 2983
2922, 2894
2926, 2976
2930, 2970
2934, 2980
2938, 3243
2942, 3347
2946, 3713
2950, 4689
2954, 5594
2958, 7200
2962, 7692
2966, 7225
2970, 5949
2974, 4733
2978, 3860
2982, 3391
2986, 3081
2990, 2840
2994, 2863
2998, 2736
3002, 2806
3006, 2832
3010, 2687
3014, 2731
3018, 2636
3022, 2652
3026, 2692
3030, 2587
3034, 2629
3038, 2615
3042, 2647
3046, 2602
3050, 2645
3054, 2685
3058, 2699
3062, 2607
3066, 2591
3070, 2575
3074, 2572
3078, 2634
3082, 2629
3086, 2467
3090, 2509
3094, 2513
3098, 2504
3102, 2620
3106, 2496
3110, 2448
3114, 2410
3118, 2458
3122, 2440
3126, 2511
3130, 2493
3134, 2450
3138, 2423
3142, 2517
3146, 2475
3150, 2399
3154, 2471
3158, 2385
3162, 2362
3166, 2461
3170, 2429
3174, 2424
3178, 2431
3182, 2543
3186, 2406
3190, 2445
3194, 2465
3198, 2414
3202, 2403
3206, 2500
3210, 2424
3214, 2469
3218, 2425
3222, 2557
3226, 2553
3230, 2742
3234, 2742
3238, 2786
3242, 2836
3246, 3126
3250, 3370
3254, 3994
3258, 5123
3262, 8883
3266, 20272
3270, 39574
3274, 45132
3278, 27622
3282, 10596
3286, 5054
3290, 3578
3294, 3290
3298, 3010
3302, 2841
3306, 2725
3310, 2747
3314, 2824
3318, 2689
3322, 2541
3326, 2623
3330, 2794
3334, 2911
3338, 2979
3342, 3152
3346, 3400
3350, 3863
3354, 4239
3358, 4531
3362, 5189
3366, 5815
3370, 7340
3374, 9458
3378, 13341
3382, 21618
3386, 46330
3390, 117730
3394, 224043
3398, 239619
3402, 131725
3406, 43634
3410, 15773
3414, 8968
3418, 6477
3422, 5458
3426, 4673
3430, 4411
3434, 4180
3438, 3867
3442, 3552
3446, 2784
3450, 2575
3454, 2513
3458, 2431
3462, 2322
3466, 2393
3470, 2439
3474, 2479
3478, 2421
3482, 2536
3486, 2435
3490, 2340
3494, 2358
3498, 2299
3502, 2223
3506, 2213
3510, 2306
3514, 2317
3518, 2188
3522, 2046
3526, 1963
3530, 1901
3534, 1876
3538, 1716
3542, 1654
3546, 1567
3550, 1467
3554, 1490
3558, 1497
3562, 1408
3566, 1403
3570, 1429
3574, 1397
3578, 1395
3582, 1355
3586, 1362
3590, 1323
3594, 1430
3598, 1376
3602, 1351
3606, 1330
3610, 1369
3614, 1354
3618, 1376
3622, 1350
3626, 1352
3630, 1327
3634, 1312
3638, 1320
3642, 1311
3646, 1347
3650, 1364
3654, 1337
3658, 1299
3662, 1351
3666, 1369
3670, 1292
3674, 1311
3678, 1284
3682, 1281
3686, 1310
3690, 1342
3694, 1337
3698, 1364
3702, 1356
3706, 1315
3710, 1347
3714, 1263
3718, 1323
3722, 1307
3726, 1278
3730, 1309
3734, 1278
3738, 1268
3742, 1266
3746, 1280
3750, 1235
3754, 1269
3758, 1330
3762, 1267
3766, 1318
3770, 1339
3774, 1318
3778, 1243
3782, 1391
3786, 1261
3790, 1270
3794, 1388
3798, 1248
3802, 1250
3806, 1296
3810, 1254
3814, 1308
3818, 1246
3822, 1270
3826, 1256
3830, 1281
3834, 1299
3838, 1338
3842, 1327
3846, 1227
3850, 1263
3854, 1261
3858, 1321
3862, 1331
3866, 1207
3870, 1271
3874, 1325
3878, 1220
3882, 1252
3886, 1298
3890, 1276
3894, 1248
3898, 1269
3902, 1205
3906, 1250
3910, 1279
3914, 1286
3918, 1268
3922, 1271
3926, 1214
3930, 1248
3934, 1207
3938, 1254
3942, 1219
3946, 1260
3950, 1316
3954, 1219
3958, 1247
3962, 1226
3966, 1219
3970, 1250
3974, 1194
3978, 1255
3982, 1274
3986, 1229
3990, 1206
3994, 1256
3998, 1223
4002, 1239
4006, 1300
4010, 1270
4014, 1250
4018, 1202
4022, 1183
4026, 1204
4030, 1254
4034, 1191
4038, 1307
4042, 1222
4046, 1207
4050, 1210
4054, 1230
4058, 1272
4062, 1208
4066, 1262
4070, 1177
4074, 1248
4078, 1228
4082, 1225
4086, 1238
4090, 1247
4094, 1183
4098, 1178
4102, 1188
4106, 1221
4110, 1252
4114, 1157
4118, 1194
4122, 1209
4126, 1191
4130, 1262
4134, 1222
4138, 1215
4142, 1255
4146, 1186
4150, 1211
4154, 1228
4158, 1201
4162, 1222
4166, 1188
4170, 1228
4174, 1199
4178, 1227
4182, 1269
4186, 1191
4190, 1168
4194, 1274
4198, 1172
4202, 1181
4206, 1156
4210, 1204
4214, 1246
4218, 1180
4222, 1197
4226, 1228
4230, 1249
4234, 1177
4238, 1145
4242, 1189
4246, 1191
4250, 1270
4254, 1173
4258, 1219
4262, 1176
4266, 1200
4270, 1218
4274, 1200
4278, 1201
4282, 1144
4286, 1177
4290, 1228
4294, 1138
4298, 1154
4302, 1153
4306, 1202
4310, 1192
4314, 1144
4318, 1206
4322, 1167
4326, 1208
4330, 1161
4334, 1199
4338, 1129
4342, 1200
4346, 1209
4350, 1241
4354, 1147
4358, 1146
4362, 1148
4366, 1198
4370, 1185
4374, 1175
4378, 1107
4382, 1182
4386, 1172
4390, 1154
4394, 1170
4398, 1201
4402, 1164
4406, 1173
4410, 1229
4414, 1132
4418, 1146
4422, 1202
4426, 1213
4430, 1172
4434, 1184
4438, 1152
4442, 1222
4446, 1165
4450, 1121
4454, 1223
4458, 1172
4462, 1210
4466, 1135
4470, 1138
4474, 1117
4478, 1133
4482, 1141
4486, 1111
4490, 1106
4494, 1181
4498, 1168
4502, 1207
4506, 1162
4510, 1210
4514, 1176
4518, 1105
4522, 1165
4526, 1170
4530, 1156
4534, 1125
4538, 1183
4542, 1119
4546, 1169
4550, 1113
4554, 1097
4558, 1147
4562, 1146
4566, 1112
4570, 1171
4574, 1092
4578, 1189
4582, 1103
4586, 1156
4590, 1159
4594, 1135
4598, 1151
4602, 1142
4606, 1087
4610, 1164
4614, 1150
4618, 1077
4622, 1114
4626, 1120
4630, 1081
4634, 1158
4638, 1127
4642, 1129
4646, 1143
4650, 1174
4654, 1103
4658, 1152
4662, 1174
4666, 1139
4670, 1166
4674, 1253
4678, 1384
4682, 1440
4686, 1340
4690, 1235
4694, 1122
4698, 1162
4702, 1118
4706, 1145
4710, 1140
4714, 1124
4718, 1105
4722, 1164
4726, 1072
4730, 1123
4734, 1181
4738, 1130
4742, 1078
4746, 1092
4750, 1119
4754, 1156
4758, 1124
4762, 1173
4766, 1129
4770, 1129
4774, 1060
4778, 1181
4782, 1165
4786, 1139
4790, 1135
4794, 1161
4798, 1129
4802, 1088
4806, 1108
4810, 1142
4814, 1115
4818, 1190
4822, 1116
4826, 1121
4830, 1094
4834, 1130
4838, 1108
4842, 1164
4846, 1115
4850, 1118
4854, 1098
4858, 1108
4862, 1115
4866, 1116
4870, 1075
4874, 1110
4878, 1064
4882, 1095
4886, 1099
4890, 1187
4894, 1113
4898, 1064
4902, 1129
4906, 1106
4910, 1133
4914, 1122
4918, 1113
4922, 1146
4926, 1106
4930, 1164
4934, 1127
4938, 1073
4942, 1130
4946, 1090
4950, 1110
4954, 1117
4958, 1118
4962, 1133
4966, 1106
4970, 1095
4974, 1118
4978, 1186
4982, 1159
4986, 1183
4990, 1329
4994, 1385
4998, 1274
5002, 1138
5006, 1133
5010, 1100
5014, 1130
5018, 1120
5022, 1102
5026, 1115
5030, 1086
5034, 1077
5038, 1102
5042, 1117
5046, 1120
5050, 1102
5054, 1098
5058, 1147
5062, 1104
5066, 1037
5070, 1029
5074, 1093
5078, 1189
5082, 1074
5086, 1111
5090, 1075
5094, 1112
5098, 1094
5102, 1115
5106, 1160
5110, 1106
5114, 1092
5118, 1076
5122, 1093
5126, 1128
5130, 1054
5134, 1080
5138, 1131
5142, 1086
5146, 1050
5150, 1095
5154, 1111
5158, 1114
5162, 1081
5166, 1084
5170, 1089
5174, 1096
5178, 1095
5182, 1099
5186, 1094
5190, 1108
5194, 1114
5198, 1048
5202, 1123
5206, 1093
5210, 1096
5214, 1075
5218, 1090
5222, 1085
5226, 1102
5230, 1085
5234, 1021
5238, 1080
5242, 1070
5246, 1103
5250, 1120
5254, 1073
5258, 1069
5262, 1083
5266, 1114
5270, 1101
5274, 1076
5278, 1078
5282, 1122
5286, 1139
5290, 1090
5294, 1036
5298, 1187
5302, 1021
5306, 1053
5310, 1121
5314, 1087
5318, 1127
5322, 1102
5326, 1047
5330, 1046
5334, 1108
5338, 1021
5342, 1043
5346, 1132
5350, 1107
5354, 1083
5358, 1042
5362, 1080
5366, 1069
5370, 1036
5374, 1039
5378, 1073
5382, 1089
5386, 1091
5390, 1142
5394, 1080
5398, 1069
5402, 1074
5406, 1115
5410, 1093
5414, 1102
5418, 1068
5422, 1108
5426, 1057
5430, 1012
5434, 1124
5438, 1070
5442, 1038
5446, 1075
5450, 1079
5454, 1096
5458, 1138
5462, 1128
5466, 1067
5470, 1054
5474, 1103
5478, 1086
5482, 1087
5486, 1134
5490, 1070
5494, 1034
5498, 1085
5502, 1065
5506, 1115
5510, 1131
5514, 1085
5518, 1078
5522, 1048
5526, 1067
5530, 1040
5534, 1081
5538, 1101
5542, 1070
5546, 1098
5550, 1048
5554, 1086
5558, 1064
5562, 1104
5566, 1147
5570, 1075
5574, 1161
5578, 1062
5582, 1090
5586, 1098
5590, 1004
5594, 1061
5598, 1088
5602, 1042
5606, 1076
5610, 1111
5614, 1052
5618, 1127
5622, 1126
5626, 1097
5630, 1058
5634, 1118
5638, 1069
5642, 1086
5646, 1006
5650, 1080
5654, 1077
5658, 1033
5662, 1104
5666, 1091
5670, 1039
5674, 1080
5678, 1094
5682, 1045
5686, 1084
5690, 1087
5694, 1102
5698, 1143
5702, 1113
5706, 1153
5710, 1161
5714, 1266
5718, 1266
5722, 1278
5726, 1405
5730, 1682
5734, 2370
5738, 3686
5742, 5276
5746, 6324
5750, 5207
5754, 3151
5758, 1873
5762, 1405
5766, 1332
5770, 1259
5774, 1306
5778, 1247
5782, 1147
5786, 1224
5790, 1225
5794, 1214
5798, 1145
5802, 1234
5806, 1129
5810, 1164
5814, 1154
5818, 1135
5822, 1196
5826, 1160
5830, 1145
5834, 1220
5838, 1215
5842, 1206
5846, 1213
5850, 1248
5854, 1163
5858, 1215
5862, 1200
5866, 1176
5870, 1175
5874, 1149
5878, 1137
5882, 1087
5886, 1196
5890, 1185
5894, 1084
5898, 1170
5902, 1179
5906, 1153
5910, 1133
5914, 1171
5918, 1160
5922, 1204
5926, 1141
5930, 1196
5934, 1116
5938, 1205
5942, 1162
5946, 1176
5950, 1194
5954, 1175
5958, 1238
5962, 1202
5966, 1140
5970, 1186
5974, 1147
5978, 1145
5982, 1162
5986, 1159
5990, 1171
5994, 1179
5998, 1189
6002, 1144
6006, 1208
6010, 1214
6014, 1398
6018, 1301
6022, 1275
6026, 1254
6030, 1138
6034, 1132
6038, 1123
6042, 1239
6046, 1162
6050, 1174
6054, 1219
6058, 1183
6062, 1164
6066, 1129
6070, 1170
6074, 1166
6078, 1192
6082, 1181
6086, 1213
6090, 1166
6094, 1172
6098, 1193
6102, 1169
6106, 1154
6110, 1161
6114, 1208
6118, 1128
6122, 1123
6126, 1187
6130, 1100
6134, 1167
6138, 1152
6142, 1177
6146, 1144
6150, 1166
6154, 1125
6158, 1204
6162, 1158
6166, 1112
6170, 1233
6174, 1187
6178, 1191
6182, 1234
6186, 1156
6190, 1152
6194, 1111
6198, 1210
6202, 1156
6206, 1194
6210, 1207
6214, 1157
6218, 1159
6222, 1121
6226, 1191
6230, 1239
6234, 1161
6238, 1181
6242, 1202
6246, 1142
6250, 1164
6254, 1104
6258, 1151
6262, 1158
6266, 1118
6270, 1168
6274, 1157
6278, 1220
6282, 1193
6286, 1231
6290, 1169
6294, 1173
6298, 1167
6302, 1178
6306, 1127
6310, 1168
6314, 1190
6318, 1194
6322, 1212
6326, 1190
6330, 1171
6334, 1125
6338, 1197
6342, 1149
6346, 1240
6350, 1262
6354, 1169
6358, 1111
6362, 1145
6366, 1164
6370, 1193
6374, 1195
6378, 1252
6382, 1153
6386, 1092
6390, 1135
6394, 1184
6398, 1206
6402, 1192
6406, 1191
6410, 1179
6414, 1172
6418, 1214
6422, 1152
6426, 1149
6430, 1124
6434, 1178
6438, 1154
6442, 1146
6446, 1157
6450, 1200
6454, 1176
6458, 1185
6462, 1126
6466, 1102
6470, 1155
6474, 1156
6478, 1118
6482, 1217
6486, 1201
6490, 1236
6494, 1225
6498, 1232
6502, 1188
6506, 1104
6510, 1179
6514, 1209
6518, 1126
6522, 1170
6526, 1152
6530, 1120
6534, 1178
6538, 1189
6542, 1140
6546, 1144
6550, 1083
6554, 1156
6558, 1170
6562, 1195
6566, 1177
6570, 1221
6574, 1183
6578, 1167
6582, 1115
6586, 1190
6590, 1201
6594, 1202
6598, 1105
6602, 1230
6606, 1207
6610, 1109
6614, 1170
6618, 1172
6622, 1086
6626, 1175
6630, 1181
6634, 1135
6638, 1223
6642, 1189
6646, 1108
6650, 1104
6654, 1129
6658, 1167
6662, 1240
6666, 1128
6670, 1183
6674, 1140
6678, 1187
6682, 1172
6686, 1129
6690, 1099
6694, 1171
6698, 1205
6702, 1158
6706, 1183
6710, 1227
6714, 1179
6718, 1117
6722, 1210
6726, 1208
6730, 1186
6734, 1198
6738, 1194
6742, 1163
6746, 1146
6750, 1102
6754, 1124
6758, 1231
6762, 1162
6766, 1147
6770, 1217
6774, 1195
6778, 1197
6782, 1188
6786, 1197
6790, 1174
6794, 1225
6798, 1135
6802, 1214
6806, 1182
6810, 1189
6814, 1194
6818, 1109
6822, 1242
6826, 1108
6830, 1188
6834, 1193
6838, 1147
6842, 1168
6846, 1141
6850, 1145
6854, 1186
6858, 1138
6862, 1190
6866, 1200
6870, 1192
6874, 1193
6878, 1153
6882, 1167
6886, 1183
6890, 1176
6894, 1180
6898, 1177
6902, 1163
6906, 1128
6910, 1133
6914, 1210
6918, 1228
6922, 1155
6926, 1135
6930, 1150
6934, 1178
6938, 1187
6942, 1155
6946, 1198
6950, 1201
6954, 1152
6958, 1181
6962, 1150
6966, 1149
6970, 1197
6974, 1149
6978, 1206
6982, 1180
6986, 1206
6990, 1169
6994, 1181
6998, 1200
7002, 1127
7006, 1222
7010, 1172
7014, 1162
7018, 1177
7022, 1168
7026, 1212
7030, 1157
7034, 1207
7038, 1218
7042, 1169
7046, 1126
7050, 1218
7054, 1161
7058, 1222
7062, 1220
7066, 1211
7070, 1224
7074, 1171
7078, 1144
7082, 1211
7086, 1135
7090, 1134
7094, 1158
7098, 1146
7102, 1224
7106, 1200
7110, 1274
7114, 1203
7118, 1218
7122, 1178
7126, 1159
7130, 1179
7134, 1216
7138, 1179
7142, 1213
7146, 1183
7150, 1199
7154, 1183
7158, 1210
7162, 1252
7166, 1230
7170, 1168
7174, 1208
7178, 1190
7182, 1188
7186, 1225
7190, 1193
7194, 1181
7198, 1184
7202, 1228
7206, 1149
7210, 1224
7214, 1224
7218, 1258
7222, 1250
7226, 1315
7230, 1218
7234, 1196
7238, 1196
7242, 1182
7246, 1185
7250, 1296
7254, 1247
7258, 1212
7262, 1193
7266, 1192
7270, 1164
7274, 1182
7278, 1251
7282, 1176
7286, 1288
7290, 1206
7294, 1207
7298, 1260
7302, 1199
7306, 1211
7310, 1242
7314, 1189
7318, 1209
7322, 1202
7326, 1222
7330, 1224
7334, 1210
7338, 1288
7342, 1219
7346, 1175
7350, 1289
7354, 1208
7358, 1196
7362, 1223
7366, 1219
7370, 1229
7374, 1270
7378, 1158
7382, 1208
7386, 1201
7390, 1255
7394, 1249
7398, 1206
7402, 1276
7406, 1224
7410, 1190
7414, 1190
7418, 1235
7422, 1198
7426, 1227
7430, 1281
7434, 1193
7438, 1311
7442, 1249
7446, 1215
7450, 1316
7454, 1277
7458, 1311
7462, 1267
7466, 1257
7470, 1277
7474, 1178
7478, 1293
7482, 1282
7486, 1263
7490, 1275
7494, 1313
7498, 1404
7502, 1493
7506, 1809
7510, 2366
7514, 3138
7518, 3191
7522, 2598
7526, 1825
7530, 1427
7534, 1317
7538, 1309
7542, 1383
7546, 1279
7550, 1334
7554, 1249
7558, 1272
7562, 1302
7566, 1272
7570, 1281
7574, 1267
7578, 1276
7582, 1224
7586, 1226
7590, 1230
7594, 1297
7598, 1266
7602, 1230
7606, 1310
7610, 1315
7614, 1279
7618, 1235
7622, 1252
7626, 1283
7630, 1278
7634, 1248
7638, 1284
7642, 1286
7646, 1329
7650, 1308
7654, 1263
7658, 1202
7662, 1305
7666, 1297
7670, 1273
7674, 1262
7678, 1317
7682, 1273
7686, 1263
7690, 1208
7694, 1228
7698, 1310
7702, 1266
7706, 1248
7710, 1267
7714, 1346
7718, 1290
7722, 1229
7726, 1297
7730, 1265
7734, 1289
7738, 1263
7742, 1280
7746, 1319
7750, 1286
7754, 1265
7758, 1222
7762, 1270
7766, 1235
7770, 1251
7774, 1263
7778, 1239
7782, 1220
7786, 1239
7790, 1239
7794, 1264
7798, 1246
7802, 1239
7806, 1248
7810, 1228
7814, 1265
7818, 1281
7822, 1258
7826, 1271
7830, 1267
7834, 1202
7838, 1198
7842, 1250
7846, 1301
7850, 1242
7854, 1195
7858, 1278
7862, 1274
7866, 1289
7870, 1206
7874, 1256
7878, 1214
7882, 1269
7886, 1255
7890, 1260
7894, 1221
7898, 1306
7902, 1342
7906, 1228
7910, 1317
7914, 1286
7918, 1234
7922, 1269
7926, 1298
7930, 1355
7934, 1385
7938, 1318
7942, 1291
7946, 1381
7950, 1379
7954, 1399
7958, 1357
7962, 1395
7966, 1372
7970, 1241
7974, 1293
7978, 1255
7982, 1304
7986, 1273
7990, 1300
7994, 1288
7998, 1290
8002, 1285
8006, 1247
8010, 1245
8014, 1281
8018, 1265
8022, 1226
8026, 1237
8030, 1283
8034, 1291
8038, 1268
8042, 1265
8046, 1253
8050, 1299
8054, 1232
8058, 1272
8062, 1318
8066, 1265
8070, 1312
8074, 1302
8078, 1257
8082, 1275
8086, 1247
8090, 1296
8094, 1260
8098, 1334
8102, 1285
8106, 1277
8110, 1276
8114, 1297
8118, 1275
8122, 1351
8126, 1255
8130, 1229
8134, 1284
8138, 1283
8142, 1246
8146, 1304
8150, 1286
8154, 1280
8158, 1345
8162, 1273
8166, 1343
8170, 1270
8174, 1294
8178, 1294
8182, 1349
8186, 1309
8190, 1256
8194, 1321
8198, 1373
8202, 1227
8206, 1333
8210, 1411
8214, 1325
8218, 1296
8222, 1318
8226, 1349
8230, 1305
8234, 1296
8238, 1279
8242, 1257
8246, 1205
8250, 1302
8254, 1291
8258, 1365
8262, 1273
8266, 1332
8270, 1279
8274, 1341
8278, 1314
8282, 1358
8286, 1317
8290, 1309
8294, 1314
8298, 1319
8302, 1321
8306, 1327
8310, 1364
8314, 1402
8318, 1366
8322, 1336
8326, 1334
8330, 1350
8334, 1313
8338, 1324
8342, 1403
8346, 1319
8350, 1375
8354, 1344
8358, 1292
8362, 1336
8366, 1371
8370, 1332
8374, 1365
8378, 1390
8382, 1352
8386, 1387
8390, 1386
8394, 1339
8398, 1365
8402, 1435
8406, 1306
8410, 1353
8414, 1377
8418, 1386
8422, 1363
8426, 1346
8430, 1363
8434, 1417
8438, 1433
8442, 1398
8446, 1330
8450, 1365
8454, 1407
8458, 1442
8462, 1448
8466, 1454
8470, 1489
8474, 1412
8478, 1372
8482, 1345
8486, 1424
8490, 1400
8494, 1375
8498, 1352
8502, 1408
8506, 1377
8510, 1372
8514, 1346
8518, 1358
8522, 1396
8526, 1333
8530, 1384
8534, 1408
8538, 1455
8542, 1451
8546, 1352
8550, 1360
8554, 1356
8558, 1379
8562, 1418
8566, 1457
8570, 1371
8574, 1361
8578, 1423
8582, 1468
8586, 1455
8590, 1413
8594, 1358
8598, 1322
8602, 1444
8606, 1452
8610, 1472
8614, 1388
8618, 1364
8622, 1456
8626, 1445
8630, 1459
8634, 1423
8638, 1426
8642, 1440
8646, 1364
8650, 1494
8654, 1500
8658, 1476
8662, 1528
8666, 1464
8670, 1600
8674, 1585
8678, 1759
8682, 1855
8686, 2113
8690, 2556
8694, 3404
8698, 4243
8702, 4985
8706, 5170
8710, 4600
8714, 3658
8718, 2714
8722, 2191
8726, 1838
8730, 1612
8734, 1639
8738, 1541
8742, 1626
8746, 1555
8750, 1503
8754, 1541
8758, 1533
8762, 1467
8766, 1553
8770, 1519
8774, 1503
8778, 1572
8782, 1483
8786, 1552
8790, 1486
8794, 1512
8798, 1494
8802, 1510
8806, 1534
8810, 1479
8814, 1511
8818, 1542
8822, 1502
8826, 1567
8830, 1471
8834, 1497
8838, 1581
8842, 1491
8846, 1569
8850, 1532
8854, 1579
8858, 1538
8862, 1537
8866, 1473
8870, 1551
8874, 1496
8878, 1518
8882, 1543
8886, 1514
8890, 1482
8894, 1494
8898, 1476
8902, 1569
8906, 1475
8910, 1536
8914, 1557
8918, 1605
8922, 1589
8926, 1532
8930, 1487
8934, 1509
8938, 1538
8942, 1585
8946, 1582
8950, 1617
8954, 1543
8958, 1648
8962, 1535
8966, 1558
8970, 1582
8974, 1580
8978, 1635
8982, 1603
8986, 1574
8990, 1667
8994, 1610
8998, 1704
9002, 1676
9006, 1782
9010, 1937
9014, 2100
9018, 2064
9022, 1975
9026, 1756
9030, 1719
9034, 1625
9038, 1638
9042, 1633
9046, 1644
9050, 1604
9054, 1688
9058, 1588
9062, 1654
9066, 1605
9070, 1660
9074, 1669
9078, 1639
9082, 1628
9086, 1628
9090, 1576
9094, 1706
9098, 1711
9102, 1590
9106, 1627
9110, 1612
9114, 1673
9118, 1639
9122, 1704
9126, 1704
9130, 1606
9134, 1721
9138, 1798
9142, 1746
9146, 1634
9150, 1734
9154, 1625
9158, 1729
9162, 1635
9166, 1723
9170, 1723
9174, 1664
9178, 1641
9182, 1728
9186, 1675
9190, 1663
9194, 1679
9198, 1786
9202, 1682
9206, 1690
9210, 1707
9214, 1667
9218, 1630
9222, 1692
9226, 1696
9230, 1723
9234, 1718
9238, 1659
9242, 1673
9246, 1752
9250, 1808
9254, 1767
9258, 1666
9262, 1777
9266, 1763
9270, 1748
9274, 1779
9278, 1732
9282, 1747
9286, 1707
9290, 1783
9294, 1738
9298, 1779
9302, 1764
9306, 1795
9310, 1869
9314, 1744
9318, 1793
9322, 1823
9326, 1772
9330, 1799
9334, 1745
9338, 1783
9342, 1747
9346, 1718
9350, 1808
9354, 1734
9358, 1826
9362, 1848
9366, 1737
9370, 1755
9374, 1771
9378, 1793
9382, 1764
9386, 1828
9390, 1830
9394, 1867
9398, 1835
9402, 1789
9406, 1804
9410, 1831
9414, 1843
9418, 1810
9422, 1846
9426, 1741
9430, 1835
9434, 1810
9438, 1899
9442, 1806
9446, 1825
9450, 1833
9454, 1880
9458, 1868
9462, 1862
9466, 1960
9470, 1882
9474, 1860
9478, 1878
9482, 1936
9486, 1915
9490, 1920
9494, 1876
9498, 1923
9502, 1947
9506, 1900
9510, 1867
9514, 1904
9518, 1859
9522, 1864
9526, 1932
9530, 1930
9534, 1955
9538, 1948
9542, 1891
9546, 2007
9550, 1964
9554, 1872
9558, 1972
9562, 1927
9566, 1911
9570, 1997
9574, 1910
9578, 1953
9582, 1979
9586, 1998
9590, 2011
9594, 1960
9598, 2061
9602, 1918
9606, 1930
9610, 2055
9614, 2099
9618, 2015
9622, 1955
9626, 2040
9630, 2033
9634, 2054
9638, 2030
9642, 1978
9646, 2036
9650, 1984
9654, 2009
9658, 2101
9662, 2048
9666, 2040
9670, 2034
9674, 2055
9678, 2107
9682, 2065
9686, 2021
9690, 2090
9694, 2041
9698, 2082
9702, 1999
9706, 2033
9710, 2075
9714, 2004
9718, 2083
9722, 2106
9726, 2039
9730, 2101
9734, 2125
9738, 2157
9742, 2155
9746, 2099
9750, 2132
9754, 2103
9758, 2127
9762, 2110
9766, 2120
9770, 2180
9774, 2223
9778, 2205
9782, 2186
9786, 2176
9790, 2212
9794, 2152
9798, 2155
9802, 2171
9806, 2147
9810, 2257
9814, 2192
9818, 2164
9822, 2235
9826, 2189
9830, 2216
9834, 2295
9838, 2240
9842, 2200
9846, 2237
9850, 2298
9854, 2223
9858, 2257
9862, 2274
9866, 2305
9870, 2271
9874, 2293
9878, 2231
9882, 2274
9886, 2278
9890, 2275
9894, 2358
9898, 2364
9902, 2386
9906, 2370
9910, 2322
9914, 2363
9918, 2248
9922, 2317
9926, 2384
9930, 2353
9934, 2400
9938, 2337
9942, 2390
9946, 2427
9950, 2424
9954, 2313
9958, 2377
9962, 2385
9966, 2387
9970, 2473
9974, 2369
9978, 2434
9982, 2417
9986, 2496
9990, 2400
9994, 2349
9998, 2472
10002, 2535
10006, 2489
10010, 2419
10014, 2466
10018, 2480
10022, 2550
10026, 2531
10030, 2447
10034, 2468
10038, 2528
10042, 2422
10046, 2541
10050, 2606
10054, 2533
10058, 2578
10062, 2615
10066, 2525
10070, 2561
10074, 2606
10078, 2546
10082, 2610
10086, 2615
10090, 2634
10094, 2524
10098, 2622
10102, 2530
10106, 2546
10110, 2616
10114, 2658
10118, 2654
10122, 2692
10126, 2645
10130, 2677
10134, 2729
10138, 2632
10142, 2780
10146, 2716
10150, 2577
10154, 2778
10158, 2674
10162, 2687
10166, 2703
10170, 2666
10174, 2634
10178, 2734
10182, 2714
10186, 2721
10190, 2724
10194, 2732
10198, 2721
10202, 2751
10206, 2784
10210, 2756
10214, 2828
10218, 2798
10222, 2717
10226, 2803
10230, 2808
10234, 2832
10238, 2860
10242, 2717
10246, 2792
10250, 2757
10254, 2747
10258, 2779
10262, 2808
10266, 2772
10270, 2795
10274, 2728
10278, 2753
10282, 2704
10286, 2839
10290, 2738
10294, 2751
10298, 2703
10302, 2758
10306, 2724
10310, 2779
10314, 2642
10318, 2703
10322, 2571
10326, 2618
10330, 2621
10334, 2471
10338, 2479
10342, 2337
10346, 2413
10350, 2322
10354, 2256
10358, 2178
10362, 2103
10366, 2106
10370, 1965
10374, 1931
10378, 1905
10382, 2056
10386, 1906
10390, 1883
10394, 1854
10398, 1799
10402, 1829
10406, 1804
10410, 1775
10414, 1862
10418, 1817
10422, 1735
10426, 1705
10430, 1819
10434, 1742
10438, 1739
10442, 1752
10446, 1788
10450, 1754
10454, 1680
10458, 1720
10462, 1733
10466, 1661
10470, 1663
10474, 1618
10478, 1584
10482, 1616
10486, 1630
10490, 1709
10494, 1687
10498, 1648
10502, 1645
10506, 1571
10510, 1641
10514, 1651
10518, 1625
10522, 1650
10526, 1617
10530, 1553
10534, 1615
10538, 1556
10542, 1560
10546, 1540
10550, 1595
10554, 1544
10558, 1562
10562, 1577
10566, 1547
10570, 1517
10574, 1574
10578, 1470
10582, 1452
10586, 1490
10590, 1504
10594, 1583
10598, 1552
10602, 1522
10606, 1483
10610, 1511
10614, 1524
10618, 1519
10622, 1445
10626, 1471
10630, 1548
10634, 1446
10638, 1469
10642, 1483
10646, 1468
10650, 1450
10654, 1380
10658, 1370
10662, 1355
10666, 1427
10670, 1427
10674, 1377
10678, 1362
10682, 1455
10686, 1377
10690, 1407
10694, 1437
10698, 1384
10702, 1308
10706, 1329
10710, 1366
10714, 1361
10718, 1328
10722, 1326
10726, 1291
10730, 1375
10734, 1304
10738, 1339
10742, 1307
10746, 1264
10750, 1233
10754, 1294
10758, 1229
10762, 1238
10766, 1269
10770, 1214
10774, 1213
10778, 1191
10782, 1206
10786, 1243
10790, 1205
10794, 1092
10798, 1196
10802, 1110
10806, 1152
10810, 1121
10814, 1077
10818, 1181
10822, 1065
10826, 1065
10830, 1107
10834, 1091
10838, 1108
10842, 1079
10846, 1067
10850, 1047
10854, 1087
10858, 1015
10862, 994
10866, 989
10870, 1076
10874, 982
10878, 937
10882, 1002
10886, 956
10890, 947
10894, 972
10898, 948
10902, 919
10906, 889
10910, 854
10914, 856
10918, 822
10922, 851
10926, 907
10930, 869
10934, 817
10938, 808
10942, 867
10946, 789
10950, 803
10954, 744
10958, 759
10962, 723
10966, 722
10970, 719
10974, 686
10978, 716
10982, 695
10986, 702
10990, 670
10994, 696
10998, 706
11002, 647
11006, 654
11010, 707
11014, 694
11018, 633
11022, 639
11026, 582
11030, 568
11034, 627
11038, 615
11042, 541
11046, 602
11050, 550
11054, 569
11058, 588
11062, 573
11066, 555
11070, 589
11074, 500
11078, 490
11082, 517
11086, 555
11090, 511
11094, 522
11098, 472
11102, 478
11106, 452
11110, 439
11114, 479
11118, 460
11122, 445
11126, 467
11130, 416
11134, 444
11138, 416
11142, 449
11146, 435
11150, 421
11154, 428
11158, 388
11162, 466
11166, 504
11170, 532
11174, 522
11178, 514
11182, 469
11186, 433
11190, 391
11194, 417
11198, 382
11202, 375
11206, 372
11210, 368
11214, 400
11218, 376
11222, 345
11226, 336
11230, 368
11234, 348
11238, 339
11242, 344
11246, 359
11250, 371
11254, 320
11258, 355
11262, 356
11266, 387
11270, 356
11274, 365
11278, 364
11282, 345
11286, 353
11290, 341
11294, 357
11298, 329
11302, 339
11306, 365
11310, 349
11314, 325
11318, 322
11322, 322
11326, 318
11330, 330
11334, 340
11338, 330
11342, 337
11346, 322
11350, 352
11354, 320
11358, 306
11362, 336
11366, 305
11370, 304
11374, 298
11378, 329
11382, 349
11386, 340
11390, 321
11394, 343
11398, 339
11402, 313
11406, 304
11410, 285
11414, 302
11418, 308
11422, 302
11426, 296
11430, 308
11434, 295
11438, 288
11442, 298
11446, 291
11450, 290
11454, 273
11458, 295
11462, 304
11466, 302
11470, 295
11474, 292
11478, 300
11482, 305
11486, 294
11490, 282
11494, 303
11498, 323
11502, 362
11506, 346
11510, 410
11514, 360
11518, 341
11522, 344
11526, 293
11530, 315
11534, 321
11538, 271
11542, 295
11546, 286
11550, 309
11554, 300
11558, 290
11562, 312
11566, 314
11570, 323
11574, 330
11578, 331
11582, 406
11586, 400
11590, 411
11594, 478
11598, 504
11602, 599
11606, 609
11610, 832
11614, 928
11618, 1056
11622, 1320
11626, 1659
11630, 2328
11634, 3192
11638, 4903
11642, 8298
11646, 14295
11650, 25455
11654, 44841
11658, 67776
11662, 79860
11666, 68348
11670, 41948
11674, 18523
11678, 7337
11682, 3477
11686, 2296
11690, 1856
11694, 1484
11698, 1352
11702, 1244
11706, 1032
11710, 793
11714, 765
11718, 687
11722, 648
11726, 598
11730, 626
11734, 620
11738, 625
11742, 611
11746, 605
11750, 583
11754, 565
11758, 536
11762, 549
11766, 520
11770, 528
11774, 524
11778, 463
11782, 436
11786, 389
11790, 336
11794, 345
11798, 277
11802, 281
11806, 234
11810, 196
11814, 182
11818, 169
11822, 152
11826, 167
11830, 140
11834, 156
11838, 149
11842, 137
11846, 154
11850, 143
11854, 108
11858, 125
11862, 134
11866, 134
11870, 140
11874, 145
11878, 131
11882, 124
11886, 124
11890, 118
11894, 128
11898, 135
11902, 138
11906, 113
11910, 145
11914, 147
11918, 122
11922, 130
11926, 126
11930, 136
11934, 149
11938, 147
11942, 138
11946, 170
11950, 182
11954, 226
11958, 277
11962, 351
11966, 436
11970, 509
11974, 489
11978, 446
11982, 404
11986, 288
11990, 235
11994, 162
11998, 141
12002, 165
12006, 114
12010, 146
12014, 129
12018, 141
12022, 130
12026, 142
12030, 139
12034, 127
12038, 146
12042, 124
12046, 119
12050, 111
12054, 123
12058, 147
12062, 128
12066, 125
12070, 140
12074, 122
12078, 157
12082, 133
12086, 149
12090, 172
12094, 173
12098, 166
12102, 182
12106, 162
12110, 138
12114, 132
12118, 126
12122, 140
12126, 144
12130, 144
12134, 136
12138, 148
12142, 116
12146, 137
12150, 124
12154, 127
12158, 137
12162, 135
12166, 127
12170, 143
12174, 129
12178, 134
12182, 117
12186, 140
12190, 146
12194, 141
12198, 150
12202, 128
12206, 133
12210, 125
12214, 162
12218, 133
12222, 140
12226, 146
12230, 145
12234, 136
12238, 128
12242, 134
12246, 130
12250, 141
12254, 131
12258, 135
12262, 126
12266, 134
12270, 125
12274, 134
12278, 142
12282, 119
12286, 120
12290, 128
12294, 153
12298, 131
12302, 130
12306, 131
12310, 150
12314, 142
12318, 144
12322, 153
12326, 129
12330, 125
12334, 146
12338, 134
12342, 141
12346, 141
12350, 136
12354, 149
12358, 125
12362, 124
12366, 150
12370, 131
12374, 137
12378, 120
12382, 137
12386, 139
12390, 150
12394, 146
12398, 132
12402, 142
12406, 135
12410, 147
12414, 146
12418, 142
12422, 137
12426, 151
12430, 142
12434, 140
12438, 152
12442, 139
12446, 123
12450, 153
12454, 128
12458, 123
12462, 150
12466, 145
12470, 126
12474, 137
12478, 148
12482, 147
12486, 139
12490, 152
12494, 119
12498, 137
12502, 134
12506, 144
12510, 127
12514, 118
12518, 135
12522, 131
12526, 158
12530, 150
12534, 136
12538, 141
12542, 128
12546, 136
12550, 129
12554, 151
12558, 148
12562, 125
12566, 136
12570, 138
12574, 156
12578, 160
12582, 139
12586, 126
12590, 162
12594, 125
12598, 123
12602, 108
12606, 154
12610, 152
12614, 116
12618, 142
12622, 136
12626, 142
12630, 147
12634, 154
12638, 143
12642, 128
12646, 148
12650, 129
12654, 141
12658, 138
12662, 147
12666, 155
12670, 128
12674, 133
12678, 129
12682, 147
12686, 144
12690, 148
12694, 143
12698, 167
12702, 147
12706, 126
12710, 125
12714, 149
12718, 139
12722, 127
12726, 145
12730, 147
12734, 150
12738, 156
12742, 142
12746, 141
12750, 117
12754, 163
12758, 147
12762, 139
12766, 156
12770, 152
12774, 119
12778, 138
12782, 127
12786, 138
12790, 142
12794, 151
12798, 137
12802, 122
12806, 141
12810, 169
12814, 137
12818, 158
12822, 150
12826, 153
12830, 161
12834, 160
12838, 174
12842, 159
12846, 147
12850, 130
12854, 155
12858, 167
12862, 152
12866, 125
12870, 125
12874, 149
12878, 139
12882, 130
12886, 130
12890, 181
12894, 146
12898, 128
12902, 138
12906, 156
12910, 146
12914, 126
12918, 153
12922, 152
12926, 139
12930, 138
12934, 142
12938, 115
12942, 152
12946, 142
12950, 149
12954, 151
12958, 140
12962, 149
12966, 149
12970, 139
12974, 140
12978, 142
12982, 142
12986, 148
12990, 150
12994, 166
12998, 133
13002, 137
13006, 151
13010, 137
13014, 130
13018, 122
13022, 137
13026, 140
13030, 130
13034, 149
13038, 156
13042, 144
13046, 142
13050, 138
13054, 155
13058, 142
13062, 116
13066, 127
13070, 159
13074, 135
13078, 153
13082, 129
13086, 161
13090, 150
13094, 180
13098, 135
13102, 163
13106, 126
13110, 149
13114, 125
13118, 145
13122, 151
13126, 163
13130, 163
13134, 154
13138, 157
13142, 168
13146, 177
13150, 145
13154, 182
13158, 151
13162, 156
13166, 141
13170, 138
13174, 150
13178, 164
13182, 148
13186, 139
13190, 172
13194, 137
13198, 128
13202, 137
13206, 166
13210, 170
13214, 150
13218, 149
13222, 180
13226, 162
13230, 156
13234, 130
13238, 159
13242, 144
13246, 162
13250, 170
13254, 164
13258, 157
13262, 144
13266, 162
13270, 139
13274, 170
13278, 159
13282, 152
13286, 150
13290, 149
13294, 126
13298, 158
13302, 180
13306, 159
13310, 156
13314, 149
13318, 169
13322, 161
13326, 159
13330, 167
13334, 151
13338, 142
13342, 142
13346, 185
13350, 144
13354, 150
13358, 171
13362, 147
13366, 173
13370, 131
13374, 145
13378, 170
13382, 181
13386, 166
13390, 152
13394, 156
13398, 175
13402, 151
13406, 163
13410, 150
13414, 168
13418, 156
13422, 160
13426, 145
13430, 161
13434, 157
13438, 160
13442, 136
13446, 163
13450, 143
13454, 144
13458, 183
13462, 197
13466, 176
13470, 164
13474, 151
13478, 171
13482, 163
13486, 160
13490, 160
13494, 151
13498, 146
13502, 129
13506, 180
13510, 186
13514, 179
13518, 181
13522, 157
13526, 167
13530, 159
13534, 183
13538, 166
13542, 165
13546, 161
13550, 164
13554, 161
13558, 173
13562, 152
13566, 143
13570, 157
13574, 152
13578, 157
13582, 169
13586, 153
13590, 155
13594, 145
13598, 140
13602, 129
13606, 124
13610, 112
13614, 136
13618, 123
13622, 129
13626, 122
13630, 106
13634, 121
13638, 132
13642, 131
13646, 113
13650, 106
13654, 141
13658, 128
13662, 106
13666, 141
13670, 120
13674, 131
13678, 124
13682, 98
13686, 112
13690, 115
13694, 132
13698, 129
13702, 128
13706, 140
13710, 148
13714, 109
13718, 132
13722, 140
13726, 110
13730, 116
13734, 101
13738, 118
13742, 107
13746, 110
13750, 106
13754, 101
13758, 131
13762, 117
13766, 85
13770, 85
13774, 110
13778, 107
13782, 119
13786, 111
13790, 107
13794, 99
13798, 106
13802, 118
13806, 92
13810, 100
13814, 102
13818, 109
13822, 106
13826, 106
13830, 113
13834, 114
13838, 118
13842, 102
13846, 100
13850, 108
13854, 84
13858, 83
13862, 93
13866, 108
13870, 123
13874, 104
13878, 117
13882, 100
13886, 104
13890, 101
13894, 101
13898, 86
13902, 89
13906, 83
13910, 99
13914, 83
13918, 111
13922, 110
13926, 78
13930, 103
13934, 71
13938, 82
13942, 83
13946, 75
13950, 120
13954, 129
13958, 113
13962, 144
13966, 117
13970, 139
13974, 138
13978, 93
13982, 83
13986, 93
13990, 104
13994, 90
13998, 72
14002, 80
14006, 84
14010, 75
14014, 88
14018, 74
14022, 82
14026, 92
14030, 76
14034, 92
14038, 91
14042, 72
14046, 86
14050, 67
14054, 90
14058, 67
14062, 93
14066, 89
14070, 84
14074, 106
14078, 103
14082, 106
14086, 117
14090, 92
14094, 74
14098, 74
14102, 71
14106, 86
14110, 67
14114, 75
14118, 77
14122, 74
14126, 90
14130, 66
14134, 78
14138, 66
14142, 78
14146, 63
14150, 67
14154, 63
14158, 58
14162, 67
14166, 48
14170, 56
14174, 72
14178, 64
14182, 73
14186, 61
14190, 64
14194, 59
14198, 66
14202, 56
14206, 61
14210, 58
14214, 61
14218, 65
14222, 64
14226, 62
14230, 61
14234, 45
14238, 46
14242, 62
14246, 59
14250, 54
14254, 57
14258, 52
14262, 58
14266, 57
14270, 57
14274, 46
14278, 63
14282, 43
14286, 55
14290, 45
14294, 50
14298, 49
14302, 57
14306, 40
14310, 32
14314, 50
14318, 47
14322, 39
14326, 44
14330, 40
14334, 40
14338, 37
14342, 41
14346, 40
14350, 33
14354, 32
14358, 40
14362, 45
14366, 44
14370, 37
14374, 40
14378, 37
14382, 49
14386, 35
14390, 36
14394, 39
14398, 40
14402, 28
14406, 27
14410, 42
14414, 34
14418, 23
14422, 30
14426, 39
14430, 29
14434, 25
14438, 29
14442, 31
14446, 35
14450, 36
14454, 31
14458, 36
14462, 20
14466, 33
14470, 28
14474, 30
14478, 19
14482, 36
14486, 29
14490, 26
14494, 32
14498, 31
14502, 35
14506, 27
14510, 22
14514, 17
14518, 25
14522, 31
14526, 29
14530, 27
14534, 36
14538, 30
14542, 42
14546, 41
14550, 45
14554, 57
14558, 61
14562, 122
14566, 108
14570, 105
14574, 91
14578, 46
14582, 34
14586, 24
14590, 36
14594, 32
14598, 28
14602, 23
14606, 28
14610, 22
14614, 31
14618, 23
14622, 25
14626, 26
14630, 24
14634, 34
14638, 22
14642, 28
14646, 18
14650, 30
14654, 20
14658, 36
14662, 25
14666, 22
14670, 25
14674, 22
14678, 34
14682, 30
14686, 26
14690, 24
14694, 25
14698, 32
14702, 18
14706, 17
14710, 27
14714, 23
14718, 33
14722, 28
14726, 29
14730, 26
14734, 25
14738, 27
14742, 20
14746, 30
14750, 27
14754, 18
14758, 26
14762, 22
14766, 25
14770, 16
14774, 28
14778, 22
14782, 24
14786, 25
14790, 26
14794, 27
14798, 28
14802, 27
14806, 21
14810, 25
14814, 27
14818, 18
14822, 27
14826, 25
14830, 31
14834, 30
14838, 35
14842, 21
14846, 22
14850, 25
14854, 36
14858, 30
14862, 37
14866, 31
14870, 32
14874, 35
14878, 39
14882, 54
14886, 63
14890, 75
14894, 80
14898, 120
14902, 180
14906, 244
14910, 372
14914, 639
14918, 1063
14922, 1708
14926, 2502
14930, 3350
14934, 3251
14938, 2439
14942, 1474
14946, 641
14950, 329
14954, 170
14958, 107
14962, 113
14966, 89
14970, 67
14974, 76
14978, 49
14982, 42
14986, 45
14990, 36
14994, 47
14998, 29
15002, 46
15006, 51
15010, 44
15014, 50
15018, 54
15022, 55
15026, 63
15030, 77
15034, 91
15038, 128
15042, 177
15046, 293
15050, 401
15054, 483
15058, 392
15062, 273
15066, 143
15070, 80
15074, 38
15078, 27
15082, 30
15086, 19
15090, 30
15094, 19
15098, 22
15102, 17
15106, 21
15110, 12
15114, 21
15118, 22
15122, 18
15126, 19
15130, 26
15134, 35
15138, 27
15142, 52
15146, 45
15150, 31
15154, 22
15158, 22
15162, 12
15166, 15
15170, 19
15174, 16
15178, 13
15182, 12
15186, 14
15190, 20
15194, 9
15198, 15
15202, 12
15206, 10
15210, 15
15214, 10
15218, 9
15222, 22
15226, 14
15230, 12
15234, 13
15238, 19
15242, 7
15246, 13
15250, 8
15254, 8
15258, 10
15262, 9
15266, 10
15270, 8
15274, 10
15278, 12
15282, 15
15286, 6
15290, 8
15294, 7
15298, 9
15302, 9
15306, 9
15310, 9
15314, 15
15318, 12
15322, 11
15326, 6
15330, 8
15334, 10
15338, 10
15342, 12
15346, 11
15350, 7
15354, 13
15358, 8
15362, 9
15366, 9
15370, 10
15374, 16
15378, 8
15382, 9
15386, 12
15390, 8
15394, 16
15398, 9
15402, 8
15406, 10
15410, 6
15414, 6
15418, 12
15422, 8
15426, 10
15430, 6
15434, 12
15438, 4
15442, 11
15446, 12
15450, 9
15454, 12
15458, 12
15462, 13
15466, 4
15470, 9
15474, 7
15478, 9
15482, 5
15486, 8
15490, 9
15494, 14
15498, 14
15502, 12
15506, 12
15510, 5
15514, 6
15518, 14
15522, 10
15526, 4
15530, 6
15534, 6
15538, 9
15542, 4
15546, 6
15550, 9
15554, 12
15558, 14
15562, 5
15566, 8
15570, 8
15574, 9
15578, 7
15582, 8
15586, 4
15590, 8
15594, 4
15598, 9
15602, 9
15606, 8
15610, 9
15614, 13
15618, 7
15622, 11
15626, 6
15630, 9
15634, 11
15638, 12
15642, 8
15646, 11
15650, 7
15654, 15
15658, 10
15662, 11
15666, 24
15670, 24
15674, 24
15678, 33
15682, 22
15686, 17
15690, 9
15694, 11
15698, 12
15702, 6
15706, 9
15710, 6
15714, 11
15718, 10
15722, 9
15726, 8
15730, 6
15734, 9
15738, 5
15742, 11
15746, 10
15750, 7
15754, 3
15758, 12
15762, 6
15766, 6
15770, 7
15774, 9
15778, 12
15782, 19
15786, 33
15790, 35
15794, 53
15798, 49
15802, 41
15806, 45
15810, 26
15814, 11
15818, 7
15822, 10
15826, 4
15830, 7
15834, 5
15838, 5
15842, 10
15846, 7
15850, 9
15854, 8
15858, 4
15862, 6
15866, 11
15870, 9
15874, 7
15878, 9
15882, 8
15886, 10
15890, 7
15894, 5
15898, 7
15902, 9
15906, 8
15910, 4
15914, 6
15918, 5
15922, 6
15926, 10
15930, 5
15934, 7
15938, 4
15942, 7
15946, 5
15950, 5
15954, 9
15958, 8
15962, 6
15966, 5
15970, 12
15974, 7
15978, 4
15982, 3
15986, 7
15990, 1
15994, 3
15998, 4
