2, 68998
6, 1269
10, 1083
14, 1503
18, 1167
22, 645
26, 638
30, 975
34, 1421
38, 1907
42, 2280
46, 2461
50, 2711
54, 3024
58, 3065
62, 3113
66, 3214
70, 3181
74, 3227
78, 3351
82, 3352
86, 3346
90, 3422
94, 3375
98, 3369
102, 3416
106, 3327
110, 3435
114, 3463
118, 3461
122, 3687
126, 3512
130, 3462
134, 3508
138, 3584
142, 3544
146, 3641
150, 3596
154, 3571
158, 3670
162, 3617
166, 3649
170, 3673
174, 3677
178, 3837
182, 3816
186, 3820
190, 3864
194, 3783
198, 3829
202, 3903
206, 3884
210, 3977
214, 3977
218, 3926
222, 4091
226, 3937
230, 4069
234, 3933
238, 4076
242, 4095
246, 4146
250, 4117
254, 4039
258, 4122
262, 4224
266, 4261
270, 4231
274, 4263
278, 4369
282, 4375
286, 4376
290, 4398
294, 4447
298, 4339
302, 4322
306, 4453
310, 4370
314, 4415
318, 4365
322, 4465
326, 4430
330, 4423
334, 4560
338, 4516
342, 4586
346, 4416
350, 4461
354, 4494
358, 4589
362, 4554
366, 4569
370, 4753
374, 4538
378, 4748
382, 4711
386, 4736
390, 4563
394, 4634
398, 4669
402, 4735
406, 4851
410, 4849
414, 4825
418, 4914
422, 4738
426, 4914
430, 4951
434, 4957
438, 4968
442, 4868
446, 4989
450, 4867
454, 4853
458, 5020
462, 5094
466, 4888
470, 4969
474, 5097
478, 5074
482, 5026
486, 4974
490, 5112
494, 5137
498, 5050
502, 5164
506, 4992
510, 5151
514, 5139
518, 5252
522, 5111
526, 5317
530, 5177
534, 5147
538, 5115
542, 5340
546, 5348
550, 5048
554, 5147
558, 5405
562, 5349
566, 5372
570, 5237
574, 5151
578, 5322
582, 5252
586, 5306
590, 5302
594, 5415
598, 5461
602, 5559
606, 5678
610, 5565
614, 5480
618, 5458
622, 5594
626, 5663
630, 5686
634, 5619
638, 5638
642, 5643
646, 5753
650, 5838
654, 5673
658, 5740
662, 5645
666, 5900
670, 5923
674, 5812
678, 5875
682, 5893
686, 5980
690, 5995
694, 5988
698, 5955
702, 6068
706, 5872
710, 6010
714, 5949
718, 6048
722, 6120
726, 6057
730, 6137
734, 6093
738, 6064
742, 6105
746, 6143
750, 6178
754, 6148
758, 6018
762, 6192
766, 6002
770, 6031
774, 6050
778, 6035
782, 6129
786, 5803
790, 6154
794, 6041
798, 6103
802, 6033
806, 5964
810, 5995
814, 6039
818, 5975
822, 6007
826, 6017
830, 6023
834, 6080
838, 6089
842, 5916
846, 6015
850, 5893
854, 5986
858, 5991
862, 6092
866, 6012
870, 5875
874, 5825
878, 5998
882, 5796
886, 5746
890, 5855
894, 6001
898, 5887
902, 5826
906, 5927
910, 5770
914, 5767
918, 5930
922, 5925
926, 6067
930, 5801
934, 5981
938, 5841
942, 5908
946, 5711
950, 5737
954, 5795
958, 5782
962, 5826
966, 5827
970, 5808
974, 5841
978, 5813
982, 5808
986, 5774
990, 5724
994, 5801
998, 5731
1002, 5769
1006, 5845
1010, 5918
1014, 5911
1018, 6061
1022, 5994
1026, 6279
1030, 6348
1034, 6415
1038, 6587
1042, 6535
1046, 6727
1050, 6720
1054, 6928
1058, 6601
1062, 6746
1066, 6706
1070, 6633
1074, 6796
1078, 6671
1082, 6511
1086, 6719
1090, 6632
1094, 6607
1098, 6632
1102, 6510
1106, 6486
1110, 6516
1114, 6444
1118, 6446
1122, 6279
1126, 6251
1130, 6168
1134, 6234
1138, 6161
1142, 6147
1146, 6079
1150, 5942
1154, 5987
1158, 5963
1162, 5876
1166, 5839
1170, 5799
1174, 5794
1178, 5878
1182, 5789
1186, 5865
1190, 5744
1194, 5676
1198, 5575
1202, 5652
1206, 5461
1210, 5668
1214, 5566
1218, 5493
1222, 5480
1226, 5500
1230, 5425
1234, 5395
1238, 5275
1242, 5213
1246, 5344
1250, 5041
1254, 5137
1258, 5109
1262, 5153
1266, 5081
1270, 5178
1274, 5050
1278, 4929
1282, 4900
1286, 4957
1290, 4950
1294, 4982
1298, 5069
1302, 4791
1306, 4942
1310, 5023
1314, 4870
1318, 4833
1322, 4943
1326, 4922
1330, 5091
1334, 4986
1338, 4983
1342, 4911
1346, 4946
1350, 4821
1354, 4881
1358, 4861
1362, 4847
1366, 4733
1370, 4967
1374, 4819
1378, 4813
1382, 4682
1386, 4757
1390, 4714
1394, 4660
1398, 4673
1402, 4661
1406, 4614
1410, 4568
1414, 4747
1418, 4617
1422, 4574
1426, 4399
1430, 4513
1434, 4474
1438, 4486
1442, 4467
1446, 4604
1450, 4470
1454, 4329
1458, 4311
1462, 4351
1466, 4423
1470, 4320
1474, 4192
1478, 4159
1482, 4216
1486, 4196
1490, 4208
1494, 4083
1498, 4116
1502, 4209
1506, 4214
1510, 4126
1514, 4069
1518, 4031
1522, 4164
1526, 4030
1530, 3981
1534, 3920
1538, 3924
1542, 3939
1546, 4079
1550, 3882
1554, 3921
1558, 3924
1562, 3880
1566, 3876
1570, 3861
1574, 3848
1578, 3813
1582, 3799
1586, 3723
1590, 3698
1594, 3715
1598, 3822
1602, 3840
1606, 3819
1610, 3718
1614, 3707
1618, 3671
1622, 3726
1626, 3631
1630, 3678
1634, 3761
1638, 3636
1642, 3674
1646, 3586
1650, 3629
1654, 3565
1658, 3635
1662, 3711
1666, 3563
1670, 3653
1674, 3611
1678, 3488
1682, 3562
1686, 3459
1690, 3538
1694, 3526
1698, 3519
1702, 3462
1706, 3445
1710, 3567
1714, 3423
1718, 3438
1722, 3448
1726, 3359
1730, 3433
1734, 3446
1738, 3321
1742, 3457
1746, 3402
1750, 3423
1754, 3309
1758, 3323
1762, 3292
1766, 3387
1770, 3325
1774, 3347
1778, 3353
1782, 3398
1786, 3383
1790, 3317
1794, 3416
1798, 3372
1802, 3123
1806, 3226
1810, 3328
1814, 3307
1818, 3231
1822, 3298
1826, 3332
1830, 3258
1834, 3274
1838, 3263
1842, 3277
1846, 3122
1850, 3222
1854, 3297
1858, 3224
1862, 3200
1866, 3232
1870, 3201
1874, 3270
1878, 3163
1882, 3139
1886, 3137
1890, 3137
1894, 3146
1898, 3150
1902, 3191
1906, 3050
1910, 3147
1914, 3164
1918, 3182
1922, 3190
1926, 3165
1930, 3191
1934, 3173
1938, 3193
1942, 3104
1946, 3180
1950, 3133
1954, 3189
1958, 3137
1962, 3118
1966, 3145
1970, 3138
1974, 3097
1978, 3189
1982, 3234
1986, 3061
1990, 3130
1994, 3138
1998, 3063
2002, 3357
2006, 3008
2010, 3123
2014, 3201
2018, 3171
2022, 3106
2026, 3105
2030, 3130
2034, 3153
2038, 3104
2042, 3090
2046, 3083
2050, 3121
2054, 3215
2058, 3152
2062, 3126
2066, 3178
2070, 3157
2074, 3095
2078, 3134
2082, 3260
2086, 3203
2090, 3088
2094, 3085
2098, 3190
2102, 3119
2106, 3068
2110, 3140
2114, 3208
2118, 3202
2122, 3126
2126, 3179
2130, 3204
2134, 3174
2138, 3129
2142, 3237
2146, 3094
2150, 3197
2154, 3193
2158, 3206
2162, 3191
2166, 3203
2170, 3240
2174, 3212
2178, 3188
2182, 3131
2186, 3215
2190, 3251
2194, 3231
2198, 3164
2202, 3229
2206, 3197
2210, 3317
2214, 3268
2218, 3106
2222, 3230
2226, 3238
2230, 3230
2234, 3358
2238, 3244
2242, 3260
2246, 3277
2250, 3174
2254, 3140
2258, 3082
2262, 3138
2266, 3135
2270, 3064
2274, 3203
2278, 3232
2282, 3055
2286, 3143
2290, 3168
2294, 3095
2298, 3144
2302, 3024
2306, 3020
2310, 3122
2314, 3052
2318, 3022
2322, 3135
2326, 3019
2330, 3096
2334, 3069
2338, 2984
2342, 2820
2346, 2883
2350, 2863
2354, 2776
2358, 2741
2362, 2631
2366, 2582
2370, 2481
2374, 2441
2378, 2436
2382, 2347
2386, 2165
2390, 2289
2394, 2159
2398, 2198
2402, 2187
2406, 2131
2410, 2071
2414, 2102
2418, 2121
2422, 2115
2426, 2025
2430, 2008
2434, 2034
2438, 1928
2442, 1917
2446, 1942
2450, 1877
2454, 1861
2458, 1946
2462, 1811
2466, 1825
2470, 1851
2474, 1911
2478, 1893
2482, 1807
2486, 1797
2490, 1851
2494, 1806
2498, 1744
2502, 1705
2506, 1736
2510, 1773
2514, 1742
2518, 1708
2522, 1728
2526, 1643
2530, 1677
2534, 1582
2538, 1660
2542, 1623
2546, 1607
2550, 1595
2554, 1552
2558, 1693
2562, 1600
2566, 1608
2570, 1593
2574, 1511
2578, 1526
2582, 1614
2586, 1548
2590, 1480
2594, 1490
2598, 1469
2602, 1492
2606, 1419
2610, 1492
2614, 1423
2618, 1400
2622, 1492
2626, 1445
2630, 1392
2634, 1377
2638, 1408
2642, 1381
2646, 1371
2650, 1344
2654, 1364
2658, 1333
2662, 1401
2666, 1249
2670, 1312
2674, 1314
2678, 1327
2682, 1327
2686, 1369
2690, 1302
2694, 1247
2698, 1167
2702, 1227
2706, 1232
2710, 1252
2714, 1206
2718, 1230
2722, 1240
2726, 1185
2730, 1129
2734, 1144
2738, 1214
2742, 1128
2746, 1165
2750, 1144
2754, 1155
2758, 1092
2762, 1094
2766, 1094
2770, 1035
2774, 1068
2778, 1105
2782, 1085
2786, 1200
2790, 1013
2794, 1033
2798, 1064
2802, 985
2806, 1025
2810, 1062
2814, 1053
2818, 1033
2822, 1008
2826, 997
2830, 962
2834, 1041
2838, 983
2842, 1029
2846, 968
2850, 989
2854, 998
2858, 939
2862, 967
2866, 959
2870, 967
2874, 903
2878, 989
2882, 949
2886, 964
2890, 880
2894, 906
2898, 917
2902, 912
2906, 938
2910, 912
2914, 901
2918, 980
2922, 847
2926, 921
2930, 964
2934, 931
2938, 1015
2942, 1096
2946, 1183
2950, 1470
2954, 1876
2958, 2371
2962, 2515
2966, 2365
2970, 1948
2974, 1547
2978, 1289
2982, 1143
2986, 943
2990, 904
2994, 931
2998, 866
3002, 857
3006, 846
3010, 827
3014, 821
3018, 864
3022, 825
3026, 812
3030, 842
3034, 866
3038, 799
3042, 822
3046, 834
3050, 797
3054, 813
3058, 803
3062, 828
3066, 770
3070, 793
3074, 819
3078, 729
3082, 845
3086, 787
3090, 809
3094, 816
3098, 757
3102, 807
3106, 783
3110, 775
3114, 780
3118, 756
3122, 732
3126, 733
3130, 774
3134, 730
3138, 800
3142, 711
3146, 825
3150, 748
3154, 803
3158, 802
3162, 785
3166, 785
3170, 737
3174, 761
3178, 775
3182, 754
3186, 757
3190, 763
3194, 750
3198, 761
3202, 766
3206, 784
3210, 752
3214, 844
3218, 799
3222, 766
3226, 864
3230, 810
3234, 866
3238, 847
3242, 874
3246, 995
3250, 1136
3254, 1263
3258, 1700
3262, 2924
3266, 6481
3270, 12576
3274, 14278
3278, 8686
3282, 3273
3286, 1623
3290, 1113
3294, 1028
3298, 961
3302, 897
3306, 913
3310, 852
3314, 872
3318, 832
3322, 855
3326, 832
3330, 847
3334, 921
3338, 967
3342, 976
3346, 1045
3350, 1164
3354, 1268
3358, 1486
3362, 1646
3366, 1883
3370, 2318
3374, 3017
3378, 4267
3382, 6736
3386, 15170
3390, 38259
3394, 72415
3398, 77785
3402, 42598
3406, 13969
3410, 4989
3414, 2842
3418, 2128
3422, 1703
3426, 1532
3430, 1387
3434, 1333
3438, 1221
3442, 1091
3446, 931
3450, 810
3454, 794
3458, 790
3462, 725
3466, 738
3470, 732
3474, 730
3478, 769
3482, 762
3486, 755
3490, 764
3494, 692
3498, 669
3502, 706
3506, 747
3510, 695
3514, 677
3518, 701
3522, 643
3526, 615
3530, 553
3534, 602
3538, 547
3542, 534
3546, 498
3550, 441
3554, 447
3558, 448
3562, 431
3566, 444
3570, 415
3574, 417
3578, 419
3582, 402
3586, 417
3590, 421
3594, 458
3598, 430
3602, 371
3606, 441
3610, 422
3614, 397
3618, 360
3622, 432
3626, 398
3630, 409
3634, 390
3638, 427
3642, 412
3646, 405
3650, 425
3654, 437
3658, 394
3662, 407
3666, 396
3670, 410
3674, 382
3678, 427
3682, 439
3686, 414
3690, 392
3694, 414
3698, 418
3702, 423
3706, 417
3710, 403
3714, 380
3718, 408
3722, 428
3726, 387
3730, 412
3734, 380
3738, 356
3742, 409
3746, 398
3750, 364
3754, 421
3758, 449
3762, 384
3766, 417
3770, 400
3774, 373
3778, 402
3782, 373
3786, 406
3790, 414
3794, 393
3798, 448
3802, 385
3806, 393
3810, 396
3814, 429
3818, 404
3822, 417
3826, 375
3830, 374
3834, 412
3838, 362
3842, 413
3846, 430
3850, 398
3854, 418
3858, 381
3862, 367
3866, 393
3870, 394
3874, 383
3878, 371
3882, 355
3886, 378
3890, 424
3894, 379
3898, 388
3902, 395
3906, 431
3910, 363
3914, 399
3918, 381
3922, 374
3926, 368
3930, 372
3934, 357
3938, 395
3942, 397
3946, 402
3950, 402
3954, 364
3958, 381
3962, 355
3966, 398
3970, 379
3974, 370
3978, 348
3982, 386
3986, 411
3990, 391
3994, 373
3998, 356
4002, 406
4006, 404
4010, 367
4014, 418
4018, 389
4022, 342
4026, 380
4030, 386
4034, 398
4038, 386
4042, 394
4046, 403
4050, 385
4054, 366
4058, 355
4062, 383
4066, 405
4070, 383
4074, 366
4078, 425
4082, 392
4086, 376
4090, 369
4094, 396
4098, 367
4102, 400
4106, 387
4110, 368
4114, 410
4118, 420
4122, 353
4126, 387
4130, 391
4134, 375
4138, 383
4142, 353
4146, 352
4150, 374
4154, 358
4158, 378
4162, 403
4166, 373
4170, 386
4174, 395
4178, 366
4182, 381
4186, 337
4190, 364
4194, 356
4198, 367
4202, 348
4206, 380
4210, 369
4214, 362
4218, 386
4222, 387
4226, 364
4230, 350
4234, 325
4238, 340
4242, 387
4246, 347
4250, 371
4254, 341
4258, 368
4262, 339
4266, 345
4270, 380
4274, 336
4278, 357
4282, 367
4286, 433
4290, 339
4294, 377
4298, 358
4302, 374
4306, 366
4310, 376
4314, 324
4318, 360
4322, 366
4326, 376
4330, 357
4334, 361
4338, 400
4342, 366
4346, 372
4350, 335
4354, 348
4358, 342
4362, 372
4366, 346
4370, 325
4374, 374
4378, 348
4382, 347
4386, 362
4390, 354
4394, 381
4398, 323
4402, 353
4406, 379
4410, 366
4414, 332
4418, 355
4422, 362
4426, 347
4430, 353
4434, 357
4438, 360
4442, 352
4446, 373
4450, 359
4454, 369
4458, 371
4462, 339
4466, 342
4470, 349
4474, 359
4478, 344
4482, 334
4486, 348
4490, 330
4494, 368
4498, 334
4502, 320
4506, 334
4510, 357
4514, 353
4518, 355
4522, 349
4526, 338
4530, 339
4534, 347
4538, 346
4542, 345
4546, 347
4550, 355
4554, 366
4558, 360
4562, 341
4566, 352
4570, 336
4574, 333
4578, 330
4582, 360
4586, 322
4590, 339
4594, 344
4598, 334
4602, 351
4606, 367
4610, 323
4614, 366
4618, 366
4622, 325
4626, 321
4630, 363
4634, 343
4638, 324
4642, 373
4646, 314
4650, 349
4654, 364
4658, 354
4662, 324
4666, 361
4670, 341
4674, 350
4678, 371
4682, 326
4686, 344
4690, 368
4694, 302
4698, 301
4702, 345
4706, 360
4710, 332
4714, 341
4718, 317
4722, 353
4726, 351
4730, 339
4734, 318
4738, 362
4742, 376
4746, 327
4750, 357
4754, 378
4758, 368
4762, 361
4766, 332
4770, 391
4774, 359
4778, 389
4782, 350
4786, 328
4790, 365
4794, 331
4798, 350
4802, 345
4806, 319
4810, 348
4814, 344
4818, 347
4822, 352
4826, 354
4830, 354
4834, 298
4838, 326
4842, 337
4846, 305
4850, 362
4854, 319
4858, 367
4862, 281
4866, 334
4870, 339
4874, 313
4878, 326
4882, 333
4886, 311
4890, 381
4894, 320
4898, 363
4902, 313
4906, 325
4910, 354
4914, 330
4918, 326
4922, 336
4926, 322
4930, 323
4934, 343
4938, 345
4942, 313
4946, 332
4950, 344
4954, 359
4958, 346
4962, 328
4966, 304
4970, 357
4974, 326
4978, 328
4982, 373
4986, 377
4990, 351
4994, 370
4998, 395
5002, 346
5006, 303
5010, 318
5014, 311
5018, 322
5022, 323
5026, 345
5030, 338
5034, 350
5038, 375
5042, 329
5046, 375
5050, 348
5054, 346
5058, 352
5062, 332
5066, 312
5070, 293
5074, 321
5078, 338
5082, 361
5086, 333
5090, 300
5094, 321
5098, 316
5102, 362
5106, 339
5110, 344
5114, 318
5118, 315
5122, 289
5126, 307
5130, 323
5134, 312
5138, 314
5142, 313
5146, 319
5150, 346
5154, 330
5158, 351
5162, 305
5166, 317
5170, 336
5174, 326
5178, 316
5182, 315
5186, 314
5190, 306
5194, 353
5198, 370
5202, 339
5206, 325
5210, 317
5214, 336
5218, 330
5222, 335
5226, 335
5230, 338
5234, 326
5238, 332
5242, 342
5246, 315
5250, 335
5254, 336
5258, 336
5262, 319
5266, 335
5270, 333
5274, 339
5278, 333
5282, 345
5286, 306
5290, 307
5294, 304
5298, 344
5302, 363
5306, 328
5310, 333
5314, 311
5318, 324
5322, 335
5326, 311
5330, 332
5334, 312
5338, 350
5342, 317
5346, 324
5350, 300
5354, 311
5358, 330
5362, 322
5366, 301
5370, 335
5374, 311
5378, 331
5382, 316
5386, 344
5390, 347
5394, 341
5398, 325
5402, 339
5406, 336
5410, 332
5414, 344
5418, 331
5422, 316
5426, 332
5430, 346
5434, 342
5438, 318
5442, 330
5446, 355
5450, 323
5454, 319
5458, 329
5462, 324
5466, 329
5470, 334
5474, 321
5478, 322
5482, 325
5486, 376
5490, 336
5494, 312
5498, 331
5502, 296
5506, 359
5510, 311
5514, 344
5518, 311
5522, 323
5526, 317
5530, 316
5534, 363
5538, 310
5542, 327
5546, 329
5550, 343
5554, 302
5558, 334
5562, 331
5566, 333
5570, 311
5574, 325
5578, 333
5582, 325
5586, 328
5590, 337
5594, 319
5598, 333
5602, 346
5606, 329
5610, 317
5614, 331
5618, 304
5622, 338
5626, 333
5630, 332
5634, 358
5638, 330
5642, 340
5646, 347
5650, 344
5654, 341
5658, 330
5662, 324
5666, 326
5670, 337
5674, 351
5678, 358
5682, 295
5686, 342
5690, 315
5694, 303
5698, 321
5702, 348
5706, 326
5710, 354
5714, 354
5718, 376
5722, 398
5726, 408
5730, 498
5734, 775
5738, 1173
5742, 1707
5746, 2045
5750, 1732
5754, 988
5758, 556
5762, 427
5766, 400
5770, 370
5774, 370
5778, 382
5782, 371
5786, 378
5790, 370
5794, 374
5798, 343
5802, 358
5806, 337
5810, 396
5814, 400
5818, 364
5822, 377
5826, 384
5830, 349
5834, 379
5838, 367
5842, 343
5846, 385
5850, 336
5854, 371
5858, 372
5862, 358
5866, 332
5870, 299
5874, 373
5878, 345
5882, 379
5886, 359
5890, 372
5894, 338
5898, 363
5902, 378
5906, 320
5910, 394
5914, 384
5918, 377
5922, 351
5926, 330
5930, 343
5934, 370
5938, 329
5942, 346
5946, 342
5950, 354
5954, 357
5958, 347
5962, 338
5966, 363
5970, 344
5974, 349
5978, 350
5982, 315
5986, 361
5990, 362
5994, 395
5998, 346
6002, 342
6006, 341
6010, 398
6014, 384
6018, 397
6022, 402
6026, 365
6030, 348
6034, 384
6038, 388
6042, 348
6046, 318
6050, 343
6054, 363
6058, 381
6062, 336
6066, 330
6070, 373
6074, 353
6078, 330
6082, 338
6086, 332
6090, 368
6094, 345
6098, 335
6102, 333
6106, 339
6110, 370
6114, 345
6118, 381
6122, 368
6126, 366
6130, 336
6134, 367
6138, 356
6142, 364
6146, 332
6150, 341
6154, 326
6158, 345
6162, 351
6166, 327
6170, 353
6174, 388
6178, 358
6182, 356
6186, 403
6190, 346
6194, 337
6198, 358
6202, 355
6206, 389
6210, 352
6214, 337
6218, 347
6222, 357
6226, 352
6230, 368
6234, 311
6238, 353
6242, 372
6246, 379
6250, 365
6254, 369
6258, 360
6262, 347
6266, 339
6270, 364
6274, 359
6278, 359
6282, 364
6286, 348
6290, 357
6294, 377
6298, 328
6302, 343
6306, 367
6310, 357
6314, 333
6318, 384
6322, 361
6326, 345
6330, 360
6334, 358
6338, 345
6342, 385
6346, 366
6350, 357
6354, 391
6358, 342
6362, 366
6366, 359
6370, 360
6374, 347
6378, 357
6382, 357
6386, 389
6390, 339
6394, 378
6398, 357
6402, 336
6406, 384
6410, 370
6414, 319
6418, 341
6422, 375
6426, 334
6430, 355
6434, 354
6438, 352
6442, 338
6446, 354
6450, 368
6454, 369
6458, 355
6462, 385
6466, 322
6470, 342
6474, 345
6478, 376
6482, 379
6486, 314
6490, 393
6494, 356
6498, 371
6502, 366
6506, 366
6510, 362
6514, 349
6518, 373
6522, 370
6526, 371
6530, 374
6534, 366
6538, 377
6542, 336
6546, 355
6550, 369
6554, 349
6558, 383
6562, 368
6566, 362
6570, 378
6574, 363
6578, 352
6582, 366
6586, 384
6590, 350
6594, 331
6598, 345
6602, 390
6606, 371
6610, 388
6614, 367
6618, 348
6622, 377
6626, 358
6630, 356
6634, 350
6638, 344
6642, 368
6646, 389
6650, 355
6654, 383
6658, 391
6662, 365
6666, 333
6670, 369
6674, 389
6678, 357
6682, 350
6686, 357
6690, 353
6694, 373
6698, 322
6702, 366
6706, 353
6710, 373
6714, 378
6718, 354
6722, 371
6726, 373
6730, 359
6734, 344
6738, 340
6742, 348
6746, 385
6750, 364
6754, 349
6758, 375
6762, 368
6766, 369
6770, 378
6774, 374
6778, 355
6782, 386
6786, 375
6790, 357
6794, 353
6798, 339
6802, 345
6806, 365
6810, 364
6814, 360
6818, 367
6822, 362
6826, 374
6830, 324
6834, 340
6838, 366
6842, 372
6846, 383
6850, 355
6854, 356
6858, 328
6862, 353
6866, 338
6870, 360
6874, 341
6878, 387
6882, 368
6886, 401
6890, 362
6894, 371
6898, 387
6902, 360
6906, 390
6910, 375
6914, 360
6918, 380
6922, 392
6926, 384
6930, 393
6934, 404
6938, 357
6942, 351
6946, 355
6950, 372
6954, 371
6958, 353
6962, 384
6966, 385
6970, 396
6974, 338
6978, 407
6982, 357
6986, 335
6990, 375
6994, 356
6998, 352
7002, 350
7006, 384
7010, 349
7014, 406
7018, 385
7022, 358
7026, 332
7030, 345
7034, 379
7038, 361
7042, 370
7046, 386
7050, 372
7054, 347
7058, 358
7062, 370
7066, 358
7070, 328
7074, 373
7078, 370
7082, 322
7086, 402
7090, 380
7094, 367
7098, 347
7102, 361
7106, 342
7110, 378
7114, 369
7118, 371
7122, 385
7126, 413
7130, 368
7134, 405
7138, 363
7142, 377
7146, 362
7150, 373
7154, 342
7158, 398
7162, 338
7166, 357
7170, 359
7174, 370
7178, 377
7182, 365
7186, 396
7190, 386
7194, 385
7198, 384
7202, 384
7206, 383
7210, 400
7214, 345
7218, 404
7222, 387
7226, 377
7230, 370
7234, 352
7238, 406
7242, 373
7246, 379
7250, 341
7254, 418
7258, 393
7262, 376
7266, 375
7270, 384
7274, 397
7278, 438
7282, 373
7286, 416
7290, 398
7294, 385
7298, 401
7302, 368
7306, 374
7310, 384
7314, 368
7318, 376
7322, 373
7326, 398
7330, 406
7334, 418
7338, 385
7342, 403
7346, 404
7350, 389
7354, 404
7358, 354
7362, 408
7366, 381
7370, 398
7374, 372
7378, 363
7382, 411
7386, 380
7390, 409
7394, 393
7398, 355
7402, 389
7406, 365
7410, 425
7414, 417
7418, 380
7422, 427
7426, 368
7430, 440
7434, 397
7438, 371
7442, 392
7446, 405
7450, 392
7454, 348
7458, 416
7462, 395
7466, 406
7470, 372
7474, 387
7478, 394
7482, 389
7486, 397
7490, 394
7494, 415
7498, 399
7502, 420
7506, 424
7510, 427
7514, 473
7518, 422
7522, 456
7526, 432
7530, 429
7534, 405
7538, 407
7542, 401
7546, 395
7550, 372
7554, 403
7558, 410
7562, 374
7566, 420
7570, 388
7574, 413
7578, 422
7582, 385
7586, 408
7590, 429
7594, 402
7598, 388
7602, 398
7606, 411
7610, 368
7614, 402
7618, 436
7622, 432
7626, 405
7630, 395
7634, 402
7638, 391
7642, 416
7646, 421
7650, 424
7654, 385
7658, 405
7662, 420
7666, 407
7670, 364
7674, 384
7678, 440
7682, 406
7686, 384
7690, 370
7694, 409
7698, 425
7702, 415
7706, 394
7710, 383
7714, 393
7718, 393
7722, 425
7726, 388
7730, 402
7734, 384
7738, 389
7742, 390
7746, 386
7750, 394
7754, 407
7758, 384
7762, 381
7766, 382
7770, 365
7774, 379
7778, 422
7782, 400
7786, 390
7790, 388
7794, 382
7798, 405
7802, 449
7806, 377
7810, 393
7814, 425
7818, 418
7822, 380
7826, 372
7830, 411
7834, 394
7838, 432
7842, 410
7846, 429
7850, 419
7854, 406
7858, 339
7862, 411
7866, 403
7870, 401
7874, 388
7878, 384
7882, 384
7886, 409
7890, 397
7894, 370
7898, 401
7902, 384
7906, 386
7910, 442
7914, 443
7918, 426
7922, 378
7926, 384
7930, 422
7934, 390
7938, 416
7942, 420
7946, 408
7950, 443
7954, 422
7958, 434
7962, 412
7966, 394
7970, 424
7974, 380
7978, 372
7982, 425
7986, 408
7990, 382
7994, 398
7998, 390
8002, 421
8006, 440
8010, 404
8014, 438
8018, 385
8022, 400
8026, 405
8030, 396
8034, 398
8038, 398
8042, 430
8046, 417
8050, 434
8054, 415
8058, 425
8062, 417
8066, 381
8070, 408
8074, 374
8078, 367
8082, 404
8086, 413
8090, 394
8094, 417
8098, 428
8102, 400
8106, 426
8110, 432
8114, 453
8118, 407
8122, 428
8126, 397
8130, 417
8134, 383
8138, 460
8142, 426
8146, 456
8150, 438
8154, 433
8158, 402
8162, 410
8166, 433
8170, 429
8174, 433
8178, 415
8182, 416
8186, 428
8190, 431
8194, 383
8198, 436
8202, 456
8206, 427
8210, 405
8214, 415
8218, 401
8222, 445
8226, 447
8230, 437
8234, 406
8238, 408
8242, 419
8246, 401
8250, 436
8254, 411
8258, 431
8262, 422
8266, 420
8270, 424
8274, 450
8278, 451
8282, 406
8286, 418
8290, 429
8294, 420
8298, 410
8302, 407
8306, 416
8310, 449
8314, 393
8318, 390
8322, 435
8326, 459
8330, 415
8334, 399
8338, 425
8342, 436
8346, 462
8350, 418
8354, 417
8358, 417
8362, 426
8366, 463
8370, 461
8374, 455
8378, 422
8382, 424
8386, 460
8390, 430
8394, 447
8398, 413
8402, 403
8406, 452
8410, 438
8414, 436
8418, 423
8422, 402
8426, 430
8430, 459
8434, 445
8438, 449
8442, 416
8446, 452
8450, 420
8454, 453
8458, 488
8462, 499
8466, 479
8470, 465
8474, 438
8478, 445
8482, 410
8486, 432
8490, 461
8494, 449
8498, 473
8502, 449
8506, 403
8510, 431
8514, 423
8518, 440
8522, 484
8526, 462
8530, 491
8534, 471
8538, 439
8542, 377
8546, 432
8550, 449
8554, 443
8558, 409
8562, 456
8566, 434
8570, 421
8574, 453
8578, 456
8582, 448
8586, 443
8590, 423
8594, 405
8598, 455
8602, 435
8606, 449
8610, 439
8614, 439
8618, 457
8622, 448
8626, 462
8630, 458
8634, 512
8638, 436
8642, 532
8646, 474
8650, 488
8654, 472
8658, 502
8662, 501
8666, 474
8670, 485
8674, 483
8678, 525
8682, 572
8686, 678
8690, 846
8694, 1035
8698, 1416
8702, 1546
8706, 1720
8710, 1500
8714, 1168
8718, 906
8722, 733
8726, 571
8730, 516
8734, 535
8738, 540
8742, 503
8746, 471
8750, 480
8754, 493
8758, 469
8762, 487
8766, 476
8770, 463
8774, 500
8778, 493
8782, 511
8786, 475
8790, 456
8794, 480
8798, 498
8802, 482
8806, 491
8810, 535
8814, 473
8818, 466
8822, 539
8826, 505
8830, 570
8834, 468
8838, 462
8842, 500
8846, 510
8850, 472
8854, 514
8858, 487
8862, 501
8866, 529
8870, 522
8874, 503
8878, 488
8882, 478
8886, 489
8890, 501
8894, 463
8898, 489
8902, 554
8906, 514
8910, 478
8914, 500
8918, 498
8922, 538
8926, 509
8930, 499
8934, 497
8938, 499
8942, 516
8946, 485
8950, 533
8954, 499
8958, 474
8962, 497
8966, 525
8970, 533
8974, 460
8978, 506
8982, 491
8986, 496
8990, 476
8994, 534
8998, 548
9002, 567
9006, 592
9010, 605
9014, 658
9018, 703
9022, 639
9026, 548
9030, 542
9034, 522
9038, 530
9042, 478
9046, 497
9050, 512
9054, 521
9058, 491
9062, 527
9066, 556
9070, 491
9074, 537
9078, 488
9082, 490
9086, 548
9090, 511
9094, 505
9098, 509
9102, 492
9106, 544
9110, 515
9114, 505
9118, 498
9122, 539
9126, 576
9130, 499
9134, 518
9138, 579
9142, 535
9146, 605
9150, 528
9154, 517
9158, 551
9162, 562
9166, 538
9170, 539
9174, 562
9178, 488
9182, 577
9186, 571
9190, 528
9194, 588
9198, 551
9202, 615
9206, 530
9210, 554
9214, 558
9218, 573
9222, 538
9226, 560
9230, 558
9234, 540
9238, 542
9242, 549
9246, 568
9250, 538
9254, 551
9258, 599
9262, 542
9266, 537
9270, 583
9274, 534
9278, 537
9282, 562
9286, 583
9290, 585
9294, 536
9298, 524
9302, 570
9306, 552
9310, 536
9314, 574
9318, 545
9322, 551
9326, 616
9330, 563
9334, 588
9338, 534
9342, 545
9346, 578
9350, 558
9354, 546
9358, 574
9362, 603
9366, 563
9370, 616
9374, 605
9378, 570
9382, 559
9386, 602
9390, 615
9394, 559
9398, 582
9402, 580
9406, 625
9410, 559
9414, 589
9418, 540
9422, 583
9426, 557
9430, 596
9434, 600
9438, 619
9442, 575
9446, 621
9450, 620
9454, 596
9458, 527
9462, 564
9466, 632
9470, 598
9474, 558
9478, 614
9482, 613
9486, 657
9490, 586
9494, 643
9498, 645
9502, 598
9506, 604
9510, 623
9514, 624
9518, 632
9522, 655
9526, 597
9530, 628
9534, 602
9538, 644
9542, 603
9546, 631
9550, 633
9554, 596
9558, 636
9562, 641
9566, 682
9570, 647
9574, 643
9578, 662
9582, 577
9586, 650
9590, 595
9594, 646
9598, 647
9602, 640
9606, 622
9610, 617
9614, 610
9618, 590
9622, 690
9626, 720
9630, 649
9634, 591
9638, 637
9642, 650
9646, 655
9650, 652
9654, 618
9658, 668
9662, 624
9666, 616
9670, 628
9674, 674
9678, 662
9682, 673
9686, 696
9690, 633
9694, 707
9698, 660
9702, 645
9706, 684
9710, 629
9714, 643
9718, 687
9722, 668
9726, 687
9730, 716
9734, 644
9738, 701
9742, 663
9746, 667
9750, 679
9754, 670
9758, 679
9762, 722
9766, 658
9770, 710
9774, 689
9778, 647
9782, 724
9786, 701
9790, 722
9794, 690
9798, 737
9802, 707
9806, 701
9810, 702
9814, 737
9818, 703
9822, 697
9826, 721
9830, 808
9834, 688
9838, 685
9842, 724
9846, 713
9850, 704
9854, 737
9858, 728
9862, 742
9866, 734
9870, 733
9874, 754
9878, 721
9882, 734
9886, 745
9890, 751
9894, 764
9898, 714
9902, 734
9906, 713
9910, 755
9914, 709
9918, 746
9922, 740
9926, 762
9930, 760
9934, 810
9938, 731
9942, 766
9946, 742
9950, 798
9954, 804
9958, 835
9962, 788
9966, 747
9970, 777
9974, 739
9978, 794
9982, 759
9986, 761
9990, 814
9994, 790
9998, 810
10002, 801
10006, 777
10010, 774
10014, 862
10018, 799
10022, 742
10026, 841
10030, 786
10034, 799
10038, 797
10042, 833
10046, 794
10050, 841
10054, 827
10058, 802
10062, 804
10066, 795
10070, 796
10074, 840
10078, 851
10082, 816
10086, 837
10090, 782
10094, 834
10098, 833
10102, 819
10106, 875
10110, 895
10114, 784
10118, 919
10122, 844
10126, 859
10130, 827
10134, 809
10138, 867
10142, 841
10146, 810
10150, 830
10154, 856
10158, 911
10162, 875
10166, 873
10170, 864
10174, 894
10178, 901
10182, 940
10186, 895
10190, 865
10194, 864
10198, 861
10202, 901
10206, 882
10210, 873
10214, 917
10218, 855
10222, 886
10226, 930
10230, 889
10234, 893
10238, 953
10242, 908
10246, 926
10250, 889
10254, 908
10258, 862
10262, 889
10266, 884
10270, 910
10274, 880
10278, 902
10282, 903
10286, 853
10290, 954
10294, 932
10298, 840
10302, 899
10306, 909
10310, 896
10314, 901
10318, 822
10322, 891
10326, 856
10330, 846
10334, 862
10338, 803
10342, 787
10346, 761
10350, 730
10354, 702
10358, 731
10362, 668
10366, 648
10370, 656
10374, 639
10378, 643
10382, 621
10386, 670
10390, 658
10394, 623
10398, 579
10402, 627
10406, 556
10410, 593
10414, 559
10418, 589
10422, 588
10426, 540
10430, 636
10434, 588
10438, 553
10442, 553
10446, 560
10450, 522
10454, 578
10458, 584
10462, 536
10466, 527
10470, 546
10474, 506
10478, 563
10482, 555
10486, 540
10490, 557
10494, 514
10498, 523
10502, 514
10506, 531
10510, 545
10514, 538
10518, 528
10522, 503
10526, 519
10530, 503
10534, 485
10538, 506
10542, 512
10546, 473
10550, 535
10554, 491
10558, 531
10562, 479
10566, 484
10570, 485
10574, 515
10578, 493
10582, 523
10586, 453
10590, 477
10594, 491
10598, 478
10602, 471
10606, 469
10610, 449
10614, 477
10618, 450
10622, 478
10626, 460
10630, 438
10634, 462
10638, 478
10642, 468
10646, 450
10650, 456
10654, 455
10658, 463
10662, 416
10666, 431
10670, 439
10674, 424
10678, 434
10682, 491
10686, 430
10690, 423
10694, 438
10698, 416
10702, 444
10706, 430
10710, 431
10714, 427
10718, 484
10722, 391
10726, 442
10730, 455
10734, 414
10738, 414
10742, 395
10746, 431
10750, 436
10754, 377
10758, 373
10762, 417
10766, 410
10770, 371
10774, 363
10778, 418
10782, 393
10786, 392
10790, 401
10794, 419
10798, 404
10802, 362
10806, 351
10810, 375
10814, 373
10818, 363
10822, 364
10826, 361
10830, 394
10834, 350
10838, 332
10842, 352
10846, 325
10850, 353
10854, 321
10858, 320
10862, 335
10866, 336
10870, 321
10874, 330
10878, 302
10882, 308
10886, 323
10890, 324
10894, 298
10898, 277
10902, 311
10906, 311
10910, 265
10914, 271
10918, 300
10922, 287
10926, 288
10930, 275
10934, 257
10938, 250
10942, 241
10946, 252
10950, 272
10954, 239
10958, 234
10962, 261
10966, 258
10970, 223
10974, 215
10978, 222
10982, 234
10986, 207
10990, 212
10994, 220
10998, 211
11002, 197
11006, 232
11010, 218
11014, 223
11018, 193
11022, 191
11026, 192
11030, 211
11034, 219
11038, 197
11042, 194
11046, 166
11050, 177
11054, 143
11058, 166
11062, 183
11066, 170
11070, 166
11074, 164
11078, 158
11082, 165
11086, 152
11090, 158
11094, 161
11098, 152
11102, 132
11106, 178
11110, 153
11114, 141
11118, 150
11122, 139
11126, 142
11130, 149
11134, 138
11138, 160
11142, 142
11146, 172
11150, 125
11154, 120
11158, 118
11162, 135
11166, 158
11170, 173
11174, 153
11178, 130
11182, 123
11186, 116
11190, 107
11194, 130
11198, 124
11202, 131
11206, 137
11210, 121
11214, 116
11218, 121
11222, 113
11226, 124
11230, 128
11234, 119
11238, 108
11242, 107
11246, 114
11250, 95
11254, 117
11258, 102
11262, 121
11266, 120
11270, 116
11274, 110
11278, 109
11282, 100
11286, 101
11290, 105
11294, 118
11298, 105
11302, 121
11306, 113
11310, 109
11314, 98
11318, 109
11322, 100
11326, 94
11330, 94
11334, 107
11338, 125
11342, 110
11346, 96
11350, 116
11354, 85
11358, 121
11362, 108
11366, 109
11370, 86
11374, 94
11378, 107
11382, 106
11386, 91
11390, 91
11394, 93
11398, 121
11402, 119
11406, 101
11410, 100
11414, 96
11418, 93
11422, 82
11426, 78
11430, 89
11434, 89
11438, 89
11442, 89
11446, 100
11450, 88
11454, 99
11458, 96
11462, 87
11466, 90
11470, 109
11474, 105
11478, 97
11482, 104
11486, 99
11490, 100
11494, 98
11498, 94
11502, 141
11506, 120
11510, 129
11514, 113
11518, 114
11522, 95
11526, 79
11530, 87
11534, 88
11538, 95
11542, 78
11546, 89
11550, 99
11554, 107
11558, 98
11562, 87
11566, 105
11570, 92
11574, 107
11578, 110
11582, 107
11586, 134
11590, 126
11594, 138
11598, 163
11602, 188
11606, 242
11610, 246
11614, 291
11618, 326
11622, 391
11626, 531
11630, 768
11634, 1042
11638, 1547
11642, 2649
11646, 4480
11650, 8052
11654, 14517
11658, 21776
11662, 26095
11666, 21975
11670, 13504
11674, 6155
11678, 2342
11682, 1127
11686, 763
11690, 561
11694, 520
11698, 418
11702, 404
11706, 346
11710, 272
11714, 239
11718, 181
11722, 207
11726, 203
11730, 184
11734, 176
11738, 198
11742, 182
11746, 191
11750, 178
11754, 174
11758, 158
11762, 164
11766, 168
11770, 147
11774, 159
11778, 154
11782, 136
11786, 129
11790, 104
11794, 90
11798, 100
11802, 98
11806, 92
11810, 76
11814, 55
11818, 59
11822, 51
11826, 46
11830, 56
11834, 49
11838, 57
11842, 45
11846, 53
11850, 45
11854, 51
11858, 42
11862, 53
11866, 49
11870, 46
11874, 51
11878, 31
11882, 47
11886, 41
11890, 42
11894, 42
11898, 48
11902, 38
11906, 37
11910, 43
11914, 28
11918, 43
11922, 43
11926, 59
11930, 47
11934, 59
11938, 71
11942, 59
11946, 72
11950, 81
11954, 79
11958, 85
11962, 112
11966, 137
11970, 166
11974, 165
11978, 137
11982, 104
11986, 97
11990, 63
11994, 60
11998, 53
12002, 37
12006, 45
12010, 45
12014, 53
12018, 45
12022, 42
12026, 38
12030, 40
12034, 45
12038, 51
12042, 51
12046, 49
12050, 47
12054, 35
12058, 39
12062, 47
12066, 30
12070, 46
12074, 40
12078, 47
12082, 57
12086, 49
12090, 47
12094, 63
12098, 64
12102, 59
12106, 67
12110, 47
12114, 49
12118, 46
12122, 44
12126, 56
12130, 47
12134, 37
12138, 51
12142, 39
12146, 41
12150, 34
12154, 39
12158, 40
12162, 47
12166, 39
12170, 54
12174, 37
12178, 44
12182, 39
12186, 42
12190, 40
12194, 40
12198, 38
12202, 46
12206, 42
12210, 30
12214, 40
12218, 29
12222, 37
12226, 32
12230, 42
12234, 39
12238, 44
12242, 42
12246, 49
12250, 46
12254, 52
12258, 36
12262, 60
12266, 46
12270, 33
12274, 41
12278, 50
12282, 31
12286, 37
12290, 36
12294, 44
12298, 46
12302, 43
12306, 34
12310, 40
12314, 47
12318, 45
12322, 42
12326, 53
12330, 39
12334, 46
12338, 46
12342, 46
12346, 43
12350, 43
12354, 37
12358, 47
12362, 41
12366, 46
12370, 55
12374, 53
12378, 49
12382, 45
12386, 43
12390, 47
12394, 33
12398, 63
12402, 52
12406, 34
12410, 39
12414, 43
12418, 46
12422, 29
12426, 43
12430, 35
12434, 48
12438, 46
12442, 36
12446, 43
12450, 37
12454, 47
12458, 54
12462, 48
12466, 38
12470, 41
12474, 51
12478, 40
12482, 53
12486, 49
12490, 54
12494, 51
12498, 40
12502, 38
12506, 48
12510, 37
12514, 34
12518, 52
12522, 46
12526, 42
12530, 38
12534, 48
12538, 52
12542, 45
12546, 46
12550, 47
12554, 37
12558, 55
12562, 43
12566, 50
12570, 28
12574, 50
12578, 42
12582, 36
12586, 45
12590, 45
12594, 37
12598, 63
12602, 39
12606, 60
12610, 45
12614, 41
12618, 38
12622, 39
12626, 37
12630, 33
12634, 45
12638, 53
12642, 40
12646, 41
12650, 50
12654, 43
12658, 40
12662, 45
12666, 43
12670, 46
12674, 48
12678, 52
12682, 43
12686, 51
12690, 44
12694, 46
12698, 38
12702, 51
12706, 35
12710, 50
12714, 50
12718, 45
12722, 34
12726, 45
12730, 56
12734, 49
12738, 45
12742, 58
12746, 40
12750, 58
12754, 41
12758, 43
12762, 44
12766, 48
12770, 36
12774, 41
12778, 56
12782, 42
12786, 39
12790, 44
12794, 43
12798, 42
12802, 52
12806, 53
12810, 39
12814, 43
12818, 44
12822, 47
12826, 47
12830, 36
12834, 43
12838, 40
12842, 64
12846, 45
12850, 41
12854, 46
12858, 36
12862, 48
12866, 44
12870, 46
12874, 45
12878, 46
12882, 35
12886, 52
12890, 39
12894, 41
12898, 41
12902, 44
12906, 45
12910, 40
12914, 42
12918, 43
12922, 43
12926, 38
12930, 48
12934, 51
12938, 38
12942, 45
12946, 39
12950, 39
12954, 41
12958, 29
12962, 47
12966, 51
12970, 51
12974, 48
12978, 41
12982, 53
12986, 48
12990, 46
12994, 51
12998, 52
13002, 47
13006, 52
13010, 54
13014, 40
13018, 44
13022, 42
13026, 39
13030, 43
13034, 45
13038, 49
13042, 57
13046, 40
13050, 43
13054, 40
13058, 49
13062, 57
13066, 47
13070, 55
13074, 42
13078, 46
13082, 45
13086, 44
13090, 41
13094, 48
13098, 50
13102, 33
13106, 46
13110, 41
13114, 41
13118, 52
13122, 38
13126, 51
13130, 46
13134, 50
13138, 55
13142, 36
13146, 53
13150, 45
13154, 42
13158, 47
13162, 45
13166, 43
13170, 51
13174, 52
13178, 53
13182, 64
13186, 49
13190, 70
13194, 47
13198, 42
13202, 49
13206, 32
13210, 58
13214, 56
13218, 44
13222, 47
13226, 51
13230, 54
13234, 51
13238, 55
13242, 52
13246, 44
13250, 60
13254, 41
13258, 47
13262, 43
13266, 51
13270, 46
13274, 53
13278, 53
13282, 53
13286, 48
13290, 52
13294, 44
13298, 47
13302, 49
13306, 41
13310, 61
13314, 65
13318, 44
13322, 56
13326, 55
13330, 53
13334, 55
13338, 51
13342, 44
13346, 42
13350, 51
13354, 43
13358, 57
13362, 59
13366, 48
13370, 34
13374, 52
13378, 72
13382, 55
13386, 50
13390, 38
13394, 55
13398, 54
13402, 51
13406, 46
13410, 47
13414, 59
13418, 50
13422, 60
13426, 58
13430, 60
13434, 46
13438, 49
13442, 52
13446, 53
13450, 57
13454, 57
13458, 47
13462, 47
13466, 44
13470, 62
13474, 45
13478, 43
13482, 50
13486, 73
13490, 44
13494, 56
13498, 56
13502, 67
13506, 67
13510, 52
13514, 42
13518, 55
13522, 41
13526, 68
13530, 50
13534, 47
13538, 53
13542, 55
13546, 42
13550, 47
13554, 60
13558, 40
13562, 63
13566, 41
13570, 42
13574, 53
13578, 55
13582, 41
13586, 59
13590, 42
13594, 45
13598, 44
13602, 48
13606, 38
13610, 44
13614, 33
13618, 37
13622, 38
13626, 48
13630, 41
13634, 48
13638, 35
13642, 29
13646, 37
13650, 33
13654, 36
13658, 39
13662, 34
13666, 43
13670, 40
13674, 40
13678, 34
13682, 39
13686, 35
13690, 30
13694, 42
13698, 26
13702, 39
13706, 34
13710, 34
13714, 44
13718, 33
13722, 37
13726, 52
13730, 32
13734, 37
13738, 42
13742, 38
13746, 31
13750, 34
13754, 36
13758, 35
13762, 48
13766, 39
13770, 33
13774, 38
13778, 39
13782, 29
13786, 40
13790, 33
13794, 26
13798, 28
13802, 43
13806, 34
13810, 31
13814, 32
13818, 24
13822, 32
13826, 26
13830, 26
13834, 30
13838, 27
13842, 35
13846, 25
13850, 27
13854, 35
13858, 28
13862, 39
13866, 40
13870, 34
13874, 34
13878, 34
13882, 19
13886, 32
13890, 34
13894, 29
13898, 25
13902, 23
13906, 22
13910, 27
13914, 34
13918, 31
13922, 32
13926, 34
13930, 29
13934, 21
13938, 21
13942, 31
13946, 33
13950, 27
13954, 34
13958, 25
13962, 25
13966, 33
13970, 39
13974, 43
13978, 36
13982, 34
13986, 15
13990, 28
13994, 27
13998, 25
14002, 29
14006, 24
14010, 26
14014, 21
14018, 38
14022, 27
14026, 27
14030, 23
14034, 22
14038, 27
14042, 25
14046, 24
14050, 23
14054, 26
14058, 26
14062, 28
14066, 17
14070, 36
14074, 33
14078, 36
14082, 35
14086, 29
14090, 23
14094, 29
14098, 18
14102, 17
14106, 33
14110, 17
14114, 17
14118, 22
14122, 22
14126, 25
14130, 22
14134, 24
14138, 14
14142, 13
14146, 21
14150, 31
14154, 18
14158, 17
14162, 18
14166, 27
14170, 21
14174, 18
14178, 12
14182, 19
14186, 21
14190, 23
14194, 23
14198, 16
14202, 15
14206, 13
14210, 27
14214, 13
14218, 22
14222, 16
14226, 17
14230, 23
14234, 16
14238, 17
14242, 16
14246, 13
14250, 15
14254, 19
14258, 11
14262, 15
14266, 16
14270, 23
14274, 12
14278, 16
14282, 17
14286, 23
14290, 17
14294, 18
14298, 26
14302, 13
14306, 14
14310, 7
14314, 7
14318, 15
14322, 21
14326, 15
14330, 13
14334, 19
14338, 14
14342, 11
14346, 13
14350, 16
14354, 16
14358, 10
14362, 16
14366, 11
14370, 10
14374, 9
14378, 9
14382, 12
14386, 13
14390, 9
14394, 10
14398, 11
14402, 12
14406, 11
14410, 6
14414, 9
14418, 5
14422, 20
14426, 4
14430, 8
14434, 7
14438, 13
14442, 6
14446, 10
14450, 10
14454, 11
14458, 13
14462, 12
14466, 13
14470, 9
14474, 10
14478, 4
14482, 6
14486, 10
14490, 11
14494, 13
14498, 11
14502, 4
14506, 9
14510, 4
14514, 10
14518, 7
14522, 5
14526, 12
14530, 14
14534, 4
14538, 14
14542, 4
14546, 11
14550, 17
14554, 22
14558, 20
14562, 31
14566, 25
14570, 24
14574, 20
14578, 9
14582, 11
14586, 17
14590, 8
14594, 8
14598, 13
14602, 10
14606, 13
14610, 6
14614, 10
14618, 5
14622, 7
14626, 8
14630, 12
14634, 12
14638, 5
14642, 5
14646, 4
14650, 9
14654, 5
14658, 15
14662, 12
14666, 8
14670, 11
14674, 4
14678, 9
14682, 9
14686, 11
14690, 27
14694, 10
14698, 13
14702, 7
14706, 7
14710, 9
14714, 12
14718, 10
14722, 9
14726, 18
14730, 10
14734, 7
14738, 6
14742, 12
14746, 7
14750, 8
14754, 11
14758, 7
14762, 8
14766, 10
14770, 5
14774, 7
14778, 9
14782, 9
14786, 8
14790, 5
14794, 9
14798, 10
14802, 6
14806, 3
14810, 10
14814, 6
14818, 7
14822, 11
14826, 8
14830, 12
14834, 9
14838, 10
14842, 8
14846, 7
14850, 13
14854, 8
14858, 8
14862, 11
14866, 17
14870, 20
14874, 22
14878, 18
14882, 18
14886, 22
14890, 20
14894, 49
14898, 62
14902, 85
14906, 112
14910, 120
14914, 203
14918, 347
14922, 543
14926, 862
14930, 1015
14934, 979
14938, 719
14942, 460
14946, 201
14950, 90
14954, 56
14958, 34
14962, 36
14966, 25
14970, 32
14974, 13
14978, 20
14982, 10
14986, 12
14990, 9
14994, 16
14998, 19
15002, 18
15006, 11
15010, 14
15014, 20
15018, 14
15022, 18
15026, 15
15030, 20
15034, 30
15038, 38
15042, 60
15046, 94
15050, 123
15054, 138
15058, 131
15062, 105
15066, 63
15070, 20
15074, 16
15078, 12
15082, 10
15086, 11
15090, 12
15094, 7
15098, 10
15102, 6
15106, 6
15110, 2
15114, 7
15118, 8
15122, 8
15126, 10
15130, 7
15134, 3
15138, 13
15142, 6
15146, 5
15150, 8
15154, 8
15158, 6
15162, 5
15166, 4
15170, 7
15174, 6
15178, 6
15182, 8
15186, 5
15190, 5
15194, 4
15198, 4
15202, 2
15206, 3
15210, 7
15214, 5
15218, 7
15222, 5
15226, 10
15230, 7
15234, 8
15238, 3
15242, 5
15246, 3
15250, 4
15254, 6
15258, 4
15262, 5
15266, 3
15270, 6
15274, 4
15278, 4
15282, 10
15286, 4
15290, 3
15294, 3
15298, 6
15302, 4
15306, 5
15310, 5
15314, 4
15318, 5
15322, 6
15326, 8
15330, 7
15334, 3
15338, 4
15342, 5
15346, 5
15350, 9
15354, 3
15358, 3
15362, 6
15366, 4
15370, 2
15378, 5
15382, 5
15386, 8
15390, 5
15394, 9
15398, 2
15402, 10
15406, 3
15410, 6
15414, 7
15418, 4
15422, 5
15426, 5
15430, 3
15434, 2
15438, 7
15442, 3
15446, 3
15450, 3
15454, 5
15458, 5
15462, 4
15466, 4
15470, 3
15474, 2
15478, 4
15482, 5
15486, 10
15490, 2
15494, 6
15498, 1
15502, 1
15506, 6
15510, 2
15514, 5
15518, 4
15522, 7
15526, 1
15530, 4
15534, 5
15538, 3
15542, 2
15546, 3
15550, 7
15554, 1
15558, 5
15562, 2
15566, 3
15570, 3
15574, 6
15578, 9
15582, 1
15586, 5
15590, 5
15594, 5
15598, 6
15602, 5
15606, 8
15610, 5
15614, 4
15618, 3
15622, 3
15626, 7
15630, 2
15634, 8
15638, 10
15642, 8
15646, 2
15650, 4
15654, 4
15658, 3
15662, 4
15666, 4
15670, 7
15674, 8
15678, 7
15682, 6
15686, 5
15690, 7
15694, 2
15698, 2
15702, 5
15706, 5
15710, 2
15714, 6
15718, 3
15722, 6
15726, 6
15730, 7
15734, 1
15738, 5
15742, 5
15746, 6
15750, 3
15754, 5
15758, 5
15762, 3
15766, 5
15770, 7
15774, 8
15778, 4
15782, 7
15786, 8
15790, 9
15794, 14
15798, 10
15802, 13
15806, 12
15810, 10
15814, 7
15818, 3
15822, 2
15826, 3
15830, 4
15834, 6
15838, 7
15842, 5
15846, 5
15850, 5
15854, 6
15858, 7
15862, 3
15866, 4
15870, 4
15874, 5
15878, 6
15882, 3
15886, 2
15890, 1
15894, 4
15898, 4
15902, 9
15906, 6
15910, 5
15914, 5
15918, 5
15922, 1
15926, 8
15930, 1
15934, 6
15938, 9
15942, 6
15946, 3
15950, 8
15954, 5
15958, 3
15962, 8
15966, 5
15970, 2
15974, 7
15978, 8
15982, 7
15986, 5
15990, 4
15994, 4
15998, 10
