2, 44052
6, 4556
10, 3429
14, 5556
18, 15464
22, 26491
26, 18232
30, 4900
34, 1097
38, 897
42, 1083
46, 1249
50, 1394
54, 1738
58, 1786
62, 1855
66, 1757
70, 1794
74, 1826
78, 1852
82, 1838
86, 1821
90, 1876
94, 1887
98, 1906
102, 1849
106, 1945
110, 1883
114, 1976
118, 1919
122, 1986
126, 1942
130, 2031
134, 2121
138, 2105
142, 1975
146, 2084
150, 2036
154, 2099
158, 1989
162, 2022
166, 2050
170, 2024
174, 2140
178, 2087
182, 2120
186, 2090
190, 2114
194, 2132
198, 2102
202, 2178
206, 2086
210, 2085
214, 2050
218, 2151
222, 2131
226, 2145
230, 2161
234, 2285
238, 2212
242, 2254
246, 2252
250, 2340
254, 2303
258, 2382
262, 2232
266, 2327
270, 2363
274, 2388
278, 2478
282, 2374
286, 2616
290, 2480
294, 2614
298, 2577
302, 2656
306, 2713
310, 2685
314, 2830
318, 2878
322, 2869
326, 2925
330, 2882
334, 3066
338, 3089
342, 3111
346, 3194
350, 3252
354, 3227
358, 3160
362, 3322
366, 3301
370, 3350
374, 3441
378, 3411
382, 3482
386, 3457
390, 3583
394, 3828
398, 3791
402, 3943
406, 4062
410, 3952
414, 3821
418, 3893
422, 3890
426, 3848
430, 3813
434, 3743
438, 3888
442, 3890
446, 3872
450, 3849
454, 3994
458, 4136
462, 3939
466, 3999
470, 3988
474, 4181
478, 4076
482, 4018
486, 3988
490, 4094
494, 4061
498, 4017
502, 4166
506, 4081
510, 4061
514, 4047
518, 4107
522, 4160
526, 4122
530, 4181
534, 4052
538, 4036
542, 4093
546, 4029
550, 4014
554, 4177
558, 4039
562, 4147
566, 4230
570, 4236
574, 4040
578, 4120
582, 4158
586, 4200
590, 4167
594, 4217
598, 4231
602, 4310
606, 4154
610, 4301
614, 4132
618, 4201
622, 4117
626, 4198
630, 4200
634, 4143
638, 4067
642, 4065
646, 4176
650, 4201
654, 4182
658, 4027
662, 4051
666, 4009
670, 4142
674, 4020
678, 4031
682, 3921
686, 3926
690, 3883
694, 4028
698, 3913
702, 3979
706, 3890
710, 3798
714, 3825
718, 3887
722, 3872
726, 3822
730, 3778
734, 3845
738, 3794
742, 3780
746, 3791
750, 3751
754, 3759
758, 3630
762, 3623
766, 3640
770, 3723
774, 3664
778, 3653
782, 3526
786, 3472
790, 3704
794, 3605
798, 3545
802, 3598
806, 3557
810, 3445
814, 3424
818, 3561
822, 3520
826, 3432
830, 3523
834, 3479
838, 3420
842, 3249
846, 3424
850, 3275
854, 3385
858, 3376
862, 3393
866, 3374
870, 3375
874, 3354
878, 3358
882, 3381
886, 3278
890, 3183
894, 3260
898, 3239
902, 3075
906, 3219
910, 3121
914, 3255
918, 3128
922, 3134
926, 3046
930, 3160
934, 3197
938, 3234
942, 3125
946, 3071
950, 3147
954, 3122
958, 3295
962, 3162
966, 3177
970, 3250
974, 3333
978, 3257
982, 3254
986, 3250
990, 3149
994, 3302
998, 3140
1002, 3243
1006, 3197
1010, 3177
1014, 3152
1018, 3091
1022, 3099
1026, 2979
1030, 3114
1034, 3088
1038, 3040
1042, 3078
1046, 2994
1050, 3003
1054, 2982
1058, 3005
1062, 2924
1066, 3024
1070, 2936
1074, 2992
1078, 2861
1082, 2947
1086, 2863
1090, 2780
1094, 2799
1098, 2740
1102, 2825
1106, 2758
1110, 2814
1114, 2725
1118, 2690
1122, 2608
1126, 2683
1130, 2644
1134, 2612
1138, 2619
1142, 2525
1146, 2566
1150, 2522
1154, 2424
1158, 2571
1162, 2521
1166, 2560
1170, 2459
1174, 2402
1178, 2480
1182, 2316
1186, 2468
1190, 2356
1194, 2255
1198, 2376
1202, 2470
1206, 2326
1210, 2353
1214, 2382
1218, 2380
1222, 2320
1226, 2290
1230, 2359
1234, 2312
1238, 2408
1242, 2306
1246, 2345
1250, 2353
1254, 2292
1258, 2224
1262, 2326
1266, 2275
1270, 2223
1274, 2269
1278, 2250
1282, 2280
1286, 2174
1290, 2257
1294, 2285
1298, 2411
1302, 2317
1306, 2199
1310, 2201
1314, 2277
1318, 2123
1322, 2085
1326, 2174
1330, 2161
1334, 2187
1338, 2107
1342, 2148
1346, 2149
1350, 2134
1354, 2052
1358, 2041
1362, 2061
1366, 2013
1370, 2040
1374, 1998
1378, 1951
1382, 2000
1386, 2044
1390, 2019
1394, 1993
1398, 2018
1402, 2039
1406, 2054
1410, 1974
1414, 1953
1418, 1992
1422, 1940
1426, 1954
1430, 1928
1434, 1985
1438, 1902
1442, 1947
1446, 1893
1450, 1885
1454, 1809
1458, 1942
1462, 1769
1466, 1918
1470, 1895
1474, 1880
1478, 1938
1482, 1792
1486, 1922
1490, 1929
1494, 1745
1498, 1849
1502, 1832
1506, 1783
1510, 1877
1514, 1828
1518, 1821
1522, 1724
1526, 1831
1530, 1823
1534, 1702
1538, 1823
1542, 1783
1546, 1763
1550, 1822
1554, 1793
1558, 1795
1562, 1792
1566, 1714
1570, 1785
1574, 1687
1578, 1779
1582, 1622
1586, 1693
1590, 1710
1594, 1715
1598, 1884
1602, 1840
1606, 1712
1610, 1793
1614, 1762
1618, 1727
1622, 1644
1626, 1733
1630, 1665
1634, 1623
1638, 1680
1642, 1664
1646, 1681
1650, 1629
1654, 1665
1658, 1578
1662, 1644
1666, 1628
1670, 1695
1674, 1606
1678, 1619
1682, 1658
1686, 1666
1690, 1589
1694, 1600
1698, 1606
1702, 1605
1706, 1665
1710, 1542
1714, 1557
1718, 1510
1722, 1525
1726, 1567
1730, 1660
1734, 1594
1738, 1611
1742, 1584
1746, 1592
1750, 1618
1754, 1498
1758, 1579
1762, 1585
1766, 1579
1770, 1605
1774, 1564
1778, 1596
1782, 1580
1786, 1552
1790, 1598
1794, 1598
1798, 1517
1802, 1594
1806, 1541
1810, 1512
1814, 1555
1818, 1569
1822, 1563
1826, 1656
1830, 1579
1834, 1575
1838, 1526
1842, 1570
1846, 1591
1850, 1522
1854, 1655
1858, 1582
1862, 1555
1866, 1562
1870, 1524
1874, 1534
1878, 1570
1882, 1541
1886, 1487
1890, 1564
1894, 1573
1898, 1502
1902, 1673
1906, 1739
1910, 1717
1914, 1649
1918, 1589
1922, 1545
1926, 1614
1930, 1617
1934, 1592
1938, 1570
1942, 1540
1946, 1492
1950, 1504
1954, 1595
1958, 1556
1962, 1548
1966, 1536
1970, 1521
1974, 1488
1978, 1529
1982, 1549
1986, 1459
1990, 1563
1994, 1485
1998, 1527
2002, 1599
2006, 1566
2010, 1539
2014, 1665
2018, 1511
2022, 1538
2026, 1589
2030, 1487
2034, 1533
2038, 1614
2042, 1557
2046, 1544
2050, 1519
2054, 1582
2058, 1559
2062, 1567
2066, 1562
2070, 1561
2074, 1548
2078, 1631
2082, 1543
2086, 1507
2090, 1566
2094, 1613
2098, 1565
2102, 1527
2106, 1460
2110, 1549
2114, 1553
2118, 1579
2122, 1555
2126, 1519
2130, 1501
2134, 1557
2138, 1447
2142, 1484
2146, 1537
2150, 1568
2154, 1535
2158, 1512
2162, 1524
2166, 1529
2170, 1522
2174, 1443
2178, 1504
2182, 1484
2186, 1358
2190, 1399
2194, 1392
2198, 1413
2202, 1431
2206, 1406
2210, 1330
2214, 1320
2218, 1233
2222, 1280
2226, 1271
2230, 1220
2234, 1290
2238, 1206
2242, 1159
2246, 1214
2250, 1170
2254, 1192
2258, 1208
2262, 1115
2266, 1125
2270, 1120
2274, 1115
2278, 1081
2282, 1150
2286, 1053
2290, 1060
2294, 1114
2298, 1084
2302, 1138
2306, 1027
2310, 1055
2314, 1008
2318, 1082
2322, 1069
2326, 1010
2330, 1021
2334, 1075
2338, 1043
2342, 1009
2346, 984
2350, 987
2354, 965
2358, 994
2362, 981
2366, 957
2370, 1014
2374, 977
2378, 973
2382, 958
2386, 920
2390, 922
2394, 953
2398, 954
2402, 951
2406, 924
2410, 934
2414, 937
2418, 894
2422, 912
2426, 896
2430, 856
2434, 907
2438, 895
2442, 900
2446, 853
2450, 924
2454, 839
2458, 817
2462, 861
2466, 835
2470, 852
2474, 833
2478, 845
2482, 783
2486, 805
2490, 842
2494, 797
2498, 834
2502, 842
2506, 815
2510, 831
2514, 824
2518, 747
2522, 805
2526, 774
2530, 720
2534, 809
2538, 759
2542, 772
2546, 755
2550, 778
2554, 774
2558, 743
2562, 731
2566, 698
2570, 688
2574, 711
2578, 702
2582, 702
2586, 763
2590, 697
2594, 711
2598, 681
2602, 694
2606, 635
2610, 665
2614, 681
2618, 643
2622, 659
2626, 653
2630, 611
2634, 662
2638, 635
2642, 609
2646, 650
2650, 681
2654, 679
2658, 684
2662, 623
2666, 639
2670, 604
2674, 578
2678, 632
2682, 616
2686, 594
2690, 590
2694, 584
2698, 559
2702, 589
2706, 586
2710, 604
2714, 578
2718, 597
2722, 584
2726, 593
2730, 557
2734, 569
2738, 565
2742, 585
2746, 600
2750, 596
2754, 727
2758, 755
2762, 885
2766, 1048
2770, 1224
2774, 1159
2778, 1001
2782, 894
2786, 782
2790, 702
2794, 613
2798, 596
2802, 572
2806, 549
2810, 536
2814, 531
2818, 528
2822, 522
2826, 519
2830, 504
2834, 468
2838, 466
2842, 519
2846, 501
2850, 489
2854, 461
2858, 481
2862, 520
2866, 459
2870, 499
2874, 506
2878, 499
2882, 472
2886, 502
2890, 477
2894, 450
2898, 463
2902, 505
2906, 418
2910, 455
2914, 464
2918, 518
2922, 483
2926, 443
2930, 432
2934, 478
2938, 432
2942, 476
2946, 441
2950, 482
2954, 442
2958, 460
2962, 465
2966, 439
2970, 450
2974, 407
2978, 423
2982, 462
2986, 434
2990, 424
2994, 433
2998, 437
3002, 460
3006, 420
3010, 464
3014, 423
3018, 429
3022, 439
3026, 469
3030, 418
3034, 423
3038, 471
3042, 512
3046, 642
3050, 762
3054, 1248
3058, 2440
3062, 3795
3066, 3598
3070, 2465
3074, 1533
3078, 1266
3082, 1121
3086, 840
3090, 540
3094, 464
3098, 386
3102, 390
3106, 395
3110, 346
3114, 371
3118, 374
3122, 403
3126, 379
3130, 406
3134, 423
3138, 390
3142, 446
3146, 452
3150, 592
3154, 949
3158, 1374
3162, 1822
3166, 2906
3170, 6864
3174, 14970
3178, 20555
3182, 17106
3186, 9718
3190, 6107
3194, 4906
3198, 3997
3202, 2261
3206, 872
3210, 431
3214, 345
3218, 347
3222, 349
3226, 297
3230, 312
3234, 307
3238, 295
3242, 318
3246, 297
3250, 289
3254, 329
3258, 308
3262, 270
3266, 287
3270, 297
3274, 301
3278, 289
3282, 281
3286, 309
3290, 325
3294, 331
3298, 394
3302, 475
3306, 471
3310, 414
3314, 368
3318, 311
3322, 345
3326, 283
3330, 297
3334, 284
3338, 261
3342, 290
3346, 279
3350, 272
3354, 282
3358, 276
3362, 292
3366, 274
3370, 270
3374, 266
3378, 265
3382, 280
3386, 262
3390, 274
3394, 262
3398, 276
3402, 263
3406, 287
3410, 265
3414, 265
3418, 247
3422, 234
3426, 289
3430, 277
3434, 258
3438, 252
3442, 258
3446, 241
3450, 247
3454, 242
3458, 274
3462, 293
3466, 240
3470, 283
3474, 246
3478, 294
3482, 265
3486, 285
3490, 247
3494, 243
3498, 281
3502, 275
3506, 262
3510, 270
3514, 291
3518, 233
3522, 270
3526, 293
3530, 238
3534, 260
3538, 269
3542, 280
3546, 253
3550, 268
3554, 281
3558, 287
3562, 226
3566, 271
3570, 296
3574, 271
3578, 271
3582, 259
3586, 298
3590, 299
3594, 252
3598, 221
3602, 269
3606, 236
3610, 242
3614, 243
3618, 256
3622, 284
3626, 244
3630, 251
3634, 268
3638, 235
3642, 266
3646, 254
3650, 266
3654, 258
3658, 234
3662, 243
3666, 232
3670, 238
3674, 254
3678, 257
3682, 227
3686, 272
3690, 255
3694, 283
3698, 243
3702, 256
3706, 263
3710, 245
3714, 244
3718, 257
3722, 240
3726, 273
3730, 237
3734, 218
3738, 232
3742, 233
3746, 224
3750, 235
3754, 249
3758, 271
3762, 242
3766, 227
3770, 261
3774, 246
3778, 259
3782, 267
3786, 264
3790, 250
3794, 210
3798, 201
3802, 254
3806, 244
3810, 245
3814, 247
3818, 231
3822, 253
3826, 251
3830, 270
3834, 271
3838, 275
3842, 232
3846, 216
3850, 187
3854, 220
3858, 212
3862, 216
3866, 244
3870, 217
3874, 261
3878, 249
3882, 225
3886, 231
3890, 250
3894, 236
3898, 257
3902, 250
3906, 241
3910, 226
3914, 222
3918, 260
3922, 245
3926, 231
3930, 238
3934, 220
3938, 245
3942, 237
3946, 247
3950, 274
3954, 214
3958, 246
3962, 233
3966, 244
3970, 213
3974, 220
3978, 233
3982, 229
3986, 206
3990, 211
3994, 232
3998, 236
4002, 229
4006, 223
4010, 240
4014, 229
4018, 219
4022, 219
4026, 230
4030, 212
4034, 227
4038, 254
4042, 220
4046, 247
4050, 250
4054, 210
4058, 205
4062, 213
4066, 204
4070, 224
4074, 221
4078, 215
4082, 201
4086, 219
4090, 206
4094, 236
4098, 210
4102, 200
4106, 226
4110, 193
4114, 236
4118, 206
4122, 206
4126, 188
4130, 198
4134, 194
4138, 209
4142, 223
4146, 231
4150, 226
4154, 239
4158, 237
4162, 243
4166, 255
4170, 222
4174, 210
4178, 229
4182, 218
4186, 257
4190, 212
4194, 211
4198, 232
4202, 213
4206, 228
4210, 195
4214, 226
4218, 199
4222, 203
4226, 230
4230, 205
4234, 220
4238, 225
4242, 230
4246, 205
4250, 214
4254, 201
4258, 245
4262, 256
4266, 201
4270, 198
4274, 224
4278, 239
4282, 203
4286, 202
4290, 210
4294, 233
4298, 202
4302, 201
4306, 221
4310, 189
4314, 239
4318, 221
4322, 196
4326, 208
4330, 200
4334, 222
4338, 217
4342, 199
4346, 171
4350, 200
4354, 187
4358, 238
4362, 175
4366, 221
4370, 205
4374, 241
4378, 214
4382, 232
4386, 210
4390, 192
4394, 177
4398, 208
4402, 218
4406, 196
4410, 197
4414, 181
4418, 216
4422, 223
4426, 175
4430, 176
4434, 196
4438, 186
4442, 208
4446, 214
4450, 196
4454, 217
4458, 192
4462, 183
4466, 228
4470, 183
4474, 197
4478, 199
4482, 190
4486, 200
4490, 209
4494, 175
4498, 200
4502, 223
4506, 174
4510, 193
4514, 192
4518, 206
4522, 206
4526, 189
4530, 196
4534, 201
4538, 214
4542, 219
4546, 197
4550, 199
4554, 197
4558, 216
4562, 173
4566, 195
4570, 202
4574, 164
4578, 208
4582, 216
4586, 188
4590, 178
4594, 162
4598, 203
4602, 216
4606, 175
4610, 203
4614, 205
4618, 212
4622, 197
4626, 166
4630, 192
4634, 224
4638, 175
4642, 196
4646, 193
4650, 184
4654, 209
4658, 211
4662, 185
4666, 236
4670, 202
4674, 241
4678, 225
4682, 178
4686, 205
4690, 196
4694, 211
4698, 189
4702, 194
4706, 198
4710, 195
4714, 194
4718, 194
4722, 195
4726, 181
4730, 162
4734, 181
4738, 181
4742, 186
4746, 167
4750, 199
4754, 182
4758, 185
4762, 164
4766, 171
4770, 164
4774, 205
4778, 192
4782, 197
4786, 183
4790, 182
4794, 187
4798, 168
4802, 198
4806, 165
4810, 194
4814, 180
4818, 211
4822, 188
4826, 181
4830, 173
4834, 207
4838, 196
4842, 205
4846, 197
4850, 177
4854, 187
4858, 197
4862, 181
4866, 159
4870, 174
4874, 187
4878, 192
4882, 154
4886, 177
4890, 179
4894, 173
4898, 179
4902, 170
4906, 166
4910, 181
4914, 195
4918, 198
4922, 188
4926, 172
4930, 172
4934, 218
4938, 201
4942, 212
4946, 228
4950, 204
4954, 195
4958, 176
4962, 209
4966, 185
4970, 187
4974, 157
4978, 168
4982, 176
4986, 179
4990, 207
4994, 171
4998, 181
5002, 172
5006, 176
5010, 184
5014, 207
5018, 173
5022, 179
5026, 170
5030, 181
5034, 180
5038, 194
5042, 173
5046, 176
5050, 165
5054, 213
5058, 161
5062, 183
5066, 194
5070, 158
5074, 189
5078, 175
5082, 161
5086, 165
5090, 189
5094, 175
5098, 204
5102, 148
5106, 148
5110, 160
5114, 166
5118, 157
5122, 177
5126, 172
5130, 172
5134, 200
5138, 170
5142, 179
5146, 161
5150, 158
5154, 178
5158, 182
5162, 186
5166, 171
5170, 159
5174, 177
5178, 187
5182, 167
5186, 186
5190, 190
5194, 178
5198, 156
5202, 166
5206, 159
5210, 174
5214, 204
5218, 179
5222, 187
5226, 212
5230, 210
5234, 183
5238, 186
5242, 162
5246, 181
5250, 201
5254, 192
5258, 203
5262, 180
5266, 169
5270, 187
5274, 164
5278, 137
5282, 175
5286, 191
5290, 185
5294, 174
5298, 192
5302, 200
5306, 165
5310, 167
5314, 174
5318, 198
5322, 179
5326, 183
5330, 173
5334, 155
5338, 164
5342, 163
5346, 159
5350, 181
5354, 168
5358, 212
5362, 213
5366, 319
5370, 444
5374, 588
5378, 597
5382, 532
5386, 360
5390, 291
5394, 263
5398, 251
5402, 237
5406, 166
5410, 212
5414, 184
5418, 157
5422, 195
5426, 195
5430, 170
5434, 180
5438, 205
5442, 151
5446, 169
5450, 175
5454, 183
5458, 146
5462, 184
5466, 174
5470, 206
5474, 155
5478, 173
5482, 194
5486, 158
5490, 171
5494, 176
5498, 160
5502, 167
5506, 182
5510, 149
5514, 177
5518, 155
5522, 167
5526, 155
5530, 179
5534, 177
5538, 157
5542, 192
5546, 168
5550, 174
5554, 195
5558, 181
5562, 169
5566, 178
5570, 171
5574, 175
5578, 167
5582, 144
5586, 163
5590, 156
5594, 173
5598, 158
5602, 158
5606, 160
5610, 149
5614, 161
5618, 158
5622, 186
5626, 170
5630, 194
5634, 199
5638, 185
5642, 174
5646, 138
5650, 180
5654, 172
5658, 162
5662, 160
5666, 165
5670, 157
5674, 166
5678, 155
5682, 163
5686, 166
5690, 173
5694, 165
5698, 158
5702, 162
5706, 164
5710, 161
5714, 141
5718, 174
5722, 163
5726, 169
5730, 160
5734, 171
5738, 193
5742, 153
5746, 166
5750, 164
5754, 175
5758, 168
5762, 167
5766, 183
5770, 152
5774, 186
5778, 163
5782, 167
5786, 179
5790, 200
5794, 162
5798, 154
5802, 164
5806, 161
5810, 162
5814, 168
5818, 190
5822, 149
5826, 171
5830, 148
5834, 168
5838, 165
5842, 169
5846, 153
5850, 160
5854, 179
5858, 176
5862, 157
5866, 178
5870, 147
5874, 153
5878, 171
5882, 162
5886, 187
5890, 151
5894, 192
5898, 154
5902, 152
5906, 156
5910, 164
5914, 161
5918, 143
5922, 163
5926, 177
5930, 160
5934, 143
5938, 147
5942, 176
5946, 162
5950, 150
5954, 185
5958, 164
5962, 174
5966, 135
5970, 172
5974, 168
5978, 154
5982, 195
5986, 166
5990, 151
5994, 182
5998, 173
6002, 183
6006, 153
6010, 142
6014, 149
6018, 153
6022, 172
6026, 150
6030, 157
6034, 172
6038, 168
6042, 151
6046, 156
6050, 165
6054, 176
6058, 177
6062, 175
6066, 197
6070, 173
6074, 204
6078, 233
6082, 241
6086, 210
6090, 173
6094, 168
6098, 158
6102, 165
6106, 192
6110, 160
6114, 154
6118, 167
6122, 163
6126, 142
6130, 169
6134, 135
6138, 129
6142, 163
6146, 167
6150, 157
6154, 149
6158, 127
6162, 157
6166, 162
6170, 147
6174, 154
6178, 147
6182, 151
6186, 145
6190, 162
6194, 149
6198, 153
6202, 175
6206, 152
6210, 136
6214, 159
6218, 145
6222, 160
6226, 148
6230, 150
6234, 136
6238, 165
6242, 143
6246, 151
6250, 167
6254, 145
6258, 164
6262, 169
6266, 156
6270, 168
6274, 150
6278, 179
6282, 171
6286, 163
6290, 161
6294, 174
6298, 163
6302, 165
6306, 161
6310, 144
6314, 155
6318, 154
6322, 158
6326, 160
6330, 171
6334, 178
6338, 167
6342, 161
6346, 175
6350, 154
6354, 145
6358, 147
6362, 150
6366, 144
6370, 148
6374, 145
6378, 129
6382, 167
6386, 164
6390, 175
6394, 156
6398, 168
6402, 137
6406, 156
6410, 159
6414, 153
6418, 163
6422, 165
6426, 149
6430, 136
6434, 152
6438, 149
6442, 140
6446, 160
6450, 164
6454, 136
6458, 164
6462, 171
6466, 145
6470, 157
6474, 145
6478, 144
6482, 132
6486, 165
6490, 148
6494, 147
6498, 134
6502, 147
6506, 155
6510, 160
6514, 144
6518, 144
6522, 139
6526, 139
6530, 155
6534, 142
6538, 156
6542, 142
6546, 174
6550, 142
6554, 144
6558, 153
6562, 144
6566, 158
6570, 142
6574, 165
6578, 177
6582, 164
6586, 151
6590, 153
6594, 142
6598, 155
6602, 149
6606, 152
6610, 150
6614, 146
6618, 148
6622, 171
6626, 144
6630, 161
6634, 167
6638, 152
6642, 152
6646, 142
6650, 161
6654, 155
6658, 135
6662, 154
6666, 147
6670, 150
6674, 148
6678, 139
6682, 150
6686, 166
6690, 149
6694, 141
6698, 134
6702, 160
6706, 158
6710, 147
6714, 169
6718, 172
6722, 187
6726, 162
6730, 158
6734, 168
6738, 153
6742, 180
6746, 168
6750, 164
6754, 143
6758, 159
6762, 155
6766, 149
6770, 162
6774, 151
6778, 132
6782, 172
6786, 138
6790, 158
6794, 146
6798, 145
6802, 146
6806, 166
6810, 174
6814, 139
6818, 128
6822, 165
6826, 119
6830, 159
6834, 162
6838, 175
6842, 156
6846, 149
6850, 159
6854, 153
6858, 132
6862, 146
6866, 146
6870, 157
6874, 151
6878, 141
6882, 151
6886, 146
6890, 149
6894, 138
6898, 162
6902, 147
6906, 143
6910, 163
6914, 126
6918, 145
6922, 159
6926, 132
6930, 172
6934, 161
6938, 165
6942, 154
6946, 150
6950, 166
6954, 170
6958, 158
6962, 157
6966, 160
6970, 165
6974, 148
6978, 154
6982, 160
6986, 151
6990, 175
6994, 150
6998, 131
7002, 141
7006, 143
7010, 153
7014, 158
7018, 164
7022, 186
7026, 248
7030, 307
7034, 336
7038, 326
7042, 276
7046, 212
7050, 184
7054, 181
7058, 175
7062, 167
7066, 144
7070, 143
7074, 155
7078, 136
7082, 144
7086, 147
7090, 146
7094, 161
7098, 148
7102, 163
7106, 147
7110, 157
7114, 143
7118, 161
7122, 190
7126, 159
7130, 159
7134, 145
7138, 147
7142, 140
7146, 142
7150, 153
7154, 165
7158, 170
7162, 146
7166, 156
7170, 178
7174, 153
7178, 158
7182, 141
7186, 152
7190, 158
7194, 134
7198, 146
7202, 159
7206, 159
7210, 161
7214, 188
7218, 175
7222, 148
7226, 164
7230, 144
7234, 171
7238, 171
7242, 153
7246, 144
7250, 139
7254, 156
7258, 155
7262, 139
7266, 156
7270, 155
7274, 158
7278, 185
7282, 163
7286, 134
7290, 139
7294, 155
7298, 145
7302, 153
7306, 138
7310, 154
7314, 146
7318, 163
7322, 143
7326, 161
7330, 144
7334, 132
7338, 139
7342, 166
7346, 143
7350, 144
7354, 147
7358, 143
7362, 152
7366, 139
7370, 155
7374, 149
7378, 152
7382, 139
7386, 163
7390, 139
7394, 130
7398, 145
7402, 134
7406, 166
7410, 150
7414, 169
7418, 135
7422, 146
7426, 146
7430, 123
7434, 165
7438, 158
7442, 160
7446, 177
7450, 162
7454, 153
7458, 145
7462, 150
7466, 149
7470, 141
7474, 169
7478, 178
7482, 141
7486, 145
7490, 168
7494, 146
7498, 143
7502, 164
7506, 146
7510, 153
7514, 124
7518, 176
7522, 148
7526, 156
7530, 144
7534, 141
7538, 138
7542, 161
7546, 167
7550, 143
7554, 147
7558, 129
7562, 176
7566, 157
7570, 125
7574, 148
7578, 175
7582, 152
7586, 156
7590, 155
7594, 130
7598, 173
7602, 158
7606, 170
7610, 137
7614, 147
7618, 151
7622, 147
7626, 163
7630, 140
7634, 158
7638, 165
7642, 145
7646, 159
7650, 136
7654, 157
7658, 166
7662, 152
7666, 171
7670, 145
7674, 144
7678, 152
7682, 144
7686, 183
7690, 147
7694, 151
7698, 149
7702, 166
7706, 136
7710, 144
7714, 135
7718, 146
7722, 155
7726, 139
7730, 149
7734, 147
7738, 147
7742, 147
7746, 139
7750, 153
7754, 166
7758, 144
7762, 153
7766, 153
7770, 152
7774, 158
7778, 139
7782, 149
7786, 168
7790, 134
7794, 160
7798, 152
7802, 145
7806, 163
7810, 118
7814, 145
7818, 146
7822, 174
7826, 165
7830, 158
7834, 161
7838, 171
7842, 155
7846, 160
7850, 149
7854, 169
7858, 162
7862, 143
7866, 147
7870, 135
7874, 158
7878, 144
7882, 135
7886, 154
7890, 150
7894, 152
7898, 162
7902, 161
7906, 189
7910, 209
7914, 221
7918, 303
7922, 347
7926, 326
7930, 266
7934, 238
7938, 200
7942, 173
7946, 160
7950, 166
7954, 141
7958, 142
7962, 155
7966, 148
7970, 152
7974, 160
7978, 144
7982, 146
7986, 148
7990, 175
7994, 146
7998, 176
8002, 193
8006, 164
8010, 172
8014, 163
8018, 150
8022, 169
8026, 162
8030, 153
8034, 157
8038, 156
8042, 172
8046, 168
8050, 177
8054, 162
8058, 143
8062, 148
8066, 163
8070, 159
8074, 168
8078, 167
8082, 178
8086, 152
8090, 176
8094, 137
8098, 174
8102, 137
8106, 162
8110, 175
8114, 170
8118, 176
8122, 172
8126, 196
8130, 215
8134, 249
8138, 332
8142, 434
8146, 463
8150, 536
8154, 445
8158, 387
8162, 267
8166, 269
8170, 230
8174, 222
8178, 206
8182, 168
8186, 177
8190, 179
8194, 173
8198, 168
8202, 154
8206, 183
8210, 154
8214, 172
8218, 177
8222, 189
8226, 169
8230, 148
8234, 142
8238, 161
8242, 155
8246, 159
8250, 142
8254, 169
8258, 139
8262, 176
8266, 179
8270, 183
8274, 179
8278, 154
8282, 177
8286, 166
8290, 165
8294, 140
8298, 160
8302, 154
8306, 176
8310, 157
8314, 153
8318, 169
8322, 198
8326, 166
8330, 161
8334, 149
8338, 188
8342, 166
8346, 142
8350, 186
8354, 161
8358, 177
8362, 185
8366, 176
8370, 140
8374, 161
8378, 168
8382, 154
8386, 162
8390, 175
8394, 171
8398, 199
8402, 159
8406, 165
8410, 172
8414, 174
8418, 174
8422, 177
8426, 182
8430, 177
8434, 203
8438, 245
8442, 229
8446, 220
8450, 188
8454, 189
8458, 167
8462, 165
8466, 161
8470, 172
8474, 200
8478, 191
8482, 172
8486, 165
8490, 184
8494, 172
8498, 180
8502, 194
8506, 191
8510, 160
8514, 157
8518, 180
8522, 175
8526, 168
8530, 196
8534, 164
8538, 180
8542, 190
8546, 178
8550, 189
8554, 198
8558, 152
8562, 213
8566, 165
8570, 165
8574, 182
8578, 195
8582, 199
8586, 182
8590, 161
8594, 184
8598, 205
8602, 200
8606, 203
8610, 209
8614, 195
8618, 202
8622, 183
8626, 182
8630, 175
8634, 186
8638, 181
8642, 190
8646, 160
8650, 187
8654, 178
8658, 181
8662, 173
8666, 186
8670, 194
8674, 185
8678, 202
8682, 184
8686, 189
8690, 179
8694, 169
8698, 196
8702, 181
8706, 163
8710, 175
8714, 199
8718, 195
8722, 202
8726, 187
8730, 187
8734, 185
8738, 162
8742, 203
8746, 211
8750, 173
8754, 209
8758, 196
8762, 181
8766, 188
8770, 186
8774, 196
8778, 192
8782, 182
8786, 190
8790, 185
8794, 191
8798, 181
8802, 188
8806, 169
8810, 171
8814, 211
8818, 199
8822, 216
8826, 192
8830, 198
8834, 202
8838, 205
8842, 209
8846, 197
8850, 206
8854, 216
8858, 222
8862, 197
8866, 198
8870, 217
8874, 184
8878, 203
8882, 183
8886, 217
8890, 222
8894, 215
8898, 191
8902, 208
8906, 197
8910, 195
8914, 182
8918, 199
8922, 191
8926, 238
8930, 187
8934, 231
8938, 216
8942, 209
8946, 211
8950, 203
8954, 201
8958, 209
8962, 223
8966, 213
8970, 182
8974, 187
8978, 221
8982, 193
8986, 221
8990, 221
8994, 207
8998, 221
9002, 229
9006, 214
9010, 197
9014, 200
9018, 213
9022, 198
9026, 229
9030, 208
9034, 218
9038, 204
9042, 245
9046, 220
9050, 224
9054, 203
9058, 229
9062, 223
9066, 202
9070, 213
9074, 196
9078, 246
9082, 211
9086, 197
9090, 201
9094, 249
9098, 233
9102, 240
9106, 216
9110, 226
9114, 232
9118, 226
9122, 239
9126, 226
9130, 229
9134, 210
9138, 228
9142, 235
9146, 230
9150, 245
9154, 242
9158, 226
9162, 234
9166, 215
9170, 214
9174, 234
9178, 253
9182, 203
9186, 243
9190, 239
9194, 247
9198, 245
9202, 249
9206, 227
9210, 242
9214, 203
9218, 262
9222, 228
9226, 243
9230, 249
9234, 242
9238, 262
9242, 252
9246, 243
9250, 229
9254, 249
9258, 247
9262, 241
9266, 235
9270, 221
9274, 244
9278, 210
9282, 254
9286, 250
9290, 243
9294, 229
9298, 276
9302, 231
9306, 238
9310, 240
9314, 245
9318, 253
9322, 241
9326, 244
9330, 226
9334, 219
9338, 251
9342, 269
9346, 233
9350, 279
9354, 291
9358, 279
9362, 255
9366, 255
9370, 269
9374, 271
9378, 258
9382, 268
9386, 271
9390, 272
9394, 242
9398, 250
9402, 253
9406, 296
9410, 279
9414, 250
9418, 256
9422, 255
9426, 268
9430, 251
9434, 251
9438, 254
9442, 286
9446, 272
9450, 261
9454, 273
9458, 294
9462, 239
9466, 290
9470, 265
9474, 264
9478, 314
9482, 262
9486, 264
9490, 268
9494, 276
9498, 281
9502, 270
9506, 270
9510, 270
9514, 283
9518, 301
9522, 301
9526, 268
9530, 287
9534, 304
9538, 274
9542, 271
9546, 267
9550, 282
9554, 284
9558, 295
9562, 293
9566, 358
9570, 320
9574, 387
9578, 315
9582, 306
9586, 288
9590, 306
9594, 252
9598, 306
9602, 271
9606, 305
9610, 290
9614, 276
9618, 259
9622, 293
9626, 276
9630, 278
9634, 308
9638, 288
9642, 249
9646, 302
9650, 244
9654, 277
9658, 302
9662, 264
9666, 268
9670, 279
9674, 274
9678, 260
9682, 258
9686, 238
9690, 230
9694, 238
9698, 241
9702, 211
9706, 218
9710, 207
9714, 197
9718, 209
9722, 194
9726, 236
9730, 208
9734, 181
9738, 196
9742, 160
9746, 180
9750, 191
9754, 176
9758, 183
9762, 172
9766, 189
9770, 186
9774, 185
9778, 177
9782, 179
9786, 194
9790, 166
9794, 158
9798, 159
9802, 174
9806, 176
9810, 177
9814, 185
9818, 191
9822, 171
9826, 203
9830, 176
9834, 158
9838, 152
9842, 156
9846, 155
9850, 137
9854, 187
9858, 165
9862, 156
9866, 187
9870, 181
9874, 155
9878, 171
9882, 159
9886, 173
9890, 165
9894, 159
9898, 148
9902, 163
9906, 147
9910, 149
9914, 170
9918, 154
9922, 149
9926, 156
9930, 133
9934, 144
9938, 139
9942, 152
9946, 173
9950, 139
9954, 169
9958, 168
9962, 154
9966, 163
9970, 160
9974, 149
9978, 147
9982, 143
9986, 146
9990, 150
9994, 158
9998, 148
10002, 137
10006, 140
10010, 166
10014, 157
10018, 149
10022, 146
10026, 150
10030, 138
10034, 146
10038, 136
10042, 138
10046, 145
10050, 146
10054, 127
10058, 129
10062, 154
10066, 133
10070, 135
10074, 118
10078, 111
10082, 132
10086, 124
10090, 137
10094, 118
10098, 110
10102, 117
10106, 131
10110, 105
10114, 123
10118, 123
10122, 130
10126, 100
10130, 116
10134, 116
10138, 99
10142, 89
10146, 116
10150, 109
10154, 133
10158, 114
10162, 120
10166, 111
10170, 103
10174, 126
10178, 110
10182, 91
10186, 104
10190, 83
10194, 110
10198, 94
10202, 95
10206, 124
10210, 105
10214, 104
10218, 83
10222, 71
10226, 81
10230, 77
10234, 78
10238, 91
10242, 93
10246, 72
10250, 90
10254, 97
10258, 66
10262, 66
10266, 69
10270, 72
10274, 62
10278, 64
10282, 91
10286, 74
10290, 61
10294, 84
10298, 74
10302, 68
10306, 78
10310, 55
10314, 71
10318, 54
10322, 70
10326, 63
10330, 51
10334, 63
10338, 63
10342, 52
10346, 58
10350, 52
10354, 63
10358, 56
10362, 50
10366, 45
10370, 67
10374, 38
10378, 56
10382, 51
10386, 51
10390, 37
10394, 57
10398, 39
10402, 41
10406, 35
10410, 59
10414, 44
10418, 44
10422, 40
10426, 42
10430, 41
10434, 35
10438, 46
10442, 49
10446, 47
10450, 49
10454, 54
10458, 46
10462, 47
10466, 38
10470, 47
10474, 35
10478, 30
10482, 35
10486, 36
10490, 30
10494, 30
10498, 40
10502, 44
10506, 37
10510, 34
10514, 38
10518, 28
10522, 31
10526, 37
10530, 45
10534, 45
10538, 35
10542, 44
10546, 26
10550, 30
10554, 25
10558, 29
10562, 33
10566, 39
10570, 38
10574, 28
10578, 29
10582, 37
10586, 34
10590, 41
10594, 35
10598, 28
10602, 23
10606, 37
10610, 38
10614, 33
10618, 23
10622, 27
10626, 24
10630, 27
10634, 35
10638, 31
10642, 33
10646, 33
10650, 28
10654, 34
10658, 35
10662, 34
10666, 27
10670, 32
10674, 36
10678, 26
10682, 29
10686, 30
10690, 31
10694, 43
10698, 34
10702, 34
10706, 29
10710, 31
10714, 40
10718, 29
10722, 30
10726, 40
10730, 33
10734, 28
10738, 31
10742, 33
10746, 32
10750, 29
10754, 36
10758, 39
10762, 35
10766, 26
10770, 40
10774, 35
10778, 31
10782, 36
10786, 37
10790, 32
10794, 34
10798, 39
10802, 26
10806, 37
10810, 32
10814, 29
10818, 33
10822, 29
10826, 29
10830, 32
10834, 32
10838, 33
10842, 47
10846, 26
10850, 40
10854, 46
10858, 28
10862, 41
10866, 43
10870, 43
10874, 47
10878, 60
10882, 111
10886, 172
10890, 370
10894, 601
10898, 1111
10902, 2238
10906, 4175
10910, 6203
10914, 7362
10918, 6545
10922, 4403
10926, 2966
10930, 2054
10934, 1527
10938, 864
10942, 470
10946, 159
10950, 66
10954, 26
10958, 28
10962, 22
10966, 25
10970, 16
10974, 11
10978, 17
10982, 13
10986, 21
10990, 18
10994, 15
10998, 13
11002, 9
11006, 18
11010, 19
11014, 12
11018, 22
11022, 7
11026, 12
11030, 14
11034, 18
11038, 10
11042, 14
11046, 17
11050, 13
11054, 12
11058, 9
11062, 16
11066, 14
11070, 8
11074, 6
11078, 13
11082, 16
11086, 9
11090, 5
11094, 10
11098, 4
11102, 7
11106, 10
11110, 11
11114, 12
11118, 12
11122, 13
11126, 13
11130, 11
11134, 9
11138, 5
11142, 11
11146, 10
11150, 10
11154, 8
11158, 16
11162, 12
11166, 8
11170, 14
11174, 12
11178, 11
11182, 18
11186, 26
11190, 27
11194, 44
11198, 37
11202, 56
11206, 47
11210, 46
11214, 36
11218, 32
11222, 22
11226, 29
11230, 23
11234, 15
11238, 8
11242, 13
11246, 13
11250, 16
11254, 13
11258, 14
11262, 19
11266, 6
11270, 12
11274, 13
11278, 13
11282, 13
11286, 14
11290, 17
11294, 14
11298, 23
11302, 16
11306, 14
11310, 13
11314, 11
11318, 12
11322, 22
11326, 16
11330, 17
11334, 13
11338, 14
11342, 9
11346, 14
11350, 15
11354, 9
11358, 16
11362, 13
11366, 12
11370, 14
11374, 18
11378, 12
11382, 10
11386, 14
11390, 6
11394, 10
11398, 23
11402, 19
11406, 18
11410, 17
11414, 11
11418, 7
11422, 10
11426, 15
11430, 14
11434, 13
11438, 10
11442, 17
11446, 11
11450, 13
11454, 12
11458, 10
11462, 9
11466, 15
11470, 16
11474, 16
11478, 17
11482, 17
11486, 12
11490, 13
11494, 24
11498, 12
11502, 11
11506, 12
11510, 9
11514, 13
11518, 10
11522, 12
11526, 15
11530, 10
11534, 12
11538, 11
11542, 9
11546, 17
11550, 8
11554, 11
11558, 17
11562, 15
11566, 13
11570, 14
11574, 6
11578, 4
11582, 12
11586, 14
11590, 9
11594, 10
11598, 15
11602, 14
11606, 10
11610, 11
11614, 13
11618, 12
11622, 11
11626, 13
11630, 10
11634, 20
11638, 10
11642, 15
11646, 15
11650, 9
11654, 10
11658, 11
11662, 14
11666, 9
11670, 12
11674, 9
11678, 9
11682, 14
11686, 10
11690, 11
11694, 13
11698, 15
11702, 12
11706, 16
11710, 11
11714, 12
11718, 14
11722, 14
11726, 13
11730, 11
11734, 9
11738, 8
11742, 12
11746, 14
11750, 18
11754, 16
11758, 17
11762, 10
11766, 14
11770, 11
11774, 14
11778, 15
11782, 16
11786, 10
11790, 15
11794, 16
11798, 9
11802, 17
11806, 14
11810, 4
11814, 13
11818, 13
11822, 13
11826, 17
11830, 18
11834, 20
11838, 14
11842, 13
11846, 16
11850, 9
11854, 11
11858, 6
11862, 12
11866, 15
11870, 15
11874, 17
11878, 12
11882, 15
11886, 18
11890, 9
11894, 10
11898, 16
11902, 14
11906, 12
11910, 14
11914, 12
11918, 8
11922, 13
11926, 15
11930, 15
11934, 15
11938, 20
11942, 30
11946, 23
11950, 21
11954, 19
11958, 23
11962, 17
11966, 15
11970, 13
11974, 14
11978, 17
11982, 14
11986, 20
11990, 11
11994, 14
11998, 10
12002, 12
12006, 14
12010, 10
12014, 13
12018, 15
12022, 13
12026, 14
12030, 19
12034, 14
12038, 10
12042, 11
12046, 9
12050, 18
12054, 13
12058, 20
12062, 10
12066, 24
12070, 16
12074, 16
12078, 7
12082, 6
12086, 9
12090, 11
12094, 18
12098, 14
12102, 15
12106, 14
12110, 16
12114, 23
12118, 17
12122, 13
12126, 14
12130, 13
12134, 19
12138, 20
12142, 17
12146, 18
12150, 11
12154, 10
12158, 23
12162, 15
12166, 16
12170, 21
12174, 11
12178, 15
12182, 11
12186, 15
12190, 15
12194, 15
12198, 11
12202, 14
12206, 13
12210, 8
12214, 11
12218, 15
12222, 11
12226, 10
12230, 12
12234, 12
12238, 15
12242, 11
12246, 18
12250, 16
12254, 13
12258, 15
12262, 17
12266, 11
12270, 26
12274, 15
12278, 29
12282, 18
12286, 15
12290, 16
12294, 21
12298, 15
12302, 12
12306, 18
12310, 16
12314, 11
12318, 18
12322, 13
12326, 20
12330, 24
12334, 19
12338, 22
12342, 14
12346, 12
12350, 15
12354, 14
12358, 22
12362, 12
12366, 18
12370, 14
12374, 20
12378, 13
12382, 18
12386, 20
12390, 25
12394, 24
12398, 22
12402, 10
12406, 18
12410, 12
12414, 10
12418, 15
12422, 19
12426, 14
12430, 11
12434, 14
12438, 20
12442, 25
12446, 15
12450, 18
12454, 17
12458, 21
12462, 17
12466, 22
12470, 24
12474, 20
12478, 13
12482, 21
12486, 13
12490, 12
12494, 22
12498, 18
12502, 20
12506, 16
12510, 12
12514, 24
12518, 21
12522, 9
12526, 16
12530, 12
12534, 13
12538, 12
12542, 15
12546, 19
12550, 15
12554, 17
12558, 11
12562, 15
12566, 22
12570, 13
12574, 15
12578, 25
12582, 13
12586, 15
12590, 11
12594, 10
12598, 15
12602, 19
12606, 13
12610, 13
12614, 20
12618, 18
12622, 17
12626, 18
12630, 10
12634, 19
12638, 13
12642, 19
12646, 25
12650, 22
12654, 17
12658, 13
12662, 15
12666, 14
12670, 20
12674, 15
12678, 18
12682, 22
12686, 24
12690, 15
12694, 16
12698, 20
12702, 15
12706, 23
12710, 16
12714, 17
12718, 13
12722, 21
12726, 13
12730, 16
12734, 17
12738, 13
12742, 10
12746, 14
12750, 13
12754, 11
12758, 17
12762, 15
12766, 9
12770, 14
12774, 12
12778, 13
12782, 17
12786, 13
12790, 14
12794, 11
12798, 10
12802, 10
12806, 13
12810, 11
12814, 9
12818, 5
12822, 13
12826, 14
12830, 10
12834, 13
12838, 7
12842, 16
12846, 12
12850, 9
12854, 19
12858, 12
12862, 14
12866, 8
12870, 18
12874, 14
12878, 13
12882, 16
12886, 9
12890, 15
12894, 19
12898, 12
12902, 13
12906, 7
12910, 12
12914, 9
12918, 17
12922, 6
12926, 11
12930, 12
12934, 5
12938, 7
12942, 7
12946, 14
12950, 12
12954, 9
12958, 7
12962, 13
12966, 7
12970, 11
12974, 7
12978, 6
12982, 8
12986, 14
12990, 9
12994, 7
12998, 14
13002, 9
13006, 12
13010, 9
13014, 17
13018, 6
13022, 10
13026, 6
13030, 14
13034, 12
13038, 11
13042, 9
13046, 10
13050, 11
13054, 7
13058, 4
13062, 14
13066, 14
13070, 20
13074, 14
13078, 17
13082, 14
13086, 11
13090, 12
13094, 11
13098, 8
13102, 10
13106, 9
13110, 8
13114, 14
13118, 9
13122, 4
13126, 10
13130, 7
13134, 5
13138, 8
13142, 11
13146, 14
13150, 7
13154, 10
13158, 7
13162, 13
13166, 9
13170, 10
13174, 21
13178, 13
13182, 15
13186, 14
13190, 14
13194, 12
13198, 9
13202, 10
13206, 9
13210, 11
13214, 8
13218, 8
13222, 6
13226, 6
13230, 7
13234, 9
13238, 7
13242, 6
13246, 6
13250, 6
13254, 4
13258, 8
13262, 6
13266, 10
13270, 5
13274, 7
13278, 12
13282, 6
13286, 5
13290, 11
13294, 8
13298, 11
13302, 8
13306, 5
13310, 8
13314, 2
13318, 7
13322, 8
13326, 4
13330, 7
13334, 3
13338, 5
13342, 5
13346, 8
13350, 5
13354, 6
13358, 8
13362, 2
13366, 9
13370, 3
13374, 6
13378, 4
13382, 4
13386, 7
13390, 4
13394, 4
13398, 2
13402, 10
13406, 3
13410, 3
13414, 5
13418, 3
13422, 3
13426, 4
13430, 6
13434, 8
13438, 4
13442, 7
13446, 4
13450, 9
13454, 4
13458, 3
13462, 5
13466, 1
13470, 3
13474, 2
13478, 6
13482, 3
13486, 5
13490, 3
13494, 5
13498, 3
13502, 2
13506, 2
13510, 3
13514, 4
13518, 4
13522, 1
13526, 2
13530, 1
13534, 3
13538, 4
13542, 4
13546, 2
13550, 3
13554, 8
13558, 8
13562, 6
13566, 2
13570, 2
13574, 4
13578, 4
13582, 1
13586, 5
13590, 4
13594, 3
13598, 3
13602, 3
13606, 2
13610, 3
13614, 1
13618, 6
13622, 9
13626, 8
13630, 13
13634, 8
13638, 9
13642, 8
13646, 12
13650, 3
13654, 1
13658, 7
13662, 5
13666, 3
13670, 1
13674, 3
13678, 5
13682, 4
13686, 1
13690, 5
13694, 6
13698, 3
13702, 5
13706, 3
13710, 3
13714, 4
13718, 5
13722, 2
13726, 5
13730, 3
13734, 2
13738, 2
13742, 4
13746, 4
13750, 5
13754, 5
13758, 5
13762, 3
13766, 7
13770, 2
13774, 1
13786, 1
13790, 5
13794, 1
13798, 2
13802, 4
13810, 4
13818, 3
13822, 1
13826, 5
13830, 4
13834, 3
13838, 1
13842, 3
13846, 3
13854, 5
13858, 6
13862, 4
13866, 4
13870, 2
13874, 4
13878, 2
13882, 2
13886, 2
13890, 3
13894, 6
13898, 1
13902, 2
13906, 3
13910, 3
13914, 5
13918, 4
13922, 4
13926, 1
13930, 3
13934, 3
13938, 3
13942, 5
13946, 13
13950, 17
13954, 37
13958, 57
13962, 102
13966, 184
13970, 232
13974, 284
13978, 285
13982, 194
13986, 142
13990, 113
13994, 67
13998, 45
14002, 21
14006, 10
14010, 9
14014, 2
14018, 6
14022, 2
14026, 2
14030, 4
14034, 3
14038, 4
14042, 4
14046, 4
14050, 3
14054, 1
14058, 1
14062, 2
14066, 2
14070, 1
14074, 8
14078, 9
14082, 15
14086, 19
14090, 26
14094, 22
14098, 18
14102, 11
14106, 10
14110, 5
14114, 1
14118, 6
14122, 1
14126, 3
14130, 1
14134, 1
14138, 5
14142, 1
14146, 2
14150, 3
14154, 7
14158, 14
14162, 18
14166, 35
14170, 34
14174, 31
14178, 38
14182, 31
14186, 15
14190, 8
14194, 16
14198, 6
14202, 1
14210, 1
14214, 2
14218, 5
14230, 3
14234, 3
14238, 1
14242, 1
14246, 1
14250, 6
14254, 3
14258, 2
14262, 1
14266, 2
14270, 2
14286, 2
14290, 2
14298, 1
14302, 1
14306, 1
14310, 2
14318, 2
14322, 4
14326, 1
14330, 2
14334, 3
14338, 1
14342, 1
14350, 3
14358, 2
14366, 2
14370, 3
14374, 2
14378, 2
14382, 2
14386, 2
14390, 1
14398, 2
14410, 1
14414, 5
14418, 2
14422, 2
14430, 1
14434, 1
14438, 1
14446, 1
14450, 1
14462, 1
14466, 1
14470, 1
14478, 3
14482, 2
14486, 3
14490, 1
14498, 3
14502, 1
14506, 2
14510, 1
14514, 1
14518, 2
14522, 3
14526, 1
14530, 1
14534, 2
14538, 1
14550, 3
14554, 2
14558, 1
14562, 3
14566, 2
14578, 2
14582, 2
14586, 1
14590, 2
14594, 4
14598, 2
14602, 1
14606, 2
14610, 1
14614, 2
14630, 1
14634, 2
14638, 1
14650, 2
14654, 1
14658, 1
14662, 1
14666, 3
14670, 5
14674, 1
14678, 1
14682, 4
14690, 1
14694, 3
14702, 2
14706, 1
14710, 3
14714, 1
14734, 1
14742, 1
14746, 2
14750, 2
14754, 3
14762, 1
14770, 3
14774, 4
14778, 5
14782, 1
14786, 6
14790, 5
14794, 2
14798, 3
14810, 1
14814, 2
14818, 2
14822, 2
14826, 1
14830, 1
14834, 1
14850, 2
14854, 1
14858, 1
14862, 1
14874, 1
14882, 1
14890, 1
14894, 1
14898, 3
14906, 2
14910, 1
14914, 1
14930, 1
14934, 2
14938, 4
14942, 1
14946, 3
14950, 3
14954, 1
14958, 1
14962, 1
14974, 1
14982, 1
14990, 1
15002, 2
15010, 1
15014, 1
15018, 2
15022, 1
15030, 1
15034, 2
15042, 2
15050, 3
15058, 1
15066, 1
15070, 1
15074, 2
15078, 2
15082, 5
15086, 1
15090, 1
15098, 2
15102, 3
15106, 1
15114, 2
15122, 1
15126, 1
15134, 1
15142, 1
15146, 1
15154, 2
15166, 1
15170, 2
15174, 1
15194, 1
15198, 2
15202, 2
15214, 1
15218, 1
15226, 1
15230, 2
15238, 2
15242, 4
15250, 2
15262, 3
15266, 1
15274, 1
15282, 2
15286, 2
15302, 1
15314, 1
15318, 1
15322, 2
15330, 1
15334, 1
15342, 1
15346, 2
15350, 1
15354, 1
15358, 2
15366, 1
15374, 1
15378, 2
15386, 2
15390, 1
15398, 2
15402, 2
15426, 1
15438, 2
15442, 4
15446, 1
15450, 2
15454, 3
15458, 5
15462, 2
15466, 4
15470, 5
15474, 4
15478, 7
15482, 8
15486, 10
15490, 7
15494, 7
15498, 6
15502, 1
15506, 1
15510, 2
15518, 1
15542, 1
15546, 1
15558, 2
15562, 2
15566, 2
15570, 1
15574, 3
15582, 1
15586, 2
15590, 6
15594, 6
15598, 8
15602, 11
15606, 3
15610, 4
15614, 6
15618, 4
15622, 4
15626, 1
15630, 2
15634, 1
15666, 1
15674, 3
15678, 1
15694, 1
15698, 2
15702, 1
15726, 2
15742, 1
15750, 1
15754, 1
15758, 3
15762, 1
15770, 1
15774, 2
15786, 1
15790, 1
15798, 1
15802, 2
15814, 1
15822, 2
15826, 2
15834, 1
15838, 1
15842, 2
15846, 3
15854, 2
15858, 2
15862, 3
15870, 3
15874, 3
15878, 2
15882, 2
15886, 5
15922, 1
15926, 1
15946, 2
15950, 1
15958, 1
15962, 1
15982, 2
15986, 1
15990, 1
