2, 85506
6, 1730
10, 452
14, 160
18, 211
22, 336
26, 619
30, 1010
34, 1408
38, 1876
42, 2291
46, 2574
50, 2742
54, 2974
58, 3183
62, 3165
66, 3357
70, 3385
74, 3377
78, 3477
82, 3589
86, 3492
90, 3553
94, 3514
98, 3604
102, 3636
106, 3622
110, 3635
114, 3637
118, 3819
122, 3676
126, 3643
130, 3883
134, 3803
138, 3842
142, 3905
146, 3973
150, 3941
154, 4055
158, 3940
162, 4098
166, 4107
170, 3923
174, 4007
178, 4160
182, 4187
186, 4137
190, 4112
194, 4157
198, 4333
202, 4227
206, 4455
210, 4522
214, 4412
218, 4530
222, 4408
226, 4481
230, 4539
234, 4380
238, 4540
242, 4489
246, 4561
250, 4539
254, 4466
258, 4480
262, 4671
266, 4587
270, 4603
274, 4728
278, 4670
282, 4803
286, 4682
290, 4756
294, 4813
298, 4646
302, 4749
306, 4816
310, 4703
314, 4825
318, 4778
322, 4845
326, 4902
330, 4776
334, 4845
338, 4832
342, 4931
346, 5001
350, 4784
354, 4901
358, 4934
362, 4988
366, 4945
370, 5008
374, 4863
378, 5015
382, 5068
386, 5090
390, 4949
394, 5040
398, 5278
402, 5121
406, 5212
410, 5042
414, 5242
418, 5196
422, 5271
426, 5372
430, 5467
434, 5422
438, 5363
442, 5340
446, 5400
450, 5399
454, 5387
458, 5331
462, 5262
466, 5447
470, 5378
474, 5304
478, 5325
482, 5411
486, 5520
490, 5378
494, 5658
498, 5693
502, 5704
506, 5650
510, 5455
514, 5526
518, 5636
522, 5626
526, 5524
530, 5537
534, 5709
538, 5508
542, 5689
546, 5754
550, 5705
554, 5735
558, 5637
562, 5666
566, 5598
570, 5656
574, 5724
578, 5707
582, 5751
586, 5866
590, 5834
594, 5720
598, 6021
602, 5811
606, 5861
610, 5923
614, 5890
618, 6105
622, 5985
626, 5847
630, 6031
634, 6103
638, 5973
642, 6200
646, 6094
650, 6189
654, 6295
658, 6229
662, 6241
666, 6264
670, 6351
674, 6344
678, 6245
682, 6321
686, 6370
690, 6349
694, 6269
698, 6339
702, 6288
706, 6282
710, 6387
714, 6214
718, 6363
722, 6356
726, 6433
730, 6445
734, 6259
738, 6403
742, 6479
746, 6275
750, 6379
754, 6490
758, 6311
762, 6445
766, 6363
770, 6567
774, 6507
778, 6420
782, 6408
786, 6513
790, 6321
794, 6449
798, 6432
802, 6321
806, 6372
810, 6296
814, 6125
818, 6284
822, 6345
826, 6422
830, 6348
834, 6279
838, 6270
842, 6330
846, 6404
850, 6163
854, 6352
858, 6262
862, 6217
866, 6345
870, 6202
874, 6216
878, 6268
882, 6232
886, 6200
890, 6232
894, 6239
898, 6159
902, 6322
906, 6049
910, 6231
914, 6118
918, 6175
922, 6034
926, 6129
930, 6092
934, 6196
938, 6073
942, 6140
946, 6164
950, 6082
954, 6085
958, 6114
962, 6075
966, 5973
970, 6043
974, 6099
978, 6051
982, 6148
986, 6165
990, 6097
994, 6174
998, 6117
1002, 6207
1006, 6260
1010, 6283
1014, 6482
1018, 6388
1022, 6483
1026, 6691
1030, 6699
1034, 6960
1038, 6866
1042, 7100
1046, 6973
1050, 7174
1054, 7021
1058, 7194
1062, 7001
1066, 7121
1070, 7064
1074, 6850
1078, 7120
1082, 7027
1086, 6997
1090, 6741
1094, 6857
1098, 7003
1102, 6890
1106, 6860
1110, 6848
1114, 6727
1118, 6637
1122, 6660
1126, 6552
1130, 6588
1134, 6575
1138, 6538
1142, 6476
1146, 6566
1150, 6307
1154, 6397
1158, 6455
1162, 6303
1166, 6180
1170, 6164
1174, 6147
1178, 6091
1182, 6056
1186, 6106
1190, 6054
1194, 6097
1198, 5819
1202, 5732
1206, 5731
1210, 5837
1214, 5743
1218, 5743
1222, 5634
1226, 5658
1230, 5622
1234, 5544
1238, 5633
1242, 5469
1246, 5505
1250, 5548
1254, 5422
1258, 5439
1262, 5424
1266, 5309
1270, 5459
1274, 5253
1278, 5310
1282, 5384
1286, 5262
1290, 5163
1294, 5168
1298, 5325
1302, 5212
1306, 5226
1310, 5140
1314, 5187
1318, 5104
1322, 5206
1326, 5121
1330, 5383
1334, 5154
1338, 5279
1342, 5222
1346, 5167
1350, 5198
1354, 5283
1358, 5165
1362, 5043
1366, 5149
1370, 5104
1374, 5111
1378, 4973
1382, 5049
1386, 5024
1390, 4891
1394, 4948
1398, 4925
1402, 4903
1406, 4941
1410, 4816
1414, 4829
1418, 4988
1422, 4788
1426, 4852
1430, 4781
1434, 4732
1438, 4682
1442, 4700
1446, 4588
1450, 4678
1454, 4627
1458, 4597
1462, 4630
1466, 4579
1470, 4410
1474, 4478
1478, 4536
1482, 4459
1486, 4509
1490, 4502
1494, 4506
1498, 4359
1502, 4622
1506, 4414
1510, 4350
1514, 4285
1518, 4329
1522, 4246
1526, 4298
1530, 4247
1534, 4328
1538, 4339
1542, 4272
1546, 4190
1550, 4129
1554, 4189
1558, 4234
1562, 4115
1566, 4098
1570, 4079
1574, 4128
1578, 4080
1582, 4079
1586, 3940
1590, 4002
1594, 4036
1598, 4064
1602, 4026
1606, 4003
1610, 3875
1614, 3905
1618, 3998
1622, 3855
1626, 3922
1630, 3867
1634, 3760
1638, 3809
1642, 3751
1646, 3861
1650, 3836
1654, 3762
1658, 3917
1662, 3767
1666, 3902
1670, 3714
1674, 3787
1678, 3768
1682, 3793
1686, 3708
1690, 3718
1694, 3729
1698, 3729
1702, 3694
1706, 3723
1710, 3622
1714, 3688
1718, 3630
1722, 3645
1726, 3688
1730, 3720
1734, 3576
1738, 3707
1742, 3697
1746, 3610
1750, 3611
1754, 3630
1758, 3630
1762, 3568
1766, 3516
1770, 3612
1774, 3466
1778, 3453
1782, 3561
1786, 3467
1790, 3490
1794, 3525
1798, 3541
1802, 3525
1806, 3510
1810, 3423
1814, 3485
1818, 3538
1822, 3418
1826, 3475
1830, 3502
1834, 3520
1838, 3551
1842, 3451
1846, 3524
1850, 3374
1854, 3463
1858, 3416
1862, 3397
1866, 3477
1870, 3384
1874, 3486
1878, 3533
1882, 3410
1886, 3429
1890, 3399
1894, 3430
1898, 3387
1902, 3341
1906, 3475
1910, 3440
1914, 3456
1918, 3418
1922, 3485
1926, 3449
1930, 3450
1934, 3387
1938, 3363
1942, 3387
1946, 3429
1950, 3306
1954, 3451
1958, 3398
1962, 3369
1966, 3435
1970, 3385
1974, 3293
1978, 3431
1982, 3302
1986, 3408
1990, 3383
1994, 3368
1998, 3391
2002, 3446
2006, 3489
2010, 3376
2014, 3305
2018, 3446
2022, 3255
2026, 3459
2030, 3444
2034, 3390
2038, 3365
2042, 3358
2046, 3418
2050, 3355
2054, 3392
2058, 3363
2062, 3424
2066, 3252
2070, 3319
2074, 3418
2078, 3507
2082, 3358
2086, 3289
2090, 3473
2094, 3404
2098, 3541
2102, 3432
2106, 3380
2110, 3497
2114, 3476
2118, 3409
2122, 3452
2126, 3475
2130, 3446
2134, 3464
2138, 3488
2142, 3499
2146, 3382
2150, 3567
2154, 3511
2158, 3599
2162, 3495
2166, 3554
2170, 3446
2174, 3565
2178, 3624
2182, 3581
2186, 3566
2190, 3447
2194, 3573
2198, 3373
2202, 3528
2206, 3603
2210, 3591
2214, 3574
2218, 3657
2222, 3612
2226, 3508
2230, 3482
2234, 3628
2238, 3530
2242, 3574
2246, 3538
2250, 3484
2254, 3603
2258, 3533
2262, 3513
2266, 3441
2270, 3429
2274, 3456
2278, 3555
2282, 3501
2286, 3384
2290, 3471
2294, 3459
2298, 3356
2302, 3425
2306, 3476
2310, 3449
2314, 3295
2318, 3290
2322, 3426
2326, 3375
2330, 3328
2334, 3297
2338, 3190
2342, 3195
2346, 3105
2350, 3086
2354, 2856
2358, 3012
2362, 2839
2366, 2743
2370, 2668
2374, 2560
2378, 2454
2382, 2373
2386, 2480
2390, 2503
2394, 2269
2398, 2281
2402, 2248
2406, 2327
2410, 2168
2414, 2293
2418, 2218
2422, 2279
2426, 2184
2430, 2125
2434, 2145
2438, 2132
2442, 2150
2446, 2062
2450, 2085
2454, 2105
2458, 2071
2462, 2080
2466, 2022
2470, 2026
2474, 1917
2478, 1971
2482, 1963
2486, 1978
2490, 1857
2494, 1970
2498, 1886
2502, 1854
2506, 1843
2510, 1860
2514, 1918
2518, 1793
2522, 1824
2526, 1793
2530, 1801
2534, 1767
2538, 1828
2542, 1789
2546, 1681
2550, 1793
2554, 1761
2558, 1711
2562, 1734
2566, 1661
2570, 1716
2574, 1668
2578, 1662
2582, 1601
2586, 1570
2590, 1573
2594, 1647
2598, 1571
2602, 1585
2606, 1599
2610, 1609
2614, 1593
2618, 1549
2622, 1534
2626, 1515
2630, 1592
2634, 1475
2638, 1487
2642, 1483
2646, 1435
2650, 1478
2654, 1434
2658, 1374
2662, 1465
2666, 1466
2670, 1425
2674, 1434
2678, 1395
2682, 1451
2686, 1323
2690, 1396
2694, 1373
2698, 1348
2702, 1308
2706, 1333
2710, 1324
2714, 1276
2718, 1329
2722, 1225
2726, 1199
2730, 1274
2734, 1233
2738, 1257
2742, 1269
2746, 1166
2750, 1194
2754, 1251
2758, 1150
2762, 1231
2766, 1182
2770, 1182
2774, 1141
2778, 1139
2782, 1153
2786, 1108
2790, 1136
2794, 1114
2798, 1079
2802, 1121
2806, 1085
2810, 1093
2814, 1072
2818, 1099
2822, 1066
2826, 1039
2830, 1129
2834, 1040
2838, 1035
2842, 1080
2846, 1009
2850, 1024
2854, 1013
2858, 1028
2862, 992
2866, 976
2870, 1048
2874, 1015
2878, 1038
2882, 1007
2886, 979
2890, 982
2894, 933
2898, 972
2902, 985
2906, 1006
2910, 1050
2914, 961
2918, 999
2922, 964
2926, 1019
2930, 1095
2934, 1108
2938, 1261
2942, 1556
2946, 1882
2950, 2332
2954, 2555
2958, 2359
2962, 1986
2966, 1548
2970, 1173
2974, 1062
2978, 973
2982, 968
2986, 986
2990, 954
2994, 912
2998, 867
3002, 893
3006, 936
3010, 866
3014, 880
3018, 923
3022, 865
3026, 957
3030, 881
3034, 864
3038, 902
3042, 894
3046, 906
3050, 839
3054, 888
3058, 830
3062, 846
3066, 846
3070, 890
3074, 889
3078, 794
3082, 786
3086, 855
3090, 811
3094, 833
3098, 841
3102, 847
3106, 790
3110, 822
3114, 815
3118, 837
3122, 823
3126, 815
3130, 824
3134, 773
3138, 789
3142, 839
3146, 805
3150, 827
3154, 778
3158, 791
3162, 865
3166, 778
3170, 841
3174, 780
3178, 836
3182, 773
3186, 784
3190, 821
3194, 779
3198, 806
3202, 774
3206, 785
3210, 795
3214, 830
3218, 865
3222, 834
3226, 904
3230, 915
3234, 982
3238, 1033
3242, 1066
3246, 1342
3250, 1671
3254, 2784
3258, 5405
3262, 11075
3266, 15733
3270, 13160
3274, 6174
3278, 2370
3282, 1383
3286, 1140
3290, 1064
3294, 984
3298, 951
3302, 920
3306, 925
3310, 863
3314, 841
3318, 855
3322, 873
3326, 894
3330, 939
3334, 982
3338, 1171
3342, 1212
3346, 1463
3350, 1525
3354, 1795
3358, 1950
3362, 2329
3366, 3198
3370, 4688
3374, 7816
3378, 16493
3382, 37782
3386, 73312
3390, 87478
3394, 57525
3398, 21580
3402, 6814
3406, 3592
3410, 2713
3414, 2216
3418, 1899
3422, 1691
3426, 1574
3430, 1381
3434, 1142
3438, 954
3442, 938
3446, 845
3450, 898
3454, 940
3458, 898
3462, 898
3466, 902
3470, 842
3474, 889
3478, 863
3482, 875
3486, 841
3490, 848
3494, 877
3498, 827
3502, 812
3506, 710
3510, 688
3514, 606
3518, 616
3522, 574
3526, 543
3530, 552
3534, 503
3538, 499
3542, 482
3546, 468
3550, 455
3554, 481
3558, 456
3562, 495
3566, 444
3570, 452
3574, 501
3578, 439
3582, 470
3586, 489
3590, 453
3594, 443
3598, 453
3602, 398
3606, 448
3610, 418
3614, 419
3618, 469
3622, 424
3626, 460
3630, 399
3634, 460
3638, 453
3642, 429
3646, 439
3650, 406
3654, 429
3658, 423
3662, 428
3666, 430
3670, 413
3674, 486
3678, 430
3682, 441
3686, 434
3690, 386
3694, 405
3698, 440
3702, 424
3706, 426
3710, 431
3714, 419
3718, 425
3722, 422
3726, 423
3730, 417
3734, 407
3738, 410
3742, 440
3746, 451
3750, 424
3754, 452
3758, 417
3762, 427
3766, 422
3770, 428
3774, 409
3778, 397
3782, 430
3786, 434
3790, 407
3794, 390
3798, 432
3802, 411
3806, 450
3810, 420
3814, 433
3818, 435
3822, 393
3826, 397
3830, 408
3834, 384
3838, 418
3842, 401
3846, 389
3850, 370
3854, 417
3858, 420
3862, 396
3866, 412
3870, 434
3874, 410
3878, 429
3882, 415
3886, 404
3890, 445
3894, 417
3898, 415
3902, 448
3906, 415
3910, 431
3914, 417
3918, 446
3922, 402
3926, 435
3930, 421
3934, 456
3938, 435
3942, 414
3946, 394
3950, 376
3954, 409
3958, 401
3962, 396
3966, 390
3970, 379
3974, 370
3978, 423
3982, 388
3986, 408
3990, 428
3994, 371
3998, 423
4002, 435
4006, 407
4010, 397
4014, 432
4018, 412
4022, 399
4026, 412
4030, 436
4034, 422
4038, 373
4042, 411
4046, 391
4050, 376
4054, 392
4058, 388
4062, 405
4066, 416
4070, 363
4074, 399
4078, 388
4082, 421
4086, 418
4090, 404
4094, 438
4098, 406
4102, 408
4106, 394
4110, 409
4114, 391
4118, 410
4122, 431
4126, 412
4130, 424
4134, 389
4138, 423
4142, 395
4146, 411
4150, 393
4154, 388
4158, 389
4162, 409
4166, 404
4170, 400
4174, 374
4178, 376
4182, 385
4186, 415
4190, 372
4194, 394
4198, 371
4202, 407
4206, 422
4210, 389
4214, 391
4218, 420
4222, 348
4226, 381
4230, 427
4234, 374
4238, 390
4242, 392
4246, 407
4250, 396
4254, 390
4258, 384
4262, 400
4266, 361
4270, 402
4274, 388
4278, 381
4282, 406
4286, 390
4290, 435
4294, 364
4298, 393
4302, 386
4306, 442
4310, 424
4314, 395
4318, 386
4322, 384
4326, 362
4330, 385
4334, 351
4338, 368
4342, 382
4346, 374
4350, 398
4354, 425
4358, 403
4362, 404
4366, 382
4370, 399
4374, 375
4378, 403
4382, 404
4386, 421
4390, 397
4394, 401
4398, 361
4402, 373
4406, 402
4410, 388
4414, 362
4418, 379
4422, 398
4426, 376
4430, 358
4434, 416
4438, 366
4442, 372
4446, 397
4450, 368
4454, 351
4458, 407
4462, 390
4466, 382
4470, 416
4474, 388
4478, 362
4482, 414
4486, 398
4490, 377
4494, 399
4498, 372
4502, 399
4506, 386
4510, 360
4514, 384
4518, 386
4522, 388
4526, 364
4530, 357
4534, 401
4538, 363
4542, 362
4546, 406
4550, 373
4554, 395
4558, 417
4562, 377
4566, 346
4570, 395
4574, 358
4578, 364
4582, 351
4586, 380
4590, 390
4594, 330
4598, 387
4602, 331
4606, 367
4610, 359
4614, 435
4618, 371
4622, 370
4626, 356
4630, 336
4634, 391
4638, 353
4642, 359
4646, 367
4650, 380
4654, 321
4658, 387
4662, 339
4666, 410
4670, 389
4674, 337
4678, 382
4682, 364
4686, 398
4690, 360
4694, 387
4698, 360
4702, 338
4706, 363
4710, 376
4714, 369
4718, 409
4722, 353
4726, 377
4730, 357
4734, 362
4738, 367
4742, 378
4746, 373
4750, 356
4754, 362
4758, 399
4762, 399
4766, 371
4770, 408
4774, 397
4778, 377
4782, 379
4786, 392
4790, 361
4794, 363
4798, 371
4802, 342
4806, 351
4810, 378
4814, 392
4818, 371
4822, 367
4826, 348
4830, 394
4834, 373
4838, 377
4842, 386
4846, 364
4850, 350
4854, 376
4858, 352
4862, 370
4866, 379
4870, 359
4874, 400
4878, 354
4882, 385
4886, 383
4890, 348
4894, 373
4898, 367
4902, 361
4906, 387
4910, 360
4914, 369
4918, 372
4922, 362
4926, 331
4930, 351
4934, 376
4938, 367
4942, 393
4946, 353
4950, 355
4954, 359
4958, 388
4962, 357
4966, 379
4970, 386
4974, 343
4978, 394
4982, 411
4986, 374
4990, 353
4994, 366
4998, 357
5002, 360
5006, 378
5010, 360
5014, 390
5018, 361
5022, 348
5026, 348
5030, 375
5034, 360
5038, 379
5042, 377
5046, 352
5050, 379
5054, 360
5058, 323
5062, 344
5066, 317
5070, 376
5074, 364
5078, 342
5082, 351
5086, 360
5090, 372
5094, 361
5098, 333
5102, 353
5106, 352
5110, 308
5114, 371
5118, 336
5122, 338
5126, 369
5130, 362
5134, 375
5138, 356
5142, 377
5146, 368
5150, 327
5154, 345
5158, 366
5162, 334
5166, 328
5170, 354
5174, 327
5178, 349
5182, 352
5186, 377
5190, 321
5194, 350
5198, 353
5202, 385
5206, 361
5210, 372
5214, 376
5218, 350
5222, 345
5226, 332
5230, 392
5234, 341
5238, 357
5242, 340
5246, 343
5250, 400
5254, 354
5258, 359
5262, 358
5266, 369
5270, 367
5274, 383
5278, 353
5282, 346
5286, 365
5290, 342
5294, 370
5298, 384
5302, 349
5306, 359
5310, 319
5314, 360
5318, 358
5322, 341
5326, 365
5330, 340
5334, 382
5338, 346
5342, 410
5346, 378
5350, 383
5354, 343
5358, 326
5362, 371
5366, 322
5370, 326
5374, 335
5378, 357
5382, 382
5386, 395
5390, 351
5394, 341
5398, 344
5402, 329
5406, 344
5410, 359
5414, 339
5418, 383
5422, 360
5426, 346
5430, 321
5434, 318
5438, 362
5442, 377
5446, 343
5450, 374
5454, 361
5458, 347
5462, 342
5466, 315
5470, 372
5474, 363
5478, 323
5482, 332
5486, 368
5490, 362
5494, 325
5498, 370
5502, 378
5506, 365
5510, 345
5514, 342
5518, 345
5522, 362
5526, 349
5530, 356
5534, 378
5538, 348
5542, 335
5546, 347
5550, 334
5554, 362
5558, 331
5562, 378
5566, 379
5570, 375
5574, 333
5578, 395
5582, 373
5586, 352
5590, 355
5594, 356
5598, 351
5602, 367
5606, 362
5610, 352
5614, 359
5618, 352
5622, 362
5626, 351
5630, 359
5634, 351
5638, 382
5642, 330
5646, 339
5650, 383
5654, 362
5658, 310
5662, 365
5666, 380
5670, 362
5674, 354
5678, 390
5682, 401
5686, 383
5690, 406
5694, 340
5698, 335
5702, 346
5706, 417
5710, 429
5714, 473
5718, 594
5722, 919
5726, 1571
5730, 2165
5734, 2210
5738, 1491
5742, 851
5746, 554
5750, 469
5754, 444
5758, 390
5762, 452
5766, 418
5770, 408
5774, 385
5778, 395
5782, 434
5786, 418
5790, 373
5794, 413
5798, 384
5802, 392
5806, 374
5810, 399
5814, 401
5818, 413
5822, 397
5826, 404
5830, 398
5834, 365
5838, 396
5842, 409
5846, 415
5850, 411
5854, 395
5858, 398
5862, 392
5866, 398
5870, 386
5874, 397
5878, 390
5882, 380
5886, 391
5890, 372
5894, 387
5898, 371
5902, 397
5906, 432
5910, 426
5914, 383
5918, 391
5922, 357
5926, 393
5930, 374
5934, 355
5938, 373
5942, 357
5946, 436
5950, 379
5954, 390
5958, 382
5962, 401
5966, 402
5970, 367
5974, 378
5978, 348
5982, 426
5986, 388
5990, 388
5994, 411
5998, 381
6002, 409
6006, 457
6010, 398
6014, 413
6018, 383
6022, 399
6026, 421
6030, 372
6034, 386
6038, 385
6042, 415
6046, 369
6050, 382
6054, 364
6058, 366
6062, 400
6066, 401
6070, 376
6074, 375
6078, 391
6082, 386
6086, 362
6090, 388
6094, 371
6098, 395
6102, 364
6106, 387
6110, 368
6114, 402
6118, 402
6122, 373
6126, 420
6130, 389
6134, 364
6138, 384
6142, 404
6146, 374
6150, 400
6154, 400
6158, 380
6162, 357
6166, 371
6170, 346
6174, 380
6178, 397
6182, 362
6186, 403
6190, 396
6194, 372
6198, 424
6202, 384
6206, 378
6210, 385
6214, 398
6218, 398
6222, 414
6226, 397
6230, 383
6234, 382
6238, 383
6242, 374
6246, 387
6250, 375
6254, 356
6258, 380
6262, 392
6266, 365
6270, 378
6274, 404
6278, 340
6282, 391
6286, 409
6290, 384
6294, 394
6298, 381
6302, 378
6306, 378
6310, 397
6314, 409
6318, 393
6322, 376
6326, 408
6330, 370
6334, 404
6338, 409
6342, 409
6346, 382
6350, 362
6354, 374
6358, 403
6362, 393
6366, 387
6370, 371
6374, 397
6378, 406
6382, 387
6386, 400
6390, 400
6394, 403
6398, 432
6402, 384
6406, 418
6410, 398
6414, 381
6418, 367
6422, 381
6426, 405
6430, 408
6434, 358
6438, 375
6442, 385
6446, 369
6450, 373
6454, 416
6458, 384
6462, 398
6466, 398
6470, 403
6474, 381
6478, 373
6482, 385
6486, 371
6490, 402
6494, 400
6498, 364
6502, 381
6506, 394
6510, 393
6514, 361
6518, 384
6522, 419
6526, 362
6530, 404
6534, 415
6538, 389
6542, 387
6546, 417
6550, 377
6554, 395
6558, 371
6562, 390
6566, 429
6570, 406
6574, 390
6578, 412
6582, 374
6586, 402
6590, 387
6594, 414
6598, 378
6602, 363
6606, 444
6610, 399
6614, 394
6618, 375
6622, 417
6626, 426
6630, 384
6634, 394
6638, 386
6642, 382
6646, 415
6650, 388
6654, 406
6658, 404
6662, 431
6666, 387
6670, 396
6674, 389
6678, 423
6682, 407
6686, 387
6690, 411
6694, 422
6698, 421
6702, 375
6706, 450
6710, 448
6714, 400
6718, 396
6722, 410
6726, 416
6730, 384
6734, 412
6738, 372
6742, 413
6746, 391
6750, 410
6754, 400
6758, 416
6762, 399
6766, 392
6770, 411
6774, 424
6778, 362
6782, 419
6786, 369
6790, 363
6794, 392
6798, 388
6802, 407
6806, 419
6810, 459
6814, 392
6818, 410
6822, 395
6826, 389
6830, 428
6834, 406
6838, 405
6842, 409
6846, 406
6850, 403
6854, 425
6858, 417
6862, 392
6866, 405
6870, 397
6874, 400
6878, 394
6882, 401
6886, 385
6890, 413
6894, 394
6898, 399
6902, 431
6906, 423
6910, 414
6914, 371
6918, 390
6922, 418
6926, 391
6930, 394
6934, 396
6938, 383
6942, 416
6946, 427
6950, 390
6954, 392
6958, 428
6962, 397
6966, 408
6970, 435
6974, 434
6978, 401
6982, 397
6986, 416
6990, 417
6994, 391
6998, 401
7002, 400
7006, 362
7010, 401
7014, 403
7018, 407
7022, 389
7026, 392
7030, 427
7034, 432
7038, 426
7042, 398
7046, 431
7050, 379
7054, 382
7058, 419
7062, 394
7066, 420
7070, 414
7074, 410
7078, 426
7082, 404
7086, 432
7090, 383
7094, 430
7098, 424
7102, 446
7106, 409
7110, 393
7114, 388
7118, 413
7122, 411
7126, 397
7130, 415
7134, 403
7138, 368
7142, 435
7146, 373
7150, 428
7154, 419
7158, 431
7162, 417
7166, 410
7170, 382
7174, 420
7178, 418
7182, 397
7186, 417
7190, 367
7194, 434
7198, 434
7202, 392
7206, 389
7210, 422
7214, 412
7218, 391
7222, 417
7226, 401
7230, 449
7234, 418
7238, 438
7242, 418
7246, 419
7250, 432
7254, 428
7258, 440
7262, 436
7266, 410
7270, 395
7274, 403
7278, 434
7282, 416
7286, 424
7290, 396
7294, 439
7298, 408
7302, 451
7306, 423
7310, 379
7314, 413
7318, 426
7322, 430
7326, 427
7330, 422
7334, 432
7338, 396
7342, 444
7346, 418
7350, 444
7354, 427
7358, 437
7362, 403
7366, 410
7370, 445
7374, 394
7378, 404
7382, 437
7386, 397
7390, 425
7394, 436
7398, 427
7402, 413
7406, 435
7410, 446
7414, 443
7418, 434
7422, 425
7426, 449
7430, 425
7434, 451
7438, 426
7442, 432
7446, 436
7450, 432
7454, 461
7458, 403
7462, 419
7466, 427
7470, 423
7474, 430
7478, 428
7482, 408
7486, 436
7490, 453
7494, 458
7498, 489
7502, 489
7506, 486
7510, 418
7514, 425
7518, 440
7522, 416
7526, 417
7530, 434
7534, 440
7538, 415
7542, 444
7546, 426
7550, 454
7554, 431
7558, 436
7562, 443
7566, 438
7570, 448
7574, 445
7578, 483
7582, 468
7586, 434
7590, 471
7594, 436
7598, 405
7602, 450
7606, 459
7610, 421
7614, 445
7618, 456
7622, 431
7626, 450
7630, 451
7634, 448
7638, 397
7642, 433
7646, 448
7650, 481
7654, 451
7658, 437
7662, 482
7666, 432
7670, 451
7674, 431
7678, 447
7682, 434
7686, 446
7690, 420
7694, 451
7698, 459
7702, 464
7706, 422
7710, 459
7714, 440
7718, 389
7722, 432
7726, 451
7730, 475
7734, 437
7738, 447
7742, 433
7746, 455
7750, 390
7754, 452
7758, 432
7762, 421
7766, 456
7770, 411
7774, 423
7778, 412
7782, 437
7786, 444
7790, 455
7794, 434
7798, 431
7802, 435
7806, 433
7810, 415
7814, 424
7818, 456
7822, 462
7826, 451
7830, 405
7834, 434
7838, 444
7842, 399
7846, 436
7850, 403
7854, 442
7858, 467
7862, 426
7866, 467
7870, 397
7874, 461
7878, 465
7882, 439
7886, 443
7890, 414
7894, 415
7898, 411
7902, 468
7906, 465
7910, 434
7914, 424
7918, 446
7922, 480
7926, 417
7930, 456
7934, 454
7938, 468
7942, 456
7946, 463
7950, 394
7954, 438
7958, 413
7962, 444
7966, 427
7970, 476
7974, 441
7978, 420
7982, 430
7986, 447
7990, 415
7994, 438
7998, 432
8002, 459
8006, 439
8010, 445
8014, 462
8018, 419
8022, 436
8026, 443
8030, 443
8034, 452
8038, 440
8042, 400
8046, 437
8050, 467
8054, 447
8058, 421
8062, 474
8066, 444
8070, 417
8074, 469
8078, 447
8082, 455
8086, 428
8090, 432
8094, 405
8098, 432
8102, 441
8106, 460
8110, 453
8114, 396
8118, 430
8122, 477
8126, 434
8130, 478
8134, 447
8138, 440
8142, 429
8146, 445
8150, 403
8154, 450
8158, 452
8162, 477
8166, 436
8170, 443
8174, 432
8178, 468
8182, 421
8186, 493
8190, 448
8194, 455
8198, 463
8202, 481
8206, 462
8210, 469
8214, 459
8218, 436
8222, 455
8226, 463
8230, 463
8234, 455
8238, 476
8242, 457
8246, 462
8250, 503
8254, 482
8258, 435
8262, 410
8266, 435
8270, 448
8274, 457
8278, 491
8282, 488
8286, 457
8290, 436
8294, 462
8298, 446
8302, 468
8306, 470
8310, 477
8314, 475
8318, 451
8322, 477
8326, 457
8330, 463
8334, 496
8338, 487
8342, 457
8346, 444
8350, 488
8354, 478
8358, 468
8362, 472
8366, 484
8370, 462
8374, 442
8378, 530
8382, 420
8386, 446
8390, 448
8394, 495
8398, 453
8402, 424
8406, 479
8410, 481
8414, 443
8418, 493
8422, 451
8426, 440
8430, 478
8434, 458
8438, 485
8442, 540
8446, 458
8450, 489
8454, 457
8458, 497
8462, 460
8466, 488
8470, 463
8474, 438
8478, 474
8482, 451
8486, 505
8490, 468
8494, 479
8498, 467
8502, 485
8506, 506
8510, 535
8514, 499
8518, 482
8522, 515
8526, 472
8530, 493
8534, 515
8538, 506
8542, 476
8546, 470
8550, 474
8554, 492
8558, 495
8562, 473
8566, 461
8570, 483
8574, 522
8578, 494
8582, 454
8586, 482
8590, 500
8594, 437
8598, 493
8602, 494
8606, 513
8610, 507
8614, 510
8618, 486
8622, 491
8626, 485
8630, 506
8634, 519
8638, 517
8642, 530
8646, 512
8650, 527
8654, 573
8658, 547
8662, 631
8666, 636
8670, 829
8674, 1073
8678, 1445
8682, 1770
8686, 1733
8690, 1632
8694, 1282
8698, 1040
8702, 752
8706, 607
8710, 624
8714, 553
8718, 561
8722, 555
8726, 492
8730, 557
8734, 519
8738, 578
8742, 496
8746, 498
8750, 494
8754, 516
8758, 526
8762, 498
8766, 515
8770, 542
8774, 505
8778, 504
8782, 524
8786, 503
8790, 543
8794, 573
8798, 490
8802, 536
8806, 509
8810, 564
8814, 511
8818, 533
8822, 544
8826, 537
8830, 528
8834, 502
8838, 580
8842, 543
8846, 533
8850, 528
8854, 497
8858, 516
8862, 523
8866, 536
8870, 555
8874, 547
8878, 517
8882, 525
8886, 514
8890, 509
8894, 571
8898, 546
8902, 500
8906, 512
8910, 577
8914, 565
8918, 507
8922, 487
8926, 528
8930, 542
8934, 559
8938, 562
8942, 526
8946, 509
8950, 514
8954, 571
8958, 536
8962, 565
8966, 544
8970, 561
8974, 578
8978, 545
8982, 575
8986, 607
8990, 662
8994, 732
8998, 789
9002, 676
9006, 592
9010, 559
9014, 557
9018, 565
9022, 521
9026, 580
9030, 559
9034, 527
9038, 588
9042, 575
9046, 566
9050, 586
9054, 546
9058, 565
9062, 571
9066, 572
9070, 545
9074, 582
9078, 542
9082, 639
9086, 561
9090, 575
9094, 581
9098, 556
9102, 594
9106, 543
9110, 598
9114, 575
9118, 596
9122, 589
9126, 608
9130, 543
9134, 516
9138, 558
9142, 532
9146, 633
9150, 599
9154, 609
9158, 560
9162, 567
9166, 586
9170, 593
9174, 604
9178, 608
9182, 605
9186, 622
9190, 584
9194, 602
9198, 573
9202, 597
9206, 587
9210, 563
9214, 616
9218, 609
9222, 572
9226, 642
9230, 632
9234, 559
9238, 594
9242, 613
9246, 561
9250, 584
9254, 609
9258, 611
9262, 589
9266, 608
9270, 607
9274, 636
9278, 591
9282, 617
9286, 586
9290, 613
9294, 584
9298, 628
9302, 645
9306, 580
9310, 626
9314, 577
9318, 632
9322, 593
9326, 596
9330, 571
9334, 646
9338, 653
9342, 610
9346, 640
9350, 610
9354, 574
9358, 650
9362, 614
9366, 616
9370, 609
9374, 610
9378, 609
9382, 622
9386, 634
9390, 643
9394, 673
9398, 654
9402, 617
9406, 588
9410, 620
9414, 617
9418, 639
9422, 621
9426, 700
9430, 619
9434, 648
9438, 631
9442, 684
9446, 669
9450, 669
9454, 659
9458, 677
9462, 654
9466, 669
9470, 663
9474, 624
9478, 605
9482, 635
9486, 647
9490, 681
9494, 672
9498, 632
9502, 609
9506, 618
9510, 687
9514, 679
9518, 682
9522, 663
9526, 658
9530, 619
9534, 712
9538, 681
9542, 680
9546, 742
9550, 672
9554, 745
9558, 664
9562, 737
9566, 665
9570, 694
9574, 681
9578, 648
9582, 674
9586, 727
9590, 726
9594, 675
9598, 710
9602, 687
9606, 705
9610, 736
9614, 735
9618, 684
9622, 718
9626, 688
9630, 713
9634, 751
9638, 668
9642, 680
9646, 695
9650, 709
9654, 708
9658, 754
9662, 718
9666, 709
9670, 728
9674, 733
9678, 744
9682, 712
9686, 703
9690, 778
9694, 751
9698, 684
9702, 732
9706, 784
9710, 767
9714, 723
9718, 720
9722, 753
9726, 698
9730, 749
9734, 751
9738, 760
9742, 768
9746, 733
9750, 773
9754, 733
9758, 735
9762, 747
9766, 741
9770, 828
9774, 785
9778, 740
9782, 772
9786, 817
9790, 762
9794, 750
9798, 766
9802, 784
9806, 801
9810, 779
9814, 768
9818, 775
9822, 755
9826, 762
9830, 772
9834, 753
9838, 772
9842, 761
9846, 792
9850, 805
9854, 739
9858, 799
9862, 791
9866, 837
9870, 797
9874, 855
9878, 803
9882, 787
9886, 790
9890, 825
9894, 809
9898, 843
9902, 795
9906, 763
9910, 803
9914, 773
9918, 833
9922, 843
9926, 795
9930, 856
9934, 820
9938, 855
9942, 834
9946, 814
9950, 805
9954, 867
9958, 867
9962, 874
9966, 857
9970, 838
9974, 852
9978, 847
9982, 861
9986, 862
9990, 841
9994, 880
9998, 850
10002, 926
10006, 925
10010, 832
10014, 861
10018, 899
10022, 814
10026, 898
10030, 889
10034, 902
10038, 884
10042, 879
10046, 927
10050, 953
10054, 914
10058, 891
10062, 895
10066, 914
10070, 931
10074, 909
10078, 938
10082, 932
10086, 928
10090, 902
10094, 934
10098, 903
10102, 877
10106, 905
10110, 880
10114, 927
10118, 965
10122, 946
10126, 933
10130, 950
10134, 925
10138, 898
10142, 903
10146, 881
10150, 908
10154, 964
10158, 977
10162, 942
10166, 962
10170, 898
10174, 974
10178, 974
10182, 942
10186, 921
10190, 962
10194, 964
10198, 976
10202, 967
10206, 1012
10210, 1011
10214, 994
10218, 978
10222, 946
10226, 959
10230, 939
10234, 981
10238, 969
10242, 985
10246, 960
10250, 978
10254, 940
10258, 968
10262, 965
10266, 933
10270, 953
10274, 963
10278, 946
10282, 981
10286, 987
10290, 945
10294, 954
10298, 919
10302, 968
10306, 910
10310, 914
10314, 891
10318, 843
10322, 904
10326, 816
10330, 871
10334, 725
10338, 698
10342, 666
10346, 714
10350, 671
10354, 688
10358, 695
10362, 672
10366, 666
10370, 673
10374, 666
10378, 626
10382, 624
10386, 634
10390, 645
10394, 639
10398, 597
10402, 654
10406, 659
10410, 630
10414, 629
10418, 638
10422, 622
10426, 570
10430, 582
10434, 562
10438, 554
10442, 592
10446, 573
10450, 574
10454, 590
10458, 540
10462, 612
10466, 584
10470, 557
10474, 583
10478, 576
10482, 565
10486, 561
10490, 546
10494, 594
10498, 578
10502, 570
10506, 535
10510, 545
10514, 574
10518, 602
10522, 566
10526, 587
10530, 575
10534, 526
10538, 555
10542, 552
10546, 553
10550, 507
10554, 522
10558, 511
10562, 520
10566, 492
10570, 577
10574, 500
10578, 508
10582, 501
10586, 510
10590, 517
10594, 499
10598, 477
10602, 520
10606, 499
10610, 491
10614, 485
10618, 486
10622, 519
10626, 484
10630, 496
10634, 478
10638, 502
10642, 474
10646, 489
10650, 499
10654, 453
10658, 507
10662, 519
10666, 473
10670, 455
10674, 521
10678, 443
10682, 472
10686, 451
10690, 433
10694, 471
10698, 443
10702, 448
10706, 450
10710, 437
10714, 479
10718, 425
10722, 453
10726, 434
10730, 379
10734, 450
10738, 463
10742, 425
10746, 420
10750, 401
10754, 436
10758, 438
10762, 399
10766, 438
10770, 422
10774, 412
10778, 398
10782, 432
10786, 390
10790, 423
10794, 376
10798, 387
10802, 398
10806, 394
10810, 370
10814, 373
10818, 359
10822, 385
10826, 375
10830, 339
10834, 372
10838, 345
10842, 378
10846, 387
10850, 364
10854, 359
10858, 366
10862, 373
10866, 321
10870, 334
10874, 313
10878, 352
10882, 314
10886, 334
10890, 303
10894, 303
10898, 301
10902, 316
10906, 284
10910, 302
10914, 260
10918, 295
10922, 238
10926, 271
10930, 273
10934, 264
10938, 267
10942, 296
10946, 258
10950, 252
10954, 239
10958, 242
10962, 249
10966, 257
10970, 229
10974, 243
10978, 209
10982, 235
10986, 200
10990, 241
10994, 225
10998, 205
11002, 227
11006, 189
11010, 219
11014, 238
11018, 205
11022, 191
11026, 193
11030, 172
11034, 163
11038, 185
11042, 200
11046, 188
11050, 170
11054, 170
11058, 177
11062, 164
11066, 182
11070, 163
11074, 169
11078, 170
11082, 167
11086, 172
11090, 163
11094, 158
11098, 160
11102, 167
11106, 149
11110, 129
11114, 150
11118, 154
11122, 137
11126, 134
11130, 164
11134, 129
11138, 136
11142, 176
11146, 165
11150, 162
11154, 161
11158, 162
11162, 138
11166, 138
11170, 114
11174, 123
11178, 120
11182, 134
11186, 141
11190, 128
11194, 135
11198, 143
11202, 140
11206, 104
11210, 122
11214, 132
11218, 121
11222, 110
11226, 152
11230, 127
11234, 111
11238, 123
11242, 120
11246, 115
11250, 129
11254, 128
11258, 124
11262, 117
11266, 108
11270, 115
11274, 109
11278, 132
11282, 109
11286, 113
11290, 125
11294, 127
11298, 88
11302, 116
11306, 104
11310, 111
11314, 122
11318, 104
11322, 114
11326, 84
11330, 131
11334, 107
11338, 105
11342, 109
11346, 120
11350, 115
11354, 115
11358, 112
11362, 117
11366, 102
11370, 98
11374, 98
11378, 117
11382, 122
11386, 124
11390, 115
11394, 105
11398, 106
11402, 103
11406, 96
11410, 120
11414, 95
11418, 105
11422, 108
11426, 122
11430, 110
11434, 102
11438, 110
11442, 98
11446, 99
11450, 116
11454, 98
11458, 101
11462, 127
11466, 105
11470, 88
11474, 126
11478, 115
11482, 126
11486, 120
11490, 117
11494, 115
11498, 132
11502, 106
11506, 107
11510, 111
11514, 128
11518, 98
11522, 106
11526, 101
11530, 110
11534, 104
11538, 124
11542, 111
11546, 126
11550, 130
11554, 118
11558, 129
11562, 127
11566, 140
11570, 163
11574, 197
11578, 247
11582, 271
11586, 321
11590, 362
11594, 434
11598, 545
11602, 722
11606, 898
11610, 1434
11614, 2242
11618, 4354
11622, 8677
11626, 15773
11630, 24554
11634, 28133
11638, 23689
11642, 13984
11646, 6488
11650, 2693
11654, 1396
11658, 905
11662, 689
11666, 606
11670, 484
11674, 409
11678, 325
11682, 312
11686, 233
11690, 258
11694, 222
11698, 236
11702, 214
11706, 229
11710, 209
11714, 232
11718, 203
11722, 193
11726, 191
11730, 207
11734, 198
11738, 200
11742, 168
11746, 167
11750, 177
11754, 143
11758, 127
11762, 84
11766, 82
11770, 70
11774, 79
11778, 63
11782, 52
11786, 55
11790, 56
11794, 58
11798, 43
11802, 53
11806, 64
11810, 50
11814, 58
11818, 67
11822, 40
11826, 47
11830, 43
11834, 53
11838, 54
11842, 59
11846, 56
11850, 54
11854, 41
11858, 48
11862, 46
11866, 48
11870, 40
11874, 44
11878, 44
11882, 48
11886, 53
11890, 57
11894, 50
11898, 53
11902, 64
11906, 64
11910, 69
11914, 87
11918, 79
11922, 82
11926, 81
11930, 105
11934, 125
11938, 154
11942, 201
11946, 162
11950, 183
11954, 139
11958, 90
11962, 53
11966, 71
11970, 49
11974, 50
11978, 58
11982, 60
11986, 41
11990, 50
11994, 39
11998, 40
12002, 42
12006, 50
12010, 43
12014, 39
12018, 45
12022, 39
12026, 42
12030, 53
12034, 45
12038, 50
12042, 51
12046, 44
12050, 43
12054, 49
12058, 46
12062, 66
12066, 66
12070, 66
12074, 51
12078, 54
12082, 51
12086, 65
12090, 39
12094, 38
12098, 43
12102, 55
12106, 37
12110, 52
12114, 48
12118, 42
12122, 48
12126, 51
12130, 47
12134, 47
12138, 46
12142, 41
12146, 54
12150, 53
12154, 41
12158, 46
12162, 61
12166, 51
12170, 42
12174, 42
12178, 68
12182, 41
12186, 40
12190, 50
12194, 49
12198, 43
12202, 42
12206, 49
12210, 51
12214, 50
12218, 59
12222, 46
12226, 46
12230, 42
12234, 61
12238, 59
12242, 37
12246, 52
12250, 51
12254, 39
12258, 32
12262, 39
12266, 46
12270, 47
12274, 48
12278, 48
12282, 44
12286, 59
12290, 51
12294, 48
12298, 43
12302, 38
12306, 52
12310, 48
12314, 48
12318, 36
12322, 52
12326, 43
12330, 49
12334, 49
12338, 51
12342, 43
12346, 52
12350, 46
12354, 42
12358, 56
12362, 49
12366, 49
12370, 46
12374, 52
12378, 43
12382, 54
12386, 44
12390, 52
12394, 49
12398, 52
12402, 48
12406, 65
12410, 49
12414, 37
12418, 44
12422, 43
12426, 50
12430, 50
12434, 45
12438, 56
12442, 53
12446, 50
12450, 54
12454, 47
12458, 51
12462, 51
12466, 48
12470, 57
12474, 51
12478, 52
12482, 48
12486, 56
12490, 60
12494, 53
12498, 45
12502, 53
12506, 51
12510, 40
12514, 57
12518, 56
12522, 37
12526, 55
12530, 59
12534, 51
12538, 52
12542, 56
12546, 43
12550, 51
12554, 57
12558, 41
12562, 48
12566, 43
12570, 49
12574, 42
12578, 63
12582, 54
12586, 45
12590, 62
12594, 48
12598, 48
12602, 61
12606, 44
12610, 39
12614, 48
12618, 44
12622, 56
12626, 54
12630, 52
12634, 42
12638, 52
12642, 38
12646, 41
12650, 59
12654, 47
12658, 53
12662, 46
12666, 46
12670, 43
12674, 55
12678, 42
12682, 49
12686, 50
12690, 44
12694, 44
12698, 40
12702, 43
12706, 44
12710, 55
12714, 52
12718, 45
12722, 56
12726, 40
12730, 56
12734, 59
12738, 50
12742, 48
12746, 56
12750, 40
12754, 41
12758, 43
12762, 55
12766, 52
12770, 55
12774, 59
12778, 40
12782, 49
12786, 51
12790, 58
12794, 52
12798, 48
12802, 53
12806, 56
12810, 43
12814, 52
12818, 45
12822, 64
12826, 47
12830, 51
12834, 49
12838, 54
12842, 41
12846, 56
12850, 41
12854, 57
12858, 48
12862, 51
12866, 68
12870, 51
12874, 38
12878, 58
12882, 50
12886, 60
12890, 37
12894, 39
12898, 55
12902, 53
12906, 65
12910, 52
12914, 59
12918, 44
12922, 41
12926, 42
12930, 40
12934, 44
12938, 41
12942, 43
12946, 47
12950, 47
12954, 62
12958, 55
12962, 52
12966, 53
12970, 61
12974, 36
12978, 57
12982, 54
12986, 51
12990, 52
12994, 50
12998, 58
13002, 55
13006, 59
13010, 61
13014, 57
13018, 41
13022, 52
13026, 61
13030, 53
13034, 54
13038, 37
13042, 55
13046, 51
13050, 50
13054, 39
13058, 56
13062, 51
13066, 49
13070, 58
13074, 56
13078, 54
13082, 57
13086, 54
13090, 45
13094, 60
13098, 55
13102, 46
13106, 41
13110, 45
13114, 45
13118, 51
13122, 58
13126, 62
13130, 48
13134, 71
13138, 43
13142, 66
13146, 46
13150, 50
13154, 59
13158, 53
13162, 44
13166, 52
13170, 54
13174, 52
13178, 45
13182, 61
13186, 61
13190, 64
13194, 58
13198, 49
13202, 57
13206, 42
13210, 48
13214, 49
13218, 47
13222, 52
13226, 51
13230, 45
13234, 55
13238, 48
13242, 46
13246, 49
13250, 57
13254, 60
13258, 38
13262, 50
13266, 55
13270, 61
13274, 49
13278, 57
13282, 66
13286, 54
13290, 49
13294, 70
13298, 50
13302, 51
13306, 66
13310, 68
13314, 52
13318, 69
13322, 43
13326, 57
13330, 56
13334, 65
13338, 57
13342, 48
13346, 59
13350, 62
13354, 48
13358, 59
13362, 76
13366, 79
13370, 51
13374, 63
13378, 45
13382, 61
13386, 50
13390, 64
13394, 57
13398, 58
13402, 53
13406, 55
13410, 72
13414, 48
13418, 61
13422, 60
13426, 63
13430, 69
13434, 52
13438, 63
13442, 65
13446, 57
13450, 67
13454, 49
13458, 50
13462, 60
13466, 61
13470, 48
13474, 56
13478, 60
13482, 57
13486, 67
13490, 72
13494, 67
13498, 60
13502, 62
13506, 49
13510, 51
13514, 74
13518, 51
13522, 59
13526, 65
13530, 53
13534, 47
13538, 60
13542, 39
13546, 55
13550, 58
13554, 46
13558, 49
13562, 41
13566, 44
13570, 42
13574, 70
13578, 53
13582, 50
13586, 47
13590, 44
13594, 48
13598, 42
13602, 36
13606, 39
13610, 48
13614, 35
13618, 39
13622, 39
13626, 39
13630, 39
13634, 37
13638, 41
13642, 52
13646, 45
13650, 41
13654, 33
13658, 43
13662, 46
13666, 47
13670, 39
13674, 37
13678, 49
13682, 41
13686, 45
13690, 27
13694, 43
13698, 37
13702, 39
13706, 40
13710, 31
13714, 41
13718, 28
13722, 33
13726, 33
13730, 45
13734, 44
13738, 32
13742, 27
13746, 33
13750, 37
13754, 26
13758, 35
13762, 36
13766, 40
13770, 37
13774, 44
13778, 29
13782, 31
13786, 30
13790, 31
13794, 36
13798, 27
13802, 45
13806, 33
13810, 34
13814, 47
13818, 50
13822, 29
13826, 37
13830, 26
13834, 42
13838, 44
13842, 35
13846, 34
13850, 34
13854, 39
13858, 28
13862, 41
13866, 34
13870, 32
13874, 25
13878, 43
13882, 32
13886, 32
13890, 34
13894, 39
13898, 35
13902, 33
13906, 37
13910, 25
13914, 32
13918, 40
13922, 35
13926, 34
13930, 39
13934, 51
13938, 45
13942, 35
13946, 30
13950, 45
13954, 38
13958, 31
13962, 28
13966, 29
13970, 34
13974, 28
13978, 42
13982, 29
13986, 36
13990, 32
13994, 24
13998, 21
14002, 29
14006, 30
14010, 23
14014, 25
14018, 31
14022, 38
14026, 31
14030, 35
14034, 34
14038, 33
14042, 45
14046, 46
14050, 34
14054, 33
14058, 24
14062, 30
14066, 22
14070, 17
14074, 19
14078, 29
14082, 30
14086, 38
14090, 23
14094, 22
14098, 27
14102, 28
14106, 20
14110, 27
14114, 27
14118, 22
14122, 23
14126, 21
14130, 12
14134, 20
14138, 13
14142, 16
14146, 22
14150, 15
14154, 19
14158, 15
14162, 22
14166, 20
14170, 26
14174, 18
14178, 13
14182, 17
14186, 29
14190, 28
14194, 13
14198, 21
14202, 20
14206, 27
14210, 21
14214, 23
14218, 19
14222, 21
14226, 13
14230, 20
14234, 17
14238, 15
14242, 16
14246, 16
14250, 14
14254, 17
14258, 11
14262, 14
14266, 15
14270, 17
14274, 13
14278, 10
14282, 14
14286, 15
14290, 12
14294, 15
14298, 16
14302, 14
14306, 13
14310, 7
14314, 10
14318, 13
14322, 14
14326, 12
14330, 16
14334, 22
14338, 5
14342, 12
14346, 16
14350, 11
14354, 13
14358, 13
14362, 10
14366, 12
14370, 15
14374, 10
14378, 16
14382, 11
14386, 13
14390, 19
14394, 15
14398, 9
14402, 11
14406, 11
14410, 11
14414, 20
14418, 8
14422, 16
14426, 21
14430, 12
14434, 15
14438, 12
14442, 10
14446, 11
14450, 12
14454, 8
14458, 11
14462, 7
14466, 10
14470, 14
14474, 10
14478, 11
14482, 12
14486, 12
14490, 10
14494, 13
14498, 11
14502, 6
14506, 19
14510, 9
14514, 17
14518, 16
14522, 24
14526, 28
14530, 32
14534, 33
14538, 28
14542, 26
14546, 12
14550, 9
14554, 10
14558, 16
14562, 7
14566, 14
14570, 10
14574, 13
14578, 8
14582, 16
14586, 4
14590, 4
14594, 8
14598, 9
14602, 11
14606, 10
14610, 10
14614, 12
14618, 11
14622, 8
14626, 14
14630, 5
14634, 8
14638, 13
14642, 13
14646, 12
14650, 9
14654, 8
14658, 10
14662, 14
14666, 5
14670, 13
14674, 13
14678, 10
14682, 11
14686, 11
14690, 10
14694, 8
14698, 13
14702, 14
14706, 9
14710, 10
14714, 13
14718, 10
14722, 12
14726, 16
14730, 13
14734, 12
14738, 7
14742, 8
14746, 11
14750, 2
14754, 13
14758, 16
14762, 9
14766, 7
14770, 9
14774, 12
14778, 13
14782, 13
14786, 13
14790, 16
14794, 12
14798, 6
14802, 6
14806, 11
14810, 8
14814, 14
14818, 5
14822, 13
14826, 6
14830, 11
14834, 13
14838, 16
14842, 17
14846, 12
14850, 25
14854, 20
14858, 48
14862, 50
14866, 75
14870, 93
14874, 123
14878, 180
14882, 319
14886, 560
14890, 935
14894, 1085
14898, 1070
14902, 876
14906, 470
14910, 236
14914, 125
14918, 81
14922, 36
14926, 41
14930, 24
14934, 26
14938, 23
14942, 17
14946, 18
14950, 11
14954, 18
14958, 15
14962, 23
14966, 21
14970, 17
14974, 25
14978, 15
14982, 13
14986, 14
14990, 14
14994, 25
14998, 26
15002, 38
15006, 53
15010, 103
15014, 143
15018, 184
15022, 169
15026, 93
15030, 62
15034, 31
15038, 18
15042, 14
15046, 13
15050, 7
15054, 10
15058, 6
15062, 6
15066, 14
15070, 8
15074, 5
15078, 11
15082, 9
15086, 7
15090, 10
15094, 8
15098, 8
15102, 9
15106, 16
15110, 4
15114, 7
15118, 8
15122, 9
15126, 6
15130, 5
15134, 7
15138, 6
15142, 5
15146, 5
15150, 3
15154, 5
15158, 11
15162, 5
15166, 7
15170, 5
15174, 6
15178, 9
15182, 5
15186, 3
15190, 5
15194, 4
15198, 5
15202, 6
15206, 1
15210, 5
15214, 4
15218, 5
15222, 6
15226, 4
15230, 7
15234, 4
15238, 4
15242, 10
15246, 4
15250, 6
15254, 6
15258, 12
15262, 5
15266, 4
15270, 2
15274, 5
15278, 5
15282, 7
15286, 2
15290, 6
15294, 7
15298, 2
15302, 5
15306, 5
15310, 3
15314, 2
15318, 5
15322, 6
15326, 5
15330, 6
15334, 9
15338, 6
15342, 5
15346, 7
15350, 3
15354, 3
15358, 2
15362, 5
15366, 4
15370, 7
15374, 8
15378, 4
15382, 4
15386, 3
15390, 6
15394, 6
15398, 5
15402, 3
15406, 5
15410, 6
15414, 7
15418, 2
15422, 4
15426, 2
15430, 9
15434, 4
15438, 10
15442, 1
15446, 2
15450, 6
15454, 6
15458, 6
15462, 5
15466, 4
15470, 4
15474, 4
15478, 4
15482, 4
15486, 2
15490, 5
15494, 4
15498, 5
15502, 5
15506, 2
15510, 4
15514, 4
15518, 6
15522, 3
15526, 8
15530, 5
15534, 4
15538, 4
15542, 3
15546, 11
15550, 4
15554, 6
15558, 4
15562, 4
15566, 5
15570, 4
15574, 8
15578, 5
15582, 7
15586, 6
15590, 5
15594, 5
15598, 2
15602, 3
15606, 6
15610, 5
15614, 4
15618, 6
15622, 4
15626, 4
15630, 11
15634, 8
15638, 9
15642, 7
15646, 10
15650, 10
15654, 6
15658, 5
15662, 6
15666, 4
15670, 5
15674, 4
15678, 6
15682, 3
15686, 5
15690, 4
15694, 6
15698, 2
15702, 5
15706, 4
15710, 5
15714, 8
15718, 2
15722, 5
15726, 6
15730, 7
15734, 5
15738, 7
15742, 9
15746, 2
15750, 12
15754, 16
15758, 17
15762, 17
15766, 11
15770, 5
15774, 8
15778, 8
15782, 5
15786, 3
15790, 6
15794, 2
15798, 7
15802, 7
15806, 6
15810, 5
15814, 5
15818, 5
15822, 7
15826, 9
15830, 5
15834, 2
15838, 4
15842, 4
15846, 5
15850, 5
15854, 2
15858, 1
15862, 3
15866, 3
15870, 5
15874, 9
15878, 5
15882, 6
15886, 7
15890, 3
15894, 7
15898, 4
15902, 9
15906, 3
15910, 5
15914, 7
15918, 7
15922, 6
15926, 3
15930, 2
15934, 1
15942, 4
15950, 3
15954, 7
15958, 6
15962, 4
15966, 5
15970, 3
15974, 4
15978, 9
15982, 4
15986, 5
15990, 5
15994, 4
15998, 4
