2, 2748
6, 200
10, 60
14, 25
18, 17
22, 39
26, 82
30, 122
34, 240
38, 296
42, 358
46, 416
50, 434
54, 427
58, 483
62, 492
66, 491
70, 518
74, 485
78, 482
82, 492
86, 502
90, 474
94, 509
98, 497
102, 473
106, 501
110, 528
114, 481
118, 546
122, 527
126, 530
130, 586
134, 567
138, 558
142, 556
146, 610
150, 577
154, 552
158, 590
162, 576
166, 558
170, 582
174, 580
178, 591
182, 635
186, 621
190, 570
194, 594
198, 626
202, 645
206, 648
210, 616
214, 601
218, 609
222, 634
226, 597
230, 632
234, 641
238, 617
242, 633
246, 660
250, 589
254, 642
258, 635
262, 662
266, 670
270, 650
274, 702
278, 661
282, 717
286, 651
290, 693
294, 688
298, 696
302, 704
306, 662
310, 688
314, 732
318, 668
322, 768
326, 737
330, 752
334, 741
338, 739
342, 783
346, 844
350, 839
354, 818
358, 821
362, 848
366, 876
370, 839
374, 848
378, 830
382, 834
386, 872
390, 912
394, 903
398, 921
402, 973
406, 1018
410, 979
414, 944
418, 973
422, 976
426, 1034
430, 925
434, 954
438, 1006
442, 1059
446, 1025
450, 954
454, 973
458, 978
462, 979
466, 1026
470, 1008
474, 1013
478, 980
482, 976
486, 999
490, 1039
494, 1081
498, 1009
502, 976
506, 1024
510, 1045
514, 989
518, 1001
522, 1031
526, 1080
530, 1078
534, 1048
538, 1054
542, 1076
546, 1065
550, 1110
554, 1114
558, 1071
562, 1066
566, 1061
570, 1110
574, 1063
578, 1070
582, 1010
586, 1066
590, 1131
594, 1089
598, 1112
602, 1133
606, 1115
610, 1135
614, 1109
618, 1096
622, 1113
626, 1119
630, 1070
634, 1090
638, 1095
642, 1101
646, 1099
650, 1078
654, 1105
658, 1053
662, 1084
666, 1084
670, 1074
674, 1077
678, 1102
682, 1051
686, 1111
690, 1066
694, 1051
698, 1048
702, 998
706, 1073
710, 1040
714, 1028
718, 1036
722, 1045
726, 1067
730, 992
734, 1100
738, 1057
742, 1017
746, 975
750, 969
754, 940
758, 1039
762, 1004
766, 983
770, 952
774, 1049
778, 963
782, 997
786, 957
790, 988
794, 985
798, 985
802, 926
806, 997
810, 944
814, 911
818, 974
822, 916
826, 938
830, 964
834, 942
838, 952
842, 966
846, 929
850, 883
854, 921
858, 937
862, 854
866, 939
870, 905
874, 915
878, 925
882, 914
886, 911
890, 959
894, 913
898, 921
902, 928
906, 891
910, 915
914, 884
918, 904
922, 856
926, 867
930, 857
934, 838
938, 882
942, 884
946, 905
950, 848
954, 857
958, 867
962, 868
966, 841
970, 892
974, 851
978, 891
982, 842
986, 868
990, 905
994, 862
998, 903
1002, 914
1006, 921
1010, 897
1014, 883
1018, 905
1022, 872
1026, 898
1030, 888
1034, 880
1038, 866
1042, 903
1046, 839
1050, 867
1054, 899
1058, 879
1062, 853
1066, 880
1070, 826
1074, 938
1078, 858
1082, 847
1086, 855
1090, 840
1094, 833
1098, 806
1102, 776
1106, 773
1110, 777
1114, 770
1118, 792
1122, 776
1126, 787
1130, 753
1134, 749
1138, 752
1142, 803
1146, 777
1150, 776
1154, 747
1158, 732
1162, 732
1166, 701
1170, 679
1174, 688
1178, 732
1182, 710
1186, 690
1190, 697
1194, 720
1198, 648
1202, 709
1206, 664
1210, 687
1214, 662
1218, 666
1222, 701
1226, 656
1230, 656
1234, 690
1238, 695
1242, 690
1246, 661
1250, 695
1254, 665
1258, 641
1262, 671
1266, 674
1270, 689
1274, 675
1278, 695
1282, 636
1286, 643
1290, 681
1294, 655
1298, 657
1302, 677
1306, 636
1310, 649
1314, 649
1318, 671
1322, 674
1326, 630
1330, 637
1334, 603
1338, 620
1342, 602
1346, 602
1350, 591
1354, 609
1358, 647
1362, 584
1366, 589
1370, 601
1374, 574
1378, 598
1382, 634
1386, 599
1390, 605
1394, 586
1398, 585
1402, 621
1406, 596
1410, 560
1414, 568
1418, 542
1422, 594
1426, 590
1430, 583
1434, 532
1438, 576
1442, 569
1446, 531
1450, 596
1454, 561
1458, 549
1462, 561
1466, 566
1470, 525
1474, 570
1478, 569
1482, 546
1486, 540
1490, 556
1494, 547
1498, 548
1502, 553
1506, 531
1510, 512
1514, 573
1518, 573
1522, 543
1526, 527
1530, 494
1534, 564
1538, 532
1542, 512
1546, 507
1550, 531
1554, 536
1558, 497
1562, 534
1566, 524
1570, 522
1574, 546
1578, 487
1582, 508
1586, 540
1590, 513
1594, 491
1598, 523
1602, 511
1606, 504
1610, 477
1614, 480
1618, 490
1622, 510
1626, 488
1630, 527
1634, 465
1638, 477
1642, 500
1646, 527
1650, 519
1654, 444
1658, 461
1662, 485
1666, 526
1670, 468
1674, 515
1678, 452
1682, 484
1686, 491
1690, 486
1694, 515
1698, 440
1702, 480
1706, 477
1710, 483
1714, 510
1718, 489
1722, 479
1726, 478
1730, 495
1734, 491
1738, 460
1742, 462
1746, 453
1750, 475
1754, 513
1758, 452
1762, 449
1766, 483
1770, 451
1774, 464
1778, 462
1782, 458
1786, 453
1790, 473
1794, 468
1798, 441
1802, 445
1806, 486
1810, 466
1814, 435
1818, 523
1822, 450
1826, 485
1830, 470
1834, 437
1838, 434
1842, 489
1846, 435
1850, 416
1854, 431
1858, 461
1862, 498
1866, 457
1870, 445
1874, 482
1878, 447
1882, 438
1886, 484
1890, 467
1894, 461
1898, 473
1902, 470
1906, 457
1910, 472
1914, 450
1918, 428
1922, 449
1926, 425
1930, 483
1934, 479
1938, 443
1942, 463
1946, 445
1950, 478
1954, 453
1958, 480
1962, 442
1966, 484
1970, 438
1974, 482
1978, 469
1982, 416
1986, 453
1990, 423
1994, 443
1998, 465
2002, 440
2006, 439
2010, 502
2014, 477
2018, 476
2022, 462
2026, 461
2030, 446
2034, 449
2038, 452
2042, 440
2046, 458
2050, 459
2054, 497
2058, 449
2062, 469
2066, 447
2070, 489
2074, 494
2078, 479
2082, 486
2086, 463
2090, 474
2094, 438
2098, 448
2102, 478
2106, 477
2110, 480
2114, 473
2118, 482
2122, 461
2126, 452
2130, 467
2134, 489
2138, 521
2142, 488
2146, 474
2150, 470
2154, 454
2158, 468
2162, 459
2166, 434
2170, 473
2174, 461
2178, 455
2182, 459
2186, 449
2190, 446
2194, 468
2198, 463
2202, 478
2206, 457
2210, 465
2214, 473
2218, 454
2222, 483
2226, 427
2230, 412
2234, 409
2238, 392
2242, 402
2246, 396
2250, 406
2254, 412
2258, 417
2262, 381
2266, 365
2270, 413
2274, 354
2278, 373
2282, 355
2286, 361
2290, 331
2294, 320
2298, 350
2302, 326
2306, 354
2310, 363
2314, 360
2318, 324
2322, 323
2326, 336
2330, 306
2334, 346
2338, 339
2342, 313
2346, 349
2350, 300
2354, 329
2358, 311
2362, 324
2366, 322
2370, 324
2374, 323
2378, 290
2382, 310
2386, 308
2390, 303
2394, 302
2398, 288
2402, 309
2406, 286
2410, 289
2414, 295
2418, 272
2422, 293
2426, 320
2430, 302
2434, 311
2438, 312
2442, 304
2446, 285
2450, 290
2454, 273
2458, 286
2462, 250
2466, 267
2470, 291
2474, 278
2478, 267
2482, 261
2486, 266
2490, 261
2494, 267
2498, 223
2502, 257
2506, 253
2510, 235
2514, 275
2518, 275
2522, 273
2526, 251
2530, 265
2534, 253
2538, 266
2542, 209
2546, 238
2550, 266
2554, 211
2558, 241
2562, 255
2566, 260
2570, 226
2574, 224
2578, 249
2582, 235
2586, 214
2590, 238
2594, 233
2598, 251
2602, 199
2606, 203
2610, 219
2614, 208
2618, 219
2622, 208
2626, 199
2630, 213
2634, 201
2638, 217
2642, 206
2646, 195
2650, 215
2654, 197
2658, 215
2662, 182
2666, 206
2670, 193
2674, 200
2678, 203
2682, 167
2686, 178
2690, 186
2694, 210
2698, 193
2702, 204
2706, 181
2710, 184
2714, 164
2718, 173
2722, 180
2726, 172
2730, 178
2734, 192
2738, 179
2742, 178
2746, 192
2750, 171
2754, 163
2758, 170
2762, 206
2766, 192
2770, 162
2774, 173
2778, 172
2782, 169
2786, 181
2790, 170
2794, 157
2798, 190
2802, 196
2806, 171
2810, 158
2814, 233
2818, 267
2822, 311
2826, 369
2830, 466
2834, 350
2838, 260
2842, 195
2846, 191
2850, 178
2854, 163
2858, 163
2862, 139
2866, 141
2870, 166
2874, 146
2878, 158
2882, 161
2886, 144
2890, 150
2894, 155
2898, 152
2902, 132
2906, 156
2910, 159
2914, 142
2918, 121
2922, 155
2926, 146
2930, 132
2934, 142
2938, 147
2942, 145
2946, 133
2950, 143
2954, 150
2958, 144
2962, 142
2966, 125
2970, 143
2974, 137
2978, 151
2982, 122
2986, 126
2990, 136
2994, 146
2998, 127
3002, 126
3006, 118
3010, 149
3014, 141
3018, 139
3022, 135
3026, 145
3030, 114
3034, 132
3038, 125
3042, 123
3046, 115
3050, 134
3054, 98
3058, 119
3062, 124
3066, 129
3070, 111
3074, 133
3078, 121
3082, 142
3086, 133
3090, 114
3094, 114
3098, 108
3102, 120
3106, 127
3110, 159
3114, 267
3118, 533
3122, 1037
3126, 1645
3130, 1412
3134, 712
3138, 291
3142, 155
3146, 124
3150, 101
3154, 103
3158, 115
3162, 85
3166, 108
3170, 121
3174, 103
3178, 87
3182, 114
3186, 122
3190, 106
3194, 121
3198, 108
3202, 102
3206, 127
3210, 111
3214, 140
3218, 117
3222, 145
3226, 262
3230, 703
3234, 1991
3238, 4146
3242, 7506
3246, 8418
3250, 5377
3254, 1859
3258, 471
3262, 179
3266, 114
3270, 116
3274, 83
3278, 104
3282, 89
3286, 94
3290, 72
3294, 88
3298, 84
3302, 82
3306, 91
3310, 91
3314, 98
3318, 90
3322, 83
3326, 83
3330, 89
3334, 76
3338, 80
3342, 81
3346, 89
3350, 82
3354, 69
3358, 68
3362, 85
3366, 79
3370, 100
3374, 92
3378, 76
3382, 88
3386, 68
3390, 93
3394, 97
3398, 63
3402, 71
3406, 80
3410, 73
3414, 75
3418, 78
3422, 57
3426, 84
3430, 76
3434, 77
3438, 95
3442, 76
3446, 74
3450, 82
3454, 79
3458, 78
3462, 81
3466, 87
3470, 93
3474, 62
3478, 74
3482, 74
3486, 78
3490, 83
3494, 55
3498, 79
3502, 75
3506, 75
3510, 67
3514, 67
3518, 61
3522, 100
3526, 76
3530, 66
3534, 72
3538, 56
3542, 77
3546, 85
3550, 76
3554, 68
3558, 76
3562, 76
3566, 79
3570, 75
3574, 80
3578, 76
3582, 73
3586, 69
3590, 83
3594, 80
3598, 81
3602, 71
3606, 69
3610, 71
3614, 72
3618, 74
3622, 63
3626, 72
3630, 78
3634, 65
3638, 69
3642, 74
3646, 71
3650, 77
3654, 71
3658, 84
3662, 68
3666, 79
3670, 83
3674, 75
3678, 91
3682, 70
3686, 71
3690, 61
3694, 61
3698, 61
3702, 68
3706, 66
3710, 67
3714, 71
3718, 80
3722, 70
3726, 55
3730, 67
3734, 73
3738, 73
3742, 65
3746, 74
3750, 67
3754, 66
3758, 75
3762, 68
3766, 58
3770, 75
3774, 65
3778, 90
3782, 72
3786, 71
3790, 68
3794, 53
3798, 61
3802, 81
3806, 72
3810, 79
3814, 72
3818, 74
3822, 78
3826, 61
3830, 60
3834, 65
3838, 57
3842, 61
3846, 70
3850, 64
3854, 73
3858, 68
3862, 66
3866, 73
3870, 64
3874, 75
3878, 60
3882, 75
3886, 55
3890, 64
3894, 66
3898, 60
3902, 70
3906, 65
3910, 75
3914, 77
3918, 76
3922, 77
3926, 59
3930, 84
3934, 70
3938, 66
3942, 90
3946, 59
3950, 70
3954, 53
3958, 49
3962, 72
3966, 67
3970, 63
3974, 55
3978, 67
3982, 75
3986, 75
3990, 68
3994, 69
3998, 73
4002, 58
4006, 68
4010, 68
4014, 65
4018, 63
4022, 64
4026, 76
4030, 63
4034, 65
4038, 60
4042, 67
4046, 61
4050, 73
4054, 65
4058, 65
4062, 60
4066, 67
4070, 72
4074, 63
4078, 57
4082, 83
4086, 57
4090, 71
4094, 65
4098, 63
4102, 58
4106, 64
4110, 61
4114, 59
4118, 66
4122, 70
4126, 64
4130, 49
4134, 72
4138, 71
4142, 69
4146, 50
4150, 66
4154, 55
4158, 67
4162, 63
4166, 52
4170, 60
4174, 54
4178, 70
4182, 74
4186, 73
4190, 64
4194, 59
4198, 69
4202, 52
4206, 82
4210, 67
4214, 58
4218, 48
4222, 55
4226, 59
4230, 56
4234, 56
4238, 64
4242, 55
4246, 66
4250, 60
4254, 56
4258, 67
4262, 52
4266, 52
4270, 53
4274, 60
4278, 66
4282, 73
4286, 74
4290, 68
4294, 58
4298, 62
4302, 62
4306, 67
4310, 59
4314, 61
4318, 50
4322, 73
4326, 65
4330, 57
4334, 62
4338, 61
4342, 55
4346, 71
4350, 66
4354, 62
4358, 54
4362, 66
4366, 51
4370, 54
4374, 65
4378, 70
4382, 55
4386, 56
4390, 58
4394, 61
4398, 54
4402, 79
4406, 69
4410, 78
4414, 49
4418, 54
4422, 63
4426, 48
4430, 58
4434, 47
4438, 49
4442, 61
4446, 47
4450, 58
4454, 67
4458, 57
4462, 55
4466, 52
4470, 65
4474, 52
4478, 61
4482, 62
4486, 67
4490, 63
4494, 56
4498, 65
4502, 55
4506, 63
4510, 46
4514, 59
4518, 53
4522, 55
4526, 50
4530, 55
4534, 47
4538, 59
4542, 55
4546, 64
4550, 55
4554, 46
4558, 52
4562, 61
4566, 56
4570, 60
4574, 44
4578, 63
4582, 61
4586, 58
4590, 52
4594, 50
4598, 54
4602, 49
4606, 59
4610, 62
4614, 44
4618, 55
4622, 61
4626, 53
4630, 57
4634, 52
4638, 54
4642, 78
4646, 66
4650, 68
4654, 59
4658, 58
4662, 56
4666, 67
4670, 65
4674, 53
4678, 59
4682, 71
4686, 47
4690, 67
4694, 43
4698, 70
4702, 51
4706, 58
4710, 59
4714, 50
4718, 49
4722, 61
4726, 55
4730, 53
4734, 48
4738, 64
4742, 78
4746, 56
4750, 53
4754, 46
4758, 74
4762, 58
4766, 66
4770, 58
4774, 63
4778, 69
4782, 52
4786, 55
4790, 54
4794, 56
4798, 56
4802, 67
4806, 54
4810, 59
4814, 55
4818, 68
4822, 49
4826, 40
4830, 53
4834, 58
4838, 39
4842, 59
4846, 53
4850, 49
4854, 46
4858, 49
4862, 72
4866, 55
4870, 53
4874, 67
4878, 50
4882, 60
4886, 46
4890, 56
4894, 53
4898, 61
4902, 63
4906, 42
4910, 57
4914, 48
4918, 41
4922, 54
4926, 57
4930, 51
4934, 62
4938, 48
4942, 52
4946, 47
4950, 60
4954, 52
4958, 57
4962, 53
4966, 47
4970, 44
4974, 49
4978, 56
4982, 58
4986, 49
4990, 50
4994, 47
4998, 56
5002, 49
5006, 50
5010, 54
5014, 39
5018, 47
5022, 55
5026, 48
5030, 52
5034, 55
5038, 56
5042, 47
5046, 57
5050, 62
5054, 57
5058, 43
5062, 31
5066, 68
5070, 50
5074, 53
5078, 53
5082, 51
5086, 48
5090, 48
5094, 45
5098, 55
5102, 60
5106, 46
5110, 51
5114, 53
5118, 47
5122, 60
5126, 51
5130, 53
5134, 57
5138, 55
5142, 49
5146, 49
5150, 45
5154, 52
5158, 44
5162, 47
5166, 51
5170, 44
5174, 53
5178, 43
5182, 42
5186, 44
5190, 38
5194, 62
5198, 34
5202, 59
5206, 48
5210, 56
5214, 52
5218, 51
5222, 42
5226, 44
5230, 57
5234, 44
5238, 59
5242, 26
5246, 53
5250, 56
5254, 50
5258, 49
5262, 56
5266, 54
5270, 45
5274, 53
5278, 45
5282, 53
5286, 47
5290, 48
5294, 40
5298, 39
5302, 40
5306, 51
5310, 48
5314, 46
5318, 54
5322, 39
5326, 43
5330, 59
5334, 53
5338, 67
5342, 53
5346, 46
5350, 39
5354, 49
5358, 45
5362, 44
5366, 45
5370, 44
5374, 50
5378, 46
5382, 56
5386, 52
5390, 46
5394, 47
5398, 46
5402, 52
5406, 50
5410, 36
5414, 50
5418, 45
5422, 50
5426, 56
5430, 43
5434, 38
5438, 42
5442, 50
5446, 53
5450, 43
5454, 56
5458, 30
5462, 47
5466, 49
5470, 63
5474, 72
5478, 121
5482, 189
5486, 218
5490, 218
5494, 147
5498, 70
5502, 67
5506, 60
5510, 60
5514, 46
5518, 45
5522, 44
5526, 51
5530, 52
5534, 43
5538, 58
5542, 51
5546, 46
5550, 53
5554, 40
5558, 46
5562, 45
5566, 51
5570, 48
5574, 39
5578, 60
5582, 38
5586, 40
5590, 53
5594, 51
5598, 59
5602, 49
5606, 56
5610, 62
5614, 37
5618, 48
5622, 65
5626, 45
5630, 43
5634, 50
5638, 32
5642, 51
5646, 37
5650, 52
5654, 47
5658, 45
5662, 33
5666, 41
5670, 48
5674, 58
5678, 45
5682, 48
5686, 44
5690, 47
5694, 45
5698, 54
5702, 41
5706, 45
5710, 51
5714, 52
5718, 41
5722, 48
5726, 43
5730, 58
5734, 45
5738, 54
5742, 45
5746, 69
5750, 55
5754, 62
5758, 54
5762, 45
5766, 44
5770, 44
5774, 54
5778, 43
5782, 44
5786, 57
5790, 53
5794, 59
5798, 54
5802, 52
5806, 49
5810, 61
5814, 52
5818, 50
5822, 48
5826, 54
5830, 40
5834, 44
5838, 47
5842, 51
5846, 35
5850, 58
5854, 54
5858, 52
5862, 37
5866, 37
5870, 54
5874, 41
5878, 56
5882, 57
5886, 45
5890, 45
5894, 54
5898, 52
5902, 46
5906, 56
5910, 60
5914, 40
5918, 40
5922, 50
5926, 48
5930, 40
5934, 59
5938, 47
5942, 41
5946, 40
5950, 41
5954, 47
5958, 40
5962, 52
5966, 59
5970, 64
5974, 40
5978, 59
5982, 38
5986, 53
5990, 49
5994, 45
5998, 43
6002, 36
6006, 38
6010, 35
6014, 54
6018, 52
6022, 53
6026, 43
6030, 44
6034, 54
6038, 38
6042, 57
6046, 48
6050, 55
6054, 39
6058, 55
6062, 50
6066, 45
6070, 41
6074, 53
6078, 54
6082, 36
6086, 46
6090, 53
6094, 44
6098, 50
6102, 39
6106, 40
6110, 57
6114, 41
6118, 39
6122, 54
6126, 42
6130, 50
6134, 48
6138, 44
6142, 36
6146, 56
6150, 53
6154, 35
6158, 36
6162, 46
6166, 49
6170, 58
6174, 43
6178, 50
6182, 58
6186, 54
6190, 51
6194, 33
6198, 52
6202, 48
6206, 44
6210, 44
6214, 51
6218, 52
6222, 39
6226, 51
6230, 54
6234, 39
6238, 40
6242, 47
6246, 37
6250, 43
6254, 59
6258, 47
6262, 55
6266, 44
6270, 41
6274, 39
6278, 37
6282, 46
6286, 44
6290, 49
6294, 40
6298, 42
6302, 40
6306, 30
6310, 46
6314, 34
6318, 50
6322, 49
6326, 49
6330, 51
6334, 53
6338, 44
6342, 46
6346, 36
6350, 53
6354, 34
6358, 52
6362, 47
6366, 55
6370, 51
6374, 35
6378, 45
6382, 48
6386, 51
6390, 50
6394, 44
6398, 42
6402, 49
6406, 50
6410, 46
6414, 51
6418, 52
6422, 64
6426, 57
6430, 51
6434, 50
6438, 56
6442, 49
6446, 52
6450, 47
6454, 49
6458, 38
6462, 40
6466, 55
6470, 41
6474, 38
6478, 53
6482, 38
6486, 44
6490, 62
6494, 39
6498, 33
6502, 40
6506, 51
6510, 42
6514, 44
6518, 51
6522, 47
6526, 45
6530, 43
6534, 45
6538, 45
6542, 38
6546, 50
6550, 49
6554, 39
6558, 50
6562, 43
6566, 41
6570, 52
6574, 36
6578, 49
6582, 39
6586, 55
6590, 36
6594, 54
6598, 39
6602, 45
6606, 50
6610, 37
6614, 34
6618, 50
6622, 46
6626, 40
6630, 52
6634, 37
6638, 51
6642, 43
6646, 40
6650, 47
6654, 46
6658, 50
6662, 35
6666, 52
6670, 53
6674, 52
6678, 47
6682, 54
6686, 47
6690, 45
6694, 45
6698, 41
6702, 38
6706, 59
6710, 42
6714, 49
6718, 41
6722, 46
6726, 48
6730, 38
6734, 46
6738, 53
6742, 53
6746, 46
6750, 51
6754, 52
6758, 57
6762, 45
6766, 48
6770, 58
6774, 39
6778, 44
6782, 36
6786, 37
6790, 39
6794, 41
6798, 44
6802, 47
6806, 44
6810, 46
6814, 44
6818, 36
6822, 49
6826, 41
6830, 45
6834, 37
6838, 46
6842, 40
6846, 50
6850, 48
6854, 40
6858, 57
6862, 45
6866, 45
6870, 56
6874, 52
6878, 49
6882, 41
6886, 49
6890, 40
6894, 40
6898, 41
6902, 51
6906, 42
6910, 43
6914, 44
6918, 30
6922, 41
6926, 44
6930, 48
6934, 48
6938, 45
6942, 50
6946, 48
6950, 45
6954, 51
6958, 34
6962, 34
6966, 45
6970, 47
6974, 42
6978, 46
6982, 56
6986, 45
6990, 43
6994, 39
6998, 48
7002, 55
7006, 52
7010, 43
7014, 43
7018, 40
7022, 31
7026, 49
7030, 37
7034, 35
7038, 31
7042, 37
7046, 54
7050, 67
7054, 52
7058, 45
7062, 49
7066, 44
7070, 42
7074, 45
7078, 43
7082, 41
7086, 46
7090, 47
7094, 34
7098, 41
7102, 38
7106, 53
7110, 41
7114, 44
7118, 46
7122, 49
7126, 44
7130, 53
7134, 43
7138, 40
7142, 35
7146, 45
7150, 49
7154, 46
7158, 46
7162, 57
7166, 52
7170, 45
7174, 62
7178, 49
7182, 48
7186, 49
7190, 51
7194, 61
7198, 54
7202, 46
7206, 56
7210, 47
7214, 50
7218, 48
7222, 46
7226, 42
7230, 47
7234, 48
7238, 56
7242, 44
7246, 44
7250, 50
7254, 40
7258, 49
7262, 40
7266, 47
7270, 64
7274, 46
7278, 50
7282, 44
7286, 36
7290, 51
7294, 48
7298, 41
7302, 44
7306, 50
7310, 54
7314, 33
7318, 46
7322, 43
7326, 43
7330, 30
7334, 44
7338, 46
7342, 53
7346, 50
7350, 40
7354, 45
7358, 44
7362, 52
7366, 50
7370, 46
7374, 48
7378, 38
7382, 45
7386, 54
7390, 51
7394, 51
7398, 39
7402, 45
7406, 51
7410, 41
7414, 43
7418, 33
7422, 50
7426, 54
7430, 56
7434, 54
7438, 50
7442, 50
7446, 40
7450, 35
7454, 52
7458, 50
7462, 34
7466, 41
7470, 38
7474, 51
7478, 44
7482, 44
7486, 48
7490, 39
7494, 43
7498, 54
7502, 60
7506, 48
7510, 36
7514, 44
7518, 50
7522, 45
7526, 38
7530, 44
7534, 34
7538, 53
7542, 54
7546, 45
7550, 52
7554, 57
7558, 49
7562, 52
7566, 44
7570, 52
7574, 51
7578, 46
7582, 48
7586, 46
7590, 51
7594, 50
7598, 44
7602, 36
7606, 46
7610, 48
7614, 54
7618, 51
7622, 45
7626, 46
7630, 33
7634, 40
7638, 46
7642, 54
7646, 42
7650, 42
7654, 43
7658, 41
7662, 53
7666, 43
7670, 51
7674, 46
7678, 53
7682, 48
7686, 33
7690, 48
7694, 43
7698, 42
7702, 43
7706, 36
7710, 51
7714, 42
7718, 44
7722, 53
7726, 45
7730, 50
7734, 38
7738, 52
7742, 37
7746, 50
7750, 44
7754, 50
7758, 48
7762, 44
7766, 44
7770, 54
7774, 45
7778, 44
7782, 52
7786, 49
7790, 44
7794, 56
7798, 41
7802, 49
7806, 43
7810, 35
7814, 45
7818, 47
7822, 45
7826, 41
7830, 50
7834, 35
7838, 50
7842, 43
7846, 57
7850, 44
7854, 46
7858, 53
7862, 56
7866, 55
7870, 39
7874, 39
7878, 48
7882, 50
7886, 40
7890, 45
7894, 36
7898, 53
7902, 40
7906, 45
7910, 42
7914, 49
7918, 41
7922, 53
7926, 40
7930, 45
7934, 47
7938, 46
7942, 48
7946, 44
7950, 47
7954, 54
7958, 51
7962, 47
7966, 43
7970, 49
7974, 46
7978, 42
7982, 44
7986, 44
7990, 53
7994, 47
7998, 44
8002, 53
8006, 53
8010, 35
8014, 48
8018, 49
8022, 55
8026, 54
8030, 45
8034, 60
8038, 56
8042, 41
8046, 48
8050, 41
8054, 47
8058, 45
8062, 40
8066, 58
8070, 63
8074, 44
8078, 53
8082, 54
8086, 51
8090, 46
8094, 67
8098, 59
8102, 45
8106, 42
8110, 46
8114, 50
8118, 47
8122, 53
8126, 52
8130, 41
8134, 60
8138, 64
8142, 56
8146, 44
8150, 59
8154, 63
8158, 53
8162, 46
8166, 44
8170, 54
8174, 47
8178, 57
8182, 41
8186, 46
8190, 65
8194, 52
8198, 44
8202, 47
8206, 46
8210, 47
8214, 56
8218, 56
8222, 50
8226, 37
8230, 57
8234, 45
8238, 61
8242, 44
8246, 53
8250, 57
8254, 49
8258, 42
8262, 63
8266, 57
8270, 61
8274, 51
8278, 54
8282, 58
8286, 44
8290, 68
8294, 74
8298, 84
8302, 105
8306, 148
8310, 150
8314, 191
8318, 169
8322, 148
8326, 93
8330, 75
8334, 64
8338, 62
8342, 49
8346, 63
8350, 48
8354, 48
8358, 51
8362, 45
8366, 54
8370, 59
8374, 48
8378, 46
8382, 49
8386, 46
8390, 47
8394, 62
8398, 52
8402, 59
8406, 54
8410, 60
8414, 54
8418, 52
8422, 55
8426, 53
8430, 58
8434, 53
8438, 67
8442, 61
8446, 57
8450, 49
8454, 44
8458, 44
8462, 49
8466, 40
8470, 60
8474, 61
8478, 53
8482, 57
8486, 53
8490, 53
8494, 45
8498, 57
8502, 60
8506, 56
8510, 50
8514, 53
8518, 57
8522, 48
8526, 52
8530, 43
8534, 67
8538, 66
8542, 55
8546, 56
8550, 47
8554, 67
8558, 46
8562, 58
8566, 51
8570, 41
8574, 46
8578, 63
8582, 50
8586, 54
8590, 58
8594, 51
8598, 50
8602, 51
8606, 68
8610, 79
8614, 72
8618, 72
8622, 54
8626, 54
8630, 42
8634, 56
8638, 50
8642, 64
8646, 57
8650, 54
8654, 56
8658, 55
8662, 68
8666, 66
8670, 59
8674, 57
8678, 57
8682, 56
8686, 61
8690, 67
8694, 44
8698, 45
8702, 54
8706, 64
8710, 61
8714, 64
8718, 75
8722, 54
8726, 55
8730, 64
8734, 47
8738, 54
8742, 64
8746, 68
8750, 59
8754, 53
8758, 71
8762, 72
8766, 79
8770, 53
8774, 63
8778, 59
8782, 70
8786, 47
8790, 65
8794, 50
8798, 51
8802, 61
8806, 66
8810, 56
8814, 61
8818, 59
8822, 67
8826, 48
8830, 69
8834, 64
8838, 59
8842, 63
8846, 64
8850, 57
8854, 50
8858, 73
8862, 68
8866, 56
8870, 54
8874, 47
8878, 65
8882, 70
8886, 65
8890, 49
8894, 44
8898, 65
8902, 50
8906, 45
8910, 51
8914, 80
8918, 57
8922, 62
8926, 48
8930, 56
8934, 57
8938, 58
8942, 58
8946, 45
8950, 70
8954, 45
8958, 67
8962, 52
8966, 56
8970, 68
8974, 73
8978, 48
8982, 57
8986, 57
8990, 59
8994, 61
8998, 84
9002, 72
9006, 65
9010, 72
9014, 64
9018, 72
9022, 68
9026, 58
9030, 55
9034, 51
9038, 59
9042, 65
9046, 55
9050, 72
9054, 69
9058, 61
9062, 62
9066, 68
9070, 74
9074, 71
9078, 77
9082, 56
9086, 62
9090, 66
9094, 56
9098, 75
9102, 68
9106, 69
9110, 68
9114, 63
9118, 57
9122, 70
9126, 60
9130, 54
9134, 68
9138, 67
9142, 61
9146, 67
9150, 63
9154, 71
9158, 77
9162, 81
9166, 52
9170, 64
9174, 66
9178, 79
9182, 68
9186, 55
9190, 61
9194, 72
9198, 50
9202, 65
9206, 51
9210, 75
9214, 68
9218, 61
9222, 58
9226, 59
9230, 75
9234, 62
9238, 66
9242, 59
9246, 73
9250, 62
9254, 80
9258, 84
9262, 62
9266, 58
9270, 67
9274, 76
9278, 69
9282, 71
9286, 84
9290, 61
9294, 76
9298, 78
9302, 75
9306, 72
9310, 78
9314, 75
9318, 91
9322, 65
9326, 73
9330, 69
9334, 50
9338, 74
9342, 67
9346, 62
9350, 68
9354, 76
9358, 73
9362, 67
9366, 66
9370, 68
9374, 66
9378, 74
9382, 73
9386, 73
9390, 63
9394, 82
9398, 68
9402, 70
9406, 73
9410, 64
9414, 87
9418, 91
9422, 75
9426, 76
9430, 76
9434, 75
9438, 83
9442, 73
9446, 64
9450, 82
9454, 67
9458, 88
9462, 91
9466, 65
9470, 59
9474, 80
9478, 66
9482, 73
9486, 95
9490, 84
9494, 75
9498, 70
9502, 75
9506, 67
9510, 80
9514, 92
9518, 84
9522, 97
9526, 93
9530, 67
9534, 79
9538, 72
9542, 81
9546, 91
9550, 75
9554, 68
9558, 101
9562, 88
9566, 88
9570, 100
9574, 79
9578, 82
9582, 86
9586, 92
9590, 76
9594, 83
9598, 77
9602, 84
9606, 85
9610, 90
9614, 76
9618, 54
9622, 84
9626, 90
9630, 84
9634, 78
9638, 83
9642, 73
9646, 83
9650, 75
9654, 77
9658, 100
9662, 90
9666, 87
9670, 82
9674, 83
9678, 91
9682, 79
9686, 94
9690, 75
9694, 76
9698, 87
9702, 102
9706, 81
9710, 80
9714, 78
9718, 77
9722, 79
9726, 73
9730, 89
9734, 85
9738, 88
9742, 98
9746, 102
9750, 81
9754, 100
9758, 101
9762, 91
9766, 92
9770, 98
9774, 96
9778, 92
9782, 85
9786, 85
9790, 105
9794, 91
9798, 86
9802, 93
9806, 76
9810, 101
9814, 78
9818, 101
9822, 95
9826, 80
9830, 84
9834, 86
9838, 106
9842, 90
9846, 87
9850, 80
9854, 92
9858, 87
9862, 88
9866, 82
9870, 86
9874, 71
9878, 91
9882, 68
9886, 84
9890, 73
9894, 66
9898, 69
9902, 58
9906, 68
9910, 70
9914, 64
9918, 60
9922, 73
9926, 63
9930, 65
9934, 52
9938, 55
9942, 71
9946, 55
9950, 50
9954, 51
9958, 47
9962, 55
9966, 69
9970, 60
9974, 56
9978, 49
9982, 61
9986, 57
9990, 43
9994, 51
9998, 53
10002, 59
10006, 62
10010, 45
10014, 54
10018, 66
10022, 63
10026, 56
10030, 56
10034, 44
10038, 49
10042, 47
10046, 45
10050, 57
10054, 54
10058, 51
10062, 55
10066, 38
10070, 53
10074, 56
10078, 47
10082, 69
10086, 46
10090, 50
10094, 39
10098, 49
10102, 55
10106, 38
10110, 59
10114, 55
10118, 58
10122, 48
10126, 51
10130, 46
10134, 58
10138, 48
10142, 49
10146, 48
10150, 35
10154, 47
10158, 44
10162, 46
10166, 62
10170, 39
10174, 52
10178, 54
10182, 53
10186, 54
10190, 51
10194, 38
10198, 46
10202, 51
10206, 38
10210, 44
10214, 40
10218, 50
10222, 43
10226, 43
10230, 41
10234, 38
10238, 43
10242, 43
10246, 40
10250, 43
10254, 45
10258, 51
10262, 38
10266, 41
10270, 43
10274, 41
10278, 34
10282, 33
10286, 37
10290, 37
10294, 36
10298, 64
10302, 30
10306, 33
10310, 42
10314, 45
10318, 39
10322, 32
10326, 41
10330, 45
10334, 38
10338, 24
10342, 40
10346, 24
10350, 28
10354, 28
10358, 42
10362, 28
10366, 29
10370, 27
10374, 37
10378, 37
10382, 27
10386, 30
10390, 27
10394, 28
10398, 31
10402, 30
10406, 31
10410, 28
10414, 37
10418, 23
10422, 20
10426, 30
10430, 26
10434, 14
10438, 32
10442, 25
10446, 22
10450, 23
10454, 30
10458, 17
10462, 32
10466, 24
10470, 23
10474, 13
10478, 26
10482, 21
10486, 22
10490, 23
10494, 23
10498, 22
10502, 27
10506, 19
10510, 24
10514, 19
10518, 23
10522, 11
10526, 18
10530, 15
10534, 26
10538, 20
10542, 23
10546, 12
10550, 23
10554, 7
10558, 15
10562, 17
10566, 12
10570, 16
10574, 14
10578, 10
10582, 17
10586, 18
10590, 10
10594, 10
10598, 6
10602, 11
10606, 7
10610, 18
10614, 5
10618, 12
10622, 8
10626, 13
10630, 13
10634, 14
10638, 21
10642, 9
10646, 8
10650, 8
10654, 18
10658, 15
10662, 11
10666, 12
10670, 23
10674, 18
10678, 14
10682, 11
10686, 5
10690, 11
10694, 9
10698, 8
10702, 19
10706, 7
10710, 7
10714, 8
10718, 9
10722, 12
10726, 11
10730, 12
10734, 7
10738, 9
10742, 6
10746, 15
10750, 12
10754, 9
10758, 10
10762, 13
10766, 8
10770, 6
10774, 11
10778, 10
10782, 10
10786, 8
10790, 9
10794, 14
10798, 12
10802, 8
10806, 12
10810, 10
10814, 10
10818, 13
10822, 14
10826, 10
10830, 7
10834, 12
10838, 9
10842, 13
10846, 6
10850, 17
10854, 7
10858, 6
10862, 7
10866, 7
10870, 8
10874, 9
10878, 8
10882, 12
10886, 13
10890, 8
10894, 8
10898, 7
10902, 5
10906, 8
10910, 16
10914, 6
10918, 6
10922, 11
10926, 10
10930, 14
10934, 6
10938, 7
10942, 13
10946, 6
10950, 6
10954, 8
10958, 9
10962, 11
10966, 8
10970, 10
10974, 8
10978, 6
10982, 9
10986, 5
10990, 7
10994, 5
10998, 7
11002, 8
11006, 8
11010, 21
11014, 4
11018, 15
11022, 9
11026, 10
11030, 7
11034, 4
11038, 6
11042, 12
11046, 8
11050, 3
11054, 12
11058, 11
11062, 8
11066, 8
11070, 7
11074, 7
11078, 9
11082, 8
11086, 13
11090, 8
11094, 10
11098, 10
11102, 11
11106, 27
11110, 40
11114, 65
11118, 194
11122, 457
11126, 973
11130, 1830
11134, 2615
11138, 2793
11142, 2440
11146, 1369
11150, 551
11154, 159
11158, 51
11162, 14
11166, 10
11170, 10
11174, 5
11178, 11
11182, 4
11186, 6
11190, 4
11194, 3
11198, 3
11202, 2
11206, 1
11210, 5
11214, 6
11218, 2
11222, 4
11226, 6
11230, 8
11234, 5
11238, 5
11242, 7
11246, 3
11250, 6
11254, 4
11258, 5
11262, 6
11266, 3
11270, 3
11274, 2
11278, 3
11282, 1
11286, 3
11290, 1
11294, 5
11298, 3
11302, 4
11306, 1
11310, 2
11314, 4
11318, 2
11322, 3
11326, 5
11330, 2
11334, 2
11338, 6
11342, 4
11346, 3
11350, 3
11354, 4
11358, 2
11366, 5
11370, 2
11374, 4
11378, 2
11382, 4
11386, 6
11390, 3
11394, 4
11398, 3
11402, 5
11406, 14
11410, 8
11414, 10
11418, 11
11422, 11
11426, 15
11430, 12
11434, 18
11438, 12
11442, 19
11446, 10
11450, 3
11454, 2
11458, 3
11462, 4
11466, 2
11470, 2
11474, 5
11478, 7
11486, 3
11490, 8
11494, 2
11498, 4
11502, 4
11506, 4
11510, 3
11514, 5
11518, 2
11522, 2
11526, 5
11530, 2
11534, 2
11538, 4
11542, 5
11546, 3
11550, 6
11554, 2
11558, 6
11566, 3
11570, 5
11574, 4
11578, 6
11582, 2
11586, 6
11590, 1
11594, 1
11598, 3
11606, 4
11610, 3
11614, 4
11618, 1
11622, 6
11626, 2
11630, 2
11634, 5
11638, 2
11642, 3
11646, 6
11650, 3
11654, 3
11658, 3
11662, 1
11666, 4
11670, 3
11674, 5
11678, 2
11682, 3
11686, 2
11694, 3
11698, 2
11702, 5
11706, 1
11714, 3
11718, 3
11722, 5
11726, 3
11730, 4
11734, 2
11738, 6
11742, 5
11746, 2
11750, 8
11754, 7
11758, 1
11762, 5
11766, 2
11770, 3
11774, 2
11778, 5
11782, 2
11786, 4
11790, 6
11794, 2
11798, 6
11802, 1
11806, 3
11810, 4
11814, 4
11818, 1
11822, 3
11826, 4
11830, 6
11834, 1
11838, 6
11842, 7
11846, 3
11850, 3
11854, 6
11858, 5
11862, 2
11866, 2
11870, 5
11874, 2
11878, 2
11882, 9
11890, 1
11894, 2
11898, 8
11902, 4
11906, 2
11910, 3
11914, 3
11918, 3
11922, 2
11926, 1
11930, 3
11934, 2
11938, 3
11942, 3
11946, 3
11950, 5
11954, 5
11958, 2
11962, 2
11966, 3
11970, 3
11974, 6
11978, 3
11982, 3
11986, 4
11990, 7
11994, 3
11998, 3
12002, 2
12006, 4
12010, 4
12014, 2
12018, 2
12022, 2
12026, 5
12030, 6
12034, 6
12038, 7
12042, 2
12046, 5
12050, 3
12058, 1
12062, 5
12066, 4
12070, 7
12074, 6
12078, 4
12082, 3
12086, 8
12094, 6
12098, 6
12102, 3
12106, 8
12110, 1
12114, 3
12118, 5
12122, 3
12126, 2
12130, 3
12134, 7
12138, 1
12142, 3
12146, 1
12150, 3
12154, 3
12158, 4
12162, 6
12166, 5
12170, 4
12174, 3
12178, 8
12182, 6
12186, 6
12190, 5
12194, 7
12198, 7
12202, 2
12210, 5
12214, 4
12218, 3
12222, 6
12226, 2
12230, 2
12234, 3
12238, 2
12242, 8
12246, 5
12250, 2
12254, 4
12258, 3
12262, 2
12266, 2
12270, 6
12274, 1
12278, 4
12282, 1
12286, 5
12290, 4
12294, 9
12298, 2
12302, 1
12306, 7
12310, 3
12314, 6
12318, 3
12322, 1
12326, 3
12330, 4
12334, 6
12338, 1
12342, 2
12346, 2
12350, 7
12358, 5
12362, 4
12370, 2
12374, 4
12378, 4
12382, 8
12386, 3
12390, 4
12394, 5
12398, 2
12402, 5
12406, 3
12410, 3
12414, 4
12418, 6
12422, 2
12426, 3
12430, 6
12434, 1
12438, 8
12442, 2
12446, 5
12450, 5
12454, 5
12458, 6
12462, 6
12466, 2
12470, 9
12474, 4
12478, 4
12482, 5
12486, 3
12490, 5
12494, 2
12502, 4
12506, 9
12510, 4
12514, 9
12518, 6
12522, 4
12526, 3
12530, 4
12534, 5
12542, 6
12546, 2
12550, 5
12554, 4
12558, 5
12562, 1
12566, 8
12570, 3
12574, 6
12578, 5
12582, 2
12586, 3
12590, 1
12594, 3
12598, 3
12602, 8
12610, 6
12614, 5
12618, 3
12622, 1
12626, 3
12630, 4
12634, 10
12638, 6
12642, 4
12646, 4
12650, 4
12654, 4
12658, 4
12662, 7
12666, 6
12670, 6
12674, 6
12678, 3
12682, 5
12686, 3
12690, 4
12694, 3
12698, 5
12702, 9
12706, 5
12710, 3
12714, 6
12718, 6
12722, 7
12726, 2
12730, 2
12734, 3
12738, 5
12742, 8
12746, 5
12750, 4
12754, 3
12758, 6
12762, 4
12766, 1
12770, 7
12774, 5
12778, 4
12782, 5
12786, 2
12790, 3
12794, 5
12798, 4
12802, 5
12806, 9
12810, 6
12814, 6
12818, 4
12822, 5
12826, 6
12830, 7
12834, 5
12838, 6
12842, 4
12846, 3
12850, 1
12854, 6
12858, 4
12862, 3
12866, 3
12870, 6
12874, 6
12878, 4
12882, 2
12886, 6
12890, 4
12894, 2
12898, 1
12902, 8
12906, 6
12910, 5
12914, 6
12918, 3
12922, 2
12926, 10
12930, 3
12934, 3
12938, 3
12942, 3
12946, 7
12950, 5
12954, 6
12958, 4
12962, 6
12966, 3
12970, 4
12974, 1
12978, 4
12982, 4
12986, 4
12990, 1
12994, 5
12998, 4
13002, 5
13006, 2
13010, 4
13014, 5
13018, 5
13022, 3
13026, 7
13030, 7
13034, 3
13038, 4
13042, 2
13046, 5
13050, 5
13054, 3
13058, 4
13062, 2
13066, 6
13070, 4
13074, 1
13078, 3
13082, 2
13086, 5
13090, 1
13094, 2
13098, 4
13102, 3
13106, 3
13110, 3
13114, 3
13118, 3
13122, 7
13126, 4
13142, 2
13146, 3
13150, 4
13154, 2
13158, 3
13162, 2
13166, 1
13170, 4
13174, 5
13178, 2
13182, 1
13186, 2
13190, 5
13194, 2
13198, 1
13202, 4
13206, 5
13210, 4
13214, 2
13218, 4
13222, 2
13226, 4
13230, 2
13234, 4
13238, 4
13242, 1
13246, 1
13250, 1
13254, 3
13258, 1
13262, 2
13266, 1
13270, 6
13278, 3
13282, 3
13286, 3
13290, 1
13294, 3
13298, 5
13302, 1
13306, 3
13310, 4
13314, 2
13322, 2
13326, 4
13330, 4
13334, 1
13338, 2
13342, 2
13346, 4
13350, 5
13354, 2
13358, 4
13362, 7
13366, 3
13370, 1
13374, 3
13382, 2
13386, 4
13390, 2
13394, 1
13398, 3
13402, 2
13406, 1
13414, 2
13418, 5
13422, 2
13426, 6
13430, 1
13434, 1
13438, 2
13442, 3
13446, 5
13450, 4
13458, 6
13462, 1
13470, 1
13474, 3
13478, 3
13482, 9
13486, 2
13490, 3
13494, 5
13498, 1
13506, 3
13510, 2
13514, 2
13518, 4
13522, 3
13526, 1
13530, 7
13534, 3
13538, 3
13542, 2
13546, 2
13550, 2
13554, 3
13558, 1
13562, 2
13566, 2
13570, 2
13574, 3
13578, 2
13582, 2
13586, 2
13590, 5
13594, 3
13602, 1
13606, 2
13610, 1
13614, 3
13618, 2
13622, 3
13626, 1
13630, 1
13634, 1
13638, 3
13646, 2
13650, 1
13654, 1
13658, 2
13662, 2
13666, 1
13686, 1
13690, 3
13706, 4
13710, 2
13714, 3
13718, 1
13726, 2
13730, 2
13734, 1
13742, 1
13746, 1
13754, 2
13762, 2
13770, 1
13774, 2
13778, 2
13782, 1
13794, 1
13806, 1
13810, 3
13826, 1
13830, 2
13842, 1
13846, 2
13858, 1
13870, 1
13878, 1
13882, 2
13886, 2
13890, 2
13894, 1
13898, 1
13902, 4
13906, 2
13910, 1
13914, 2
13918, 1
13922, 2
13926, 1
13934, 1
13938, 1
13942, 1
13946, 1
13950, 1
13954, 1
13958, 1
13962, 1
13966, 1
13974, 2
13990, 1
13994, 2
13998, 1
14006, 1
14018, 1
14038, 1
14054, 1
14058, 1
14070, 1
14078, 2
14094, 2
14098, 3
14102, 1
14106, 3
14110, 1
14114, 1
14118, 2
14126, 1
14130, 2
14138, 2
14142, 1
14150, 2
14158, 1
14162, 2
14166, 1
14174, 1
14186, 1
14190, 1
14198, 1
14202, 1
14206, 2
14218, 3
14222, 1
14226, 2
14230, 5
14234, 5
14238, 12
14242, 19
14246, 34
14250, 59
14254, 96
14258, 115
14262, 112
14266, 70
14270, 49
14274, 30
14278, 15
14282, 1
14286, 2
14290, 1
14302, 1
14314, 2
14318, 1
14322, 1
14326, 1
14330, 1
14334, 1
14350, 1
14354, 2
14358, 1
14362, 4
14366, 2
14370, 5
14374, 10
14378, 8
14382, 6
14386, 5
14390, 3
14394, 2
14402, 1
14406, 3
14410, 2
14414, 1
14426, 1
14430, 1
14438, 1
14442, 2
14450, 3
14454, 2
14458, 3
14462, 3
14466, 4
14470, 1
14490, 1
14494, 2
14506, 1
14510, 3
14518, 1
14534, 1
14546, 1
14562, 1
14586, 1
14594, 1
14602, 1
14610, 1
14634, 1
14670, 1
14678, 1
14702, 1
14706, 1
14710, 2
14714, 1
14730, 1
14734, 1
14750, 2
14762, 1
14766, 1
14770, 1
14786, 1
14802, 2
14806, 1
14834, 1
14838, 1
14842, 2
14870, 1
14890, 1
14894, 1
14898, 1
14902, 1
14906, 1
14910, 1
14914, 1
14918, 1
14930, 1
14934, 2
14958, 3
14962, 1
14966, 2
14970, 3
14982, 1
14986, 1
14998, 2
15010, 1
15014, 1
15018, 1
15026, 1
15030, 1
15038, 2
15042, 2
15050, 2
15058, 1
15062, 1
15066, 1
15070, 2
15074, 3
15078, 1
15082, 1
15086, 2
15090, 2
15094, 2
15110, 1
15114, 1
15118, 1
15122, 1
15130, 1
15134, 1
15158, 1
15186, 1
15190, 1
15218, 2
15222, 1
15226, 2
15230, 1
15242, 1
15246, 2
15262, 1
15266, 1
15278, 1
15298, 1
15302, 1
15306, 3
15314, 1
15342, 1
15350, 1
15354, 1
15362, 1
15366, 1
15374, 1
15390, 1
15394, 1
15398, 1
15414, 1
15418, 2
15422, 1
15446, 1
15450, 1
15454, 2
15478, 1
15490, 2
15494, 1
15506, 1
15514, 1
15522, 1
15542, 1
15566, 1
15582, 1
15586, 1
15614, 1
15630, 1
15638, 1
15654, 1
15682, 1
15710, 1
15718, 2
15722, 1
15738, 1
15742, 1
15758, 1
15774, 1
15778, 1
15790, 5
15794, 1
15798, 2
15802, 1
15806, 1
15818, 2
15826, 1
15866, 1
15870, 1
15874, 2
15886, 1
15890, 2
15894, 1
15898, 1
15902, 2
15906, 1
15910, 1
15914, 3
15918, 2
15926, 1
15934, 1
15946, 1
15958, 1
15970, 3
15982, 1
15990, 1
