2, 285573
6, 15874
10, 3119
14, 1236
18, 2916
22, 4269
26, 4574
30, 5479
34, 7202
38, 8859
42, 10032
46, 11126
50, 11940
54, 12594
58, 12463
62, 12855
66, 12740
70, 12954
74, 13142
78, 13056
82, 13209
86, 13635
90, 13465
94, 13640
98, 13750
102, 13803
106, 13861
110, 14081
114, 14284
118, 14245
122, 14711
126, 15069
130, 15092
134, 15354
138, 15206
142, 15605
146, 15746
150, 15873
154, 16013
158, 16129
162, 16297
166, 16439
170, 16522
174, 16988
178, 16714
182, 16983
186, 17129
190, 17161
194, 17455
198, 17346
202, 17613
206, 17396
210, 17649
214, 17741
218, 17920
222, 18092
226, 17966
230, 18198
234, 17934
238, 18119
242, 18441
246, 18311
250, 18508
254, 18236
258, 18457
262, 18487
266, 18485
270, 18553
274, 18414
278, 18744
282, 18798
286, 18662
290, 18830
294, 18507
298, 18813
302, 18778
306, 18992
310, 18968
314, 18886
318, 18986
322, 19161
326, 19130
330, 19254
334, 18855
338, 19116
342, 19432
346, 19151
350, 19311
354, 19610
358, 19961
362, 19407
366, 19622
370, 19551
374, 19864
378, 20328
382, 20092
386, 20160
390, 20152
394, 20053
398, 20122
402, 20120
406, 20232
410, 20002
414, 19912
418, 20048
422, 20022
426, 20050
430, 20182
434, 20135
438, 20535
442, 20400
446, 20636
450, 20470
454, 20700
458, 20549
462, 20759
466, 20714
470, 20462
474, 20866
478, 20744
482, 20876
486, 20764
490, 20679
494, 20585
498, 20805
502, 20746
506, 20956
510, 20887
514, 20861
518, 21077
522, 21219
526, 20798
530, 21051
534, 20904
538, 21340
542, 21334
546, 21195
550, 21396
554, 21854
558, 21838
562, 21787
566, 21561
570, 21977
574, 21869
578, 22278
582, 22010
586, 22173
590, 22288
594, 22563
598, 22404
602, 22357
606, 22591
610, 22758
614, 22563
618, 22460
622, 22714
626, 22397
630, 22480
634, 22236
638, 22837
642, 22968
646, 22643
650, 22707
654, 22863
658, 22770
662, 22971
666, 22805
670, 22821
674, 22655
678, 22937
682, 22871
686, 22728
690, 22617
694, 22644
698, 22528
702, 22467
706, 22619
710, 22887
714, 22700
718, 22683
722, 22919
726, 22783
730, 22686
734, 22404
738, 22575
742, 22358
746, 22606
750, 22501
754, 22384
758, 22102
762, 22268
766, 22365
770, 22277
774, 22030
778, 22193
782, 22196
786, 22094
790, 21883
794, 22176
798, 21921
802, 22086
806, 22212
810, 22139
814, 21936
818, 22022
822, 22143
826, 22602
830, 22295
834, 22091
838, 21768
842, 21708
846, 21834
850, 21606
854, 21583
858, 21687
862, 21785
866, 21613
870, 21488
874, 21656
878, 21723
882, 21859
886, 21684
890, 21813
894, 21842
898, 22011
902, 21742
906, 22302
910, 22454
914, 22967
918, 23529
922, 24026
926, 24309
930, 24494
934, 24958
938, 25304
942, 25150
946, 25073
950, 25215
954, 24741
958, 25059
962, 24607
966, 24776
970, 24841
974, 24366
978, 24235
982, 24093
986, 23988
990, 23641
994, 23774
998, 23792
1002, 23602
1006, 23236
1010, 23213
1014, 22881
1018, 23014
1022, 22524
1026, 22739
1030, 22334
1034, 22398
1038, 22060
1042, 21906
1046, 21707
1050, 21496
1054, 21308
1058, 21367
1062, 21166
1066, 20878
1070, 20656
1074, 20637
1078, 20732
1082, 20420
1086, 20345
1090, 20061
1094, 20053
1098, 19854
1102, 19737
1106, 19694
1110, 19812
1114, 19250
1118, 19057
1122, 19149
1126, 19260
1130, 18883
1134, 18696
1138, 19036
1142, 18802
1146, 19018
1150, 18624
1154, 18435
1158, 18558
1162, 18416
1166, 18510
1170, 18482
1174, 18519
1178, 18258
1182, 18602
1186, 18707
1190, 18555
1194, 18358
1198, 18424
1202, 18217
1206, 18345
1210, 18230
1214, 18039
1218, 17938
1222, 17794
1226, 17830
1230, 17844
1234, 17799
1238, 17926
1242, 18049
1246, 17611
1250, 17447
1254, 17267
1258, 17279
1262, 17360
1266, 17106
1270, 16801
1274, 17069
1278, 16961
1282, 16968
1286, 16672
1290, 16589
1294, 16593
1298, 16455
1302, 16415
1306, 16250
1310, 16090
1314, 16163
1318, 16072
1322, 16143
1326, 16105
1330, 15890
1334, 15785
1338, 15631
1342, 15691
1346, 15608
1350, 15549
1354, 15597
1358, 15090
1362, 15235
1366, 15217
1370, 14907
1374, 15107
1378, 15240
1382, 15055
1386, 14846
1390, 14870
1394, 14971
1398, 14715
1402, 14302
1406, 14527
1410, 14525
1414, 14341
1418, 14231
1422, 14312
1426, 14280
1430, 14217
1434, 14211
1438, 14135
1442, 13967
1446, 14157
1450, 13739
1454, 14036
1458, 13903
1462, 13844
1466, 13656
1470, 13620
1474, 13664
1478, 13719
1482, 13546
1486, 13543
1490, 13684
1494, 13287
1498, 13555
1502, 13382
1506, 13064
1510, 13320
1514, 13440
1518, 13245
1522, 13385
1526, 13183
1530, 13348
1534, 12732
1538, 13161
1542, 13212
1546, 13041
1550, 13116
1554, 13037
1558, 12957
1562, 12741
1566, 12933
1570, 12761
1574, 12789
1578, 12633
1582, 12793
1586, 12726
1590, 12782
1594, 12502
1598, 12695
1602, 12623
1606, 12541
1610, 12387
1614, 12579
1618, 12390
1622, 12710
1626, 12498
1630, 12358
1634, 12373
1638, 12349
1642, 12556
1646, 12287
1650, 12580
1654, 12403
1658, 12525
1662, 12572
1666, 12302
1670, 12498
1674, 12415
1678, 12276
1682, 12257
1686, 12142
1690, 12415
1694, 12193
1698, 12471
1702, 12313
1706, 12104
1710, 12302
1714, 12164
1718, 12121
1722, 12130
1726, 12046
1730, 12116
1734, 12127
1738, 12070
1742, 12187
1746, 12183
1750, 12003
1754, 12226
1758, 12081
1762, 12162
1766, 12030
1770, 12322
1774, 12080
1778, 12107
1782, 12143
1786, 12095
1790, 12265
1794, 12188
1798, 12196
1802, 12100
1806, 11989
1810, 12004
1814, 12305
1818, 12157
1822, 12326
1826, 12315
1830, 12031
1834, 12064
1838, 12306
1842, 12126
1846, 12264
1850, 12324
1854, 12164
1858, 12266
1862, 12168
1866, 12357
1870, 12215
1874, 12310
1878, 12312
1882, 12359
1886, 12421
1890, 12325
1894, 12466
1898, 12387
1902, 12225
1906, 12560
1910, 12468
1914, 12481
1918, 12407
1922, 12395
1926, 12474
1930, 12511
1934, 12584
1938, 12481
1942, 12798
1946, 12828
1950, 12890
1954, 12706
1958, 12588
1962, 12655
1966, 12845
1970, 12703
1974, 12605
1978, 12877
1982, 12669
1986, 12721
1990, 12664
1994, 12734
1998, 12806
2002, 12615
2006, 12926
2010, 12736
2014, 12732
2018, 12769
2022, 12717
2026, 12475
2030, 12292
2034, 12485
2038, 12421
2042, 12399
2046, 12486
2050, 12510
2054, 12373
2058, 12349
2062, 12308
2066, 12198
2070, 12202
2074, 12258
2078, 11848
2082, 12150
2086, 11970
2090, 11818
2094, 11604
2098, 11573
2102, 11361
2106, 11109
2110, 10912
2114, 10466
2118, 10229
2122, 9759
2126, 9354
2130, 9340
2134, 9036
2138, 8825
2142, 8884
2146, 8670
2150, 8384
2154, 8279
2158, 8153
2162, 8254
2166, 8074
2170, 7836
2174, 7886
2178, 7730
2182, 7786
2186, 7837
2190, 7673
2194, 7545
2198, 7574
2202, 7440
2206, 7393
2210, 7462
2214, 7403
2218, 7270
2222, 7028
2226, 7065
2230, 6908
2234, 7012
2238, 6791
2242, 6672
2246, 6995
2250, 6807
2254, 6690
2258, 6568
2262, 6710
2266, 6771
2270, 6645
2274, 6582
2278, 6558
2282, 6376
2286, 6471
2290, 6343
2294, 6381
2298, 6018
2302, 6180
2306, 6121
2310, 6123
2314, 6075
2318, 5943
2322, 5812
2326, 5902
2330, 5703
2334, 5873
2338, 5931
2342, 5719
2346, 5636
2350, 5521
2354, 5620
2358, 5464
2362, 5437
2366, 5516
2370, 5397
2374, 5355
2378, 5292
2382, 5263
2386, 5264
2390, 5082
2394, 5113
2398, 5180
2402, 5059
2406, 5049
2410, 5028
2414, 4909
2418, 4907
2422, 4787
2426, 4727
2430, 4772
2434, 4792
2438, 4662
2442, 4670
2446, 4669
2450, 4485
2454, 4590
2458, 4630
2462, 4488
2466, 4429
2470, 4229
2474, 4324
2478, 4330
2482, 4185
2486, 4126
2490, 4125
2494, 4184
2498, 4043
2502, 4003
2506, 4097
2510, 4006
2514, 3862
2518, 3930
2522, 3941
2526, 3915
2530, 4254
2534, 4385
2538, 4535
2542, 4192
2546, 3859
2550, 3826
2554, 3764
2558, 3726
2562, 3729
2566, 3760
2570, 3783
2574, 3788
2578, 3686
2582, 3664
2586, 3623
2590, 3751
2594, 3611
2598, 3596
2602, 3494
2606, 3522
2610, 3711
2614, 3558
2618, 3590
2622, 3595
2626, 3620
2630, 3873
2634, 4287
2638, 5009
2642, 6258
2646, 7796
2650, 8652
2654, 8231
2658, 6884
2662, 5704
2666, 4921
2670, 4210
2674, 3788
2678, 3550
2682, 3307
2686, 3408
2690, 3296
2694, 3303
2698, 3188
2702, 3178
2706, 3277
2710, 3069
2714, 3112
2718, 3108
2722, 3076
2726, 3091
2730, 3082
2734, 3176
2738, 3132
2742, 3039
2746, 3217
2750, 3020
2754, 2986
2758, 2941
2762, 2957
2766, 3021
2770, 3027
2774, 2992
2778, 3007
2782, 3010
2786, 3000
2790, 2992
2794, 3041
2798, 2910
2802, 2917
2806, 3003
2810, 2977
2814, 3047
2818, 2968
2822, 2873
2826, 2900
2830, 2912
2834, 2753
2838, 2966
2842, 2915
2846, 2853
2850, 2875
2854, 2892
2858, 2851
2862, 2828
2866, 2905
2870, 2866
2874, 2878
2878, 2877
2882, 2773
2886, 2808
2890, 2794
2894, 2786
2898, 2877
2902, 3186
2906, 3511
2910, 4453
2914, 6458
2918, 10489
2922, 21131
2926, 42593
2930, 56188
2934, 40626
2938, 17034
2942, 6249
2946, 3932
2950, 3578
2954, 3314
2958, 2978
2962, 3003
2966, 2849
2970, 2877
2974, 2787
2978, 2755
2982, 2835
2986, 2823
2990, 2817
2994, 2904
2998, 2837
3002, 2993
3006, 3121
3010, 3912
3014, 5758
3018, 9440
3022, 16911
3026, 32295
3030, 70925
3034, 163829
3038, 283431
3042, 281414
3046, 146611
3050, 43841
3054, 13865
3058, 8479
3062, 6397
3066, 5004
3070, 4101
3074, 3685
3078, 3306
3082, 2956
3086, 2822
3090, 2679
3094, 2580
3098, 2459
3102, 2422
3106, 2299
3110, 2368
3114, 2249
3118, 2217
3122, 2196
3126, 2038
3130, 2072
3134, 1958
3138, 1993
3142, 2012
3146, 1964
3150, 1947
3154, 1924
3158, 1992
3162, 1965
3166, 1962
3170, 1784
3174, 1869
3178, 1791
3182, 1780
3186, 1794
3190, 1740
3194, 1697
3198, 1741
3202, 1668
3206, 1765
3210, 1714
3214, 1715
3218, 1720
3222, 1728
3226, 1742
3230, 1728
3234, 1628
3238, 1689
3242, 1653
3246, 1718
3250, 1665
3254, 1679
3258, 1685
3262, 1694
3266, 1690
3270, 1641
3274, 1660
3278, 1655
3282, 1649
3286, 1646
3290, 1747
3294, 1627
3298, 1637
3302, 1668
3306, 1679
3310, 1666
3314, 1634
3318, 1683
3322, 1663
3326, 1723
3330, 1653
3334, 1694
3338, 1661
3342, 1689
3346, 1605
3350, 1581
3354, 1624
3358, 1739
3362, 1556
3366, 1590
3370, 1586
3374, 1605
3378, 1635
3382, 1579
3386, 1627
3390, 1624
3394, 1665
3398, 1637
3402, 1654
3406, 1660
3410, 1627
3414, 1584
3418, 1608
3422, 1596
3426, 1668
3430, 1627
3434, 1614
3438, 1623
3442, 1616
3446, 1640
3450, 1598
3454, 1629
3458, 1629
3462, 1586
3466, 1577
3470, 1627
3474, 1657
3478, 1604
3482, 1581
3486, 1609
3490, 1592
3494, 1561
3498, 1609
3502, 1675
3506, 1604
3510, 1549
3514, 1578
3518, 1683
3522, 1673
3526, 1523
3530, 1619
3534, 1577
3538, 1579
3542, 1539
3546, 1570
3550, 1619
3554, 1554
3558, 1561
3562, 1596
3566, 1536
3570, 1562
3574, 1615
3578, 1495
3582, 1539
3586, 1584
3590, 1614
3594, 1605
3598, 1578
3602, 1621
3606, 1642
3610, 1608
3614, 1615
3618, 1566
3622, 1566
3626, 1562
3630, 1669
3634, 1488
3638, 1567
3642, 1600
3646, 1556
3650, 1553
3654, 1554
3658, 1580
3662, 1599
3666, 1589
3670, 1500
3674, 1525
3678, 1621
3682, 1563
3686, 1510
3690, 1464
3694, 1583
3698, 1568
3702, 1525
3706, 1554
3710, 1473
3714, 1516
3718, 1538
3722, 1538
3726, 1493
3730, 1471
3734, 1571
3738, 1557
3742, 1480
3746, 1577
3750, 1535
3754, 1620
3758, 1501
3762, 1554
3766, 1533
3770, 1435
3774, 1562
3778, 1518
3782, 1500
3786, 1493
3790, 1544
3794, 1546
3798, 1526
3802, 1452
3806, 1521
3810, 1518
3814, 1505
3818, 1439
3822, 1479
3826, 1540
3830, 1543
3834, 1520
3838, 1530
3842, 1528
3846, 1518
3850, 1521
3854, 1409
3858, 1491
3862, 1506
3866, 1511
3870, 1497
3874, 1445
3878, 1470
3882, 1511
3886, 1481
3890, 1448
3894, 1493
3898, 1452
3902, 1489
3906, 1444
3910, 1580
3914, 1479
3918, 1512
3922, 1500
3926, 1530
3930, 1491
3934, 1473
3938, 1460
3942, 1496
3946, 1517
3950, 1436
3954, 1425
3958, 1463
3962, 1444
3966, 1489
3970, 1472
3974, 1418
3978, 1491
3982, 1460
3986, 1504
3990, 1470
3994, 1460
3998, 1472
4002, 1470
4006, 1512
4010, 1448
4014, 1480
4018, 1416
4022, 1462
4026, 1432
4030, 1524
4034, 1440
4038, 1455
4042, 1499
4046, 1447
4050, 1383
4054, 1462
4058, 1450
4062, 1477
4066, 1447
4070, 1419
4074, 1500
4078, 1499
4082, 1442
4086, 1417
4090, 1414
4094, 1483
4098, 1427
4102, 1468
4106, 1437
4110, 1478
4114, 1490
4118, 1474
4122, 1413
4126, 1380
4130, 1484
4134, 1458
4138, 1439
4142, 1426
4146, 1432
4150, 1502
4154, 1476
4158, 1371
4162, 1426
4166, 1412
4170, 1446
4174, 1487
4178, 1470
4182, 1595
4186, 1651
4190, 1835
4194, 1794
4198, 1582
4202, 1452
4206, 1387
4210, 1433
4214, 1414
4218, 1423
4222, 1464
4226, 1445
4230, 1452
4234, 1418
4238, 1475
4242, 1388
4246, 1358
4250, 1389
4254, 1372
4258, 1448
4262, 1425
4266, 1343
4270, 1441
4274, 1542
4278, 1377
4282, 1478
4286, 1395
4290, 1448
4294, 1409
4298, 1492
4302, 1393
4306, 1418
4310, 1378
4314, 1376
4318, 1374
4322, 1401
4326, 1427
4330, 1478
4334, 1368
4338, 1417
4342, 1419
4346, 1441
4350, 1472
4354, 1481
4358, 1430
4362, 1437
4366, 1373
4370, 1301
4374, 1483
4378, 1399
4382, 1382
4386, 1385
4390, 1458
4394, 1359
4398, 1417
4402, 1518
4406, 1439
4410, 1447
4414, 1396
4418, 1437
4422, 1405
4426, 1371
4430, 1440
4434, 1359
4438, 1349
4442, 1396
4446, 1408
4450, 1439
4454, 1450
4458, 1417
4462, 1588
4466, 1683
4470, 1634
4474, 1577
4478, 1466
4482, 1396
4486, 1447
4490, 1397
4494, 1414
4498, 1337
4502, 1340
4506, 1370
4510, 1434
4514, 1404
4518, 1353
4522, 1438
4526, 1359
4530, 1380
4534, 1322
4538, 1396
4542, 1361
4546, 1389
4550, 1418
4554, 1363
4558, 1405
4562, 1357
4566, 1449
4570, 1380
4574, 1363
4578, 1407
4582, 1439
4586, 1361
4590, 1374
4594, 1317
4598, 1366
4602, 1422
4606, 1348
4610, 1443
4614, 1478
4618, 1344
4622, 1415
4626, 1313
4630, 1414
4634, 1377
4638, 1383
4642, 1429
4646, 1324
4650, 1460
4654, 1358
4658, 1313
4662, 1417
4666, 1325
4670, 1415
4674, 1353
4678, 1416
4682, 1401
4686, 1384
4690, 1385
4694, 1328
4698, 1378
4702, 1431
4706, 1396
4710, 1400
4714, 1409
4718, 1416
4722, 1424
4726, 1444
4730, 1351
4734, 1377
4738, 1404
4742, 1326
4746, 1403
4750, 1377
4754, 1388
4758, 1474
4762, 1353
4766, 1338
4770, 1376
4774, 1387
4778, 1339
4782, 1351
4786, 1325
4790, 1326
4794, 1400
4798, 1453
4802, 1416
4806, 1406
4810, 1415
4814, 1353
4818, 1326
4822, 1351
4826, 1411
4830, 1418
4834, 1422
4838, 1301
4842, 1338
4846, 1363
4850, 1389
4854, 1304
4858, 1373
4862, 1409
4866, 1385
4870, 1282
4874, 1332
4878, 1361
4882, 1396
4886, 1354
4890, 1430
4894, 1464
4898, 1305
4902, 1364
4906, 1374
4910, 1372
4914, 1330
4918, 1361
4922, 1320
4926, 1411
4930, 1377
4934, 1381
4938, 1388
4942, 1373
4946, 1448
4950, 1328
4954, 1367
4958, 1375
4962, 1413
4966, 1400
4970, 1362
4974, 1370
4978, 1434
4982, 1335
4986, 1312
4990, 1382
4994, 1328
4998, 1349
5002, 1357
5006, 1390
5010, 1434
5014, 1385
5018, 1355
5022, 1389
5026, 1344
5030, 1378
5034, 1424
5038, 1381
5042, 1329
5046, 1324
5050, 1371
5054, 1393
5058, 1366
5062, 1328
5066, 1382
5070, 1337
5074, 1422
5078, 1376
5082, 1312
5086, 1299
5090, 1377
5094, 1366
5098, 1355
5102, 1437
5106, 1368
5110, 1384
5114, 1473
5118, 1497
5122, 1658
5126, 1878
5130, 2328
5134, 3447
5138, 5600
5142, 7278
5146, 6865
5150, 4782
5154, 2752
5158, 1943
5162, 1647
5166, 1587
5170, 1570
5174, 1503
5178, 1496
5182, 1538
5186, 1504
5190, 1504
5194, 1423
5198, 1524
5202, 1485
5206, 1543
5210, 1432
5214, 1504
5218, 1500
5222, 1414
5226, 1452
5230, 1489
5234, 1424
5238, 1496
5242, 1517
5246, 1420
5250, 1494
5254, 1504
5258, 1459
5262, 1464
5266, 1451
5270, 1488
5274, 1483
5278, 1521
5282, 1496
5286, 1459
5290, 1452
5294, 1512
5298, 1512
5302, 1471
5306, 1478
5310, 1465
5314, 1480
5318, 1449
5322, 1431
5326, 1517
5330, 1440
5334, 1421
5338, 1436
5342, 1486
5346, 1424
5350, 1438
5354, 1517
5358, 1509
5362, 1532
5366, 1545
5370, 1510
5374, 1478
5378, 1551
5382, 1653
5386, 1717
5390, 1696
5394, 1512
5398, 1509
5402, 1550
5406, 1413
5410, 1500
5414, 1483
5418, 1508
5422, 1496
5426, 1438
5430, 1438
5434, 1491
5438, 1415
5442, 1466
5446, 1469
5450, 1495
5454, 1515
5458, 1550
5462, 1464
5466, 1469
5470, 1495
5474, 1526
5478, 1495
5482, 1624
5486, 1506
5490, 1474
5494, 1424
5498, 1531
5502, 1490
5506, 1502
5510, 1497
5514, 1471
5518, 1551
5522, 1527
5526, 1507
5530, 1406
5534, 1480
5538, 1488
5542, 1497
5546, 1468
5550, 1470
5554, 1445
5558, 1432
5562, 1522
5566, 1507
5570, 1483
5574, 1419
5578, 1511
5582, 1486
5586, 1474
5590, 1439
5594, 1451
5598, 1443
5602, 1502
5606, 1474
5610, 1477
5614, 1441
5618, 1427
5622, 1489
5626, 1410
5630, 1470
5634, 1428
5638, 1479
5642, 1378
5646, 1543
5650, 1439
5654, 1454
5658, 1398
5662, 1496
5666, 1433
5670, 1500
5674, 1429
5678, 1438
5682, 1421
5686, 1471
5690, 1464
5694, 1447
5698, 1525
5702, 1492
5706, 1471
5710, 1427
5714, 1474
5718, 1445
5722, 1444
5726, 1427
5730, 1458
5734, 1474
5738, 1443
5742, 1403
5746, 1442
5750, 1504
5754, 1447
5758, 1467
5762, 1429
5766, 1431
5770, 1481
5774, 1440
5778, 1484
5782, 1396
5786, 1434
5790, 1423
5794, 1438
5798, 1466
5802, 1491
5806, 1530
5810, 1561
5814, 1484
5818, 1512
5822, 1447
5826, 1508
5830, 1530
5834, 1462
5838, 1441
5842, 1462
5846, 1442
5850, 1465
5854, 1436
5858, 1491
5862, 1464
5866, 1447
5870, 1462
5874, 1479
5878, 1467
5882, 1466
5886, 1464
5890, 1406
5894, 1469
5898, 1428
5902, 1412
5906, 1453
5910, 1398
5914, 1426
5918, 1481
5922, 1506
5926, 1458
5930, 1531
5934, 1426
5938, 1479
5942, 1425
5946, 1481
5950, 1526
5954, 1430
5958, 1426
5962, 1483
5966, 1430
5970, 1484
5974, 1510
5978, 1420
5982, 1525
5986, 1459
5990, 1492
5994, 1471
5998, 1478
6002, 1491
6006, 1468
6010, 1513
6014, 1429
6018, 1531
6022, 1507
6026, 1454
6030, 1485
6034, 1552
6038, 1416
6042, 1455
6046, 1485
6050, 1499
6054, 1465
6058, 1574
6062, 1491
6066, 1551
6070, 1533
6074, 1519
6078, 1553
6082, 1488
6086, 1496
6090, 1525
6094, 1533
6098, 1505
6102, 1519
6106, 1470
6110, 1489
6114, 1443
6118, 1474
6122, 1510
6126, 1452
6130, 1557
6134, 1499
6138, 1464
6142, 1477
6146, 1503
6150, 1407
6154, 1540
6158, 1506
6162, 1516
6166, 1515
6170, 1457
6174, 1475
6178, 1437
6182, 1458
6186, 1458
6190, 1481
6194, 1535
6198, 1490
6202, 1514
6206, 1455
6210, 1525
6214, 1480
6218, 1412
6222, 1531
6226, 1523
6230, 1440
6234, 1464
6238, 1447
6242, 1461
6246, 1502
6250, 1502
6254, 1426
6258, 1447
6262, 1484
6266, 1495
6270, 1490
6274, 1427
6278, 1457
6282, 1474
6286, 1467
6290, 1475
6294, 1473
6298, 1484
6302, 1492
6306, 1473
6310, 1518
6314, 1527
6318, 1474
6322, 1450
6326, 1490
6330, 1447
6334, 1455
6338, 1450
6342, 1451
6346, 1486
6350, 1507
6354, 1454
6358, 1442
6362, 1481
6366, 1508
6370, 1484
6374, 1528
6378, 1384
6382, 1509
6386, 1472
6390, 1493
6394, 1480
6398, 1551
6402, 1450
6406, 1486
6410, 1508
6414, 1467
6418, 1485
6422, 1410
6426, 1490
6430, 1555
6434, 1485
6438, 1450
6442, 1537
6446, 1490
6450, 1470
6454, 1524
6458, 1467
6462, 1524
6466, 1509
6470, 1470
6474, 1543
6478, 1553
6482, 1492
6486, 1500
6490, 1543
6494, 1466
6498, 1510
6502, 1501
6506, 1526
6510, 1566
6514, 1469
6518, 1515
6522, 1526
6526, 1478
6530, 1577
6534, 1528
6538, 1502
6542, 1507
6546, 1473
6550, 1526
6554, 1511
6558, 1449
6562, 1493
6566, 1513
6570, 1547
6574, 1603
6578, 1537
6582, 1559
6586, 1537
6590, 1472
6594, 1568
6598, 1562
6602, 1486
6606, 1509
6610, 1498
6614, 1584
6618, 1553
6622, 1498
6626, 1518
6630, 1512
6634, 1526
6638, 1584
6642, 1570
6646, 1545
6650, 1527
6654, 1490
6658, 1508
6662, 1545
6666, 1570
6670, 1587
6674, 1544
6678, 1570
6682, 1586
6686, 1545
6690, 1560
6694, 1594
6698, 1622
6702, 1662
6706, 1703
6710, 1688
6714, 1909
6718, 2313
6722, 3037
6726, 3723
6730, 3680
6734, 3117
6738, 2339
6742, 1828
6746, 1635
6750, 1587
6754, 1528
6758, 1613
6762, 1571
6766, 1593
6770, 1654
6774, 1599
6778, 1619
6782, 1699
6786, 1625
6790, 1647
6794, 1574
6798, 1562
6802, 1554
6806, 1616
6810, 1626
6814, 1613
6818, 1640
6822, 1632
6826, 1636
6830, 1550
6834, 1553
6838, 1643
6842, 1617
6846, 1612
6850, 1598
6854, 1634
6858, 1637
6862, 1613
6866, 1614
6870, 1554
6874, 1628
6878, 1536
6882, 1501
6886, 1562
6890, 1591
6894, 1593
6898, 1516
6902, 1657
6906, 1631
6910, 1574
6914, 1529
6918, 1528
6922, 1589
6926, 1541
6930, 1525
6934, 1512
6938, 1608
6942, 1584
6946, 1624
6950, 1547
6954, 1613
6958, 1590
6962, 1585
6966, 1522
6970, 1491
6974, 1599
6978, 1627
6982, 1554
6986, 1582
6990, 1589
6994, 1588
6998, 1606
7002, 1519
7006, 1612
7010, 1564
7014, 1569
7018, 1519
7022, 1606
7026, 1565
7030, 1554
7034, 1608
7038, 1533
7042, 1526
7046, 1641
7050, 1554
7054, 1583
7058, 1549
7062, 1547
7066, 1615
7070, 1569
7074, 1598
7078, 1531
7082, 1622
7086, 1589
7090, 1549
7094, 1565
7098, 1547
7102, 1529
7106, 1608
7110, 1631
7114, 1627
7118, 1675
7122, 1734
7126, 1710
7130, 1613
7134, 1627
7138, 1526
7142, 1641
7146, 1596
7150, 1618
7154, 1619
7158, 1559
7162, 1621
7166, 1567
7170, 1514
7174, 1618
7178, 1588
7182, 1644
7186, 1701
7190, 1571
7194, 1617
7198, 1535
7202, 1621
7206, 1683
7210, 1613
7214, 1589
7218, 1617
7222, 1576
7226, 1625
7230, 1602
7234, 1589
7238, 1582
7242, 1551
7246, 1595
7250, 1591
7254, 1614
7258, 1633
7262, 1646
7266, 1564
7270, 1630
7274, 1668
7278, 1620
7282, 1585
7286, 1593
7290, 1671
7294, 1579
7298, 1591
7302, 1567
7306, 1574
7310, 1614
7314, 1644
7318, 1643
7322, 1598
7326, 1633
7330, 1630
7334, 1645
7338, 1585
7342, 1654
7346, 1627
7350, 1637
7354, 1655
7358, 1564
7362, 1648
7366, 1543
7370, 1614
7374, 1641
7378, 1625
7382, 1656
7386, 1636
7390, 1592
7394, 1608
7398, 1638
7402, 1675
7406, 1548
7410, 1660
7414, 1592
7418, 1624
7422, 1722
7426, 1703
7430, 1660
7434, 1606
7438, 1605
7442, 1654
7446, 1738
7450, 1624
7454, 1676
7458, 1652
7462, 1657
7466, 1645
7470, 1677
7474, 1594
7478, 1707
7482, 1685
7486, 1638
7490, 1659
7494, 1636
7498, 1652
7502, 1659
7506, 1694
7510, 1604
7514, 1569
7518, 1694
7522, 1670
7526, 1691
7530, 1674
7534, 1592
7538, 1719
7542, 1713
7546, 1620
7550, 1661
7554, 1663
7558, 1716
7562, 1795
7566, 1755
7570, 1766
7574, 1754
7578, 1820
7582, 1765
7586, 1607
7590, 1671
7594, 1610
7598, 1698
7602, 1728
7606, 1669
7610, 1639
7614, 1743
7618, 1735
7622, 1716
7626, 1699
7630, 1694
7634, 1724
7638, 1743
7642, 1648
7646, 1698
7650, 1774
7654, 1817
7658, 1710
7662, 1717
7666, 1750
7670, 1734
7674, 1767
7678, 1751
7682, 1752
7686, 1718
7690, 1748
7694, 1735
7698, 1750
7702, 1757
7706, 1718
7710, 1760
7714, 1722
7718, 1769
7722, 1703
7726, 1792
7730, 1771
7734, 1844
7738, 1816
7742, 1758
7746, 1782
7750, 1841
7754, 1840
7758, 1909
7762, 1951
7766, 2033
7770, 2230
7774, 2538
7778, 3022
7782, 3918
7786, 4828
7790, 5737
7794, 6030
7798, 5328
7802, 4370
7806, 3174
7810, 2516
7814, 2051
7818, 1937
7822, 1945
7826, 1938
7830, 1906
7834, 1866
7838, 1926
7842, 1784
7846, 1823
7850, 1853
7854, 1973
7858, 1863
7862, 1900
7866, 1806
7870, 1809
7874, 1858
7878, 1859
7882, 1780
7886, 1805
7890, 1898
7894, 1945
7898, 1809
7902, 1849
7906, 1895
7910, 1945
7914, 1818
7918, 1845
7922, 1813
7926, 1833
7930, 1936
7934, 1998
7938, 1906
7942, 1865
7946, 1856
7950, 1920
7954, 1955
7958, 1862
7962, 1911
7966, 1936
7970, 1903
7974, 1893
7978, 1865
7982, 1918
7986, 1902
7990, 1936
7994, 1864
7998, 1872
8002, 1908
8006, 1937
8010, 1888
8014, 1888
8018, 1922
8022, 1944
8026, 1955
8030, 1928
8034, 1895
8038, 1965
8042, 1864
8046, 1972
8050, 1938
8054, 2045
8058, 2075
8062, 2165
8066, 2426
8070, 2477
8074, 2471
8078, 2463
8082, 2200
8086, 2055
8090, 2015
8094, 1939
8098, 1964
8102, 1942
8106, 2058
8110, 1993
8114, 2035
8118, 2008
8122, 1997
8126, 1986
8130, 1965
8134, 2022
8138, 1995
8142, 2097
8146, 2040
8150, 2019
8154, 2027
8158, 1959
8162, 2020
8166, 2056
8170, 2022
8174, 2070
8178, 2099
8182, 2126
8186, 2132
8190, 2053
8194, 2118
8198, 2028
8202, 2147
8206, 2001
8210, 2124
8214, 2118
8218, 2025
8222, 2058
8226, 2055
8230, 2142
8234, 2102
8238, 2119
8242, 2057
8246, 2023
8250, 2106
8254, 2173
8258, 2091
8262, 2173
8266, 2094
8270, 2052
8274, 2091
8278, 2120
8282, 2062
8286, 2172
8290, 2150
8294, 2173
8298, 2114
8302, 2061
8306, 2214
8310, 2099
8314, 2205
8318, 2117
8322, 2184
8326, 2183
8330, 2081
8334, 2153
8338, 2230
8342, 2259
8346, 2147
8350, 2153
8354, 2154
8358, 2167
8362, 2290
8366, 2200
8370, 2212
8374, 2111
8378, 2205
8382, 2231
8386, 2139
8390, 2180
8394, 2310
8398, 2207
8402, 2213
8406, 2212
8410, 2203
8414, 2263
8418, 2231
8422, 2225
8426, 2223
8430, 2288
8434, 2303
8438, 2278
8442, 2294
8446, 2274
8450, 2288
8454, 2294
8458, 2237
8462, 2283
8466, 2292
8470, 2319
8474, 2235
8478, 2336
8482, 2334
8486, 2314
8490, 2249
8494, 2317
8498, 2411
8502, 2308
8506, 2298
8510, 2302
8514, 2415
8518, 2366
8522, 2363
8526, 2407
8530, 2346
8534, 2411
8538, 2402
8542, 2377
8546, 2376
8550, 2372
8554, 2398
8558, 2346
8562, 2477
8566, 2382
8570, 2423
8574, 2451
8578, 2357
8582, 2459
8586, 2399
8590, 2418
8594, 2454
8598, 2424
8602, 2434
8606, 2407
8610, 2481
8614, 2454
8618, 2417
8622, 2441
8626, 2480
8630, 2509
8634, 2499
8638, 2518
8642, 2542
8646, 2498
8650, 2434
8654, 2488
8658, 2498
8662, 2442
8666, 2540
8670, 2475
8674, 2492
8678, 2606
8682, 2464
8686, 2524
8690, 2611
8694, 2503
8698, 2502
8702, 2715
8706, 2554
8710, 2565
8714, 2586
8718, 2615
8722, 2710
8726, 2602
8730, 2676
8734, 2632
8738, 2664
8742, 2654
8746, 2740
8750, 2744
8754, 2704
8758, 2670
8762, 2669
8766, 2732
8770, 2641
8774, 2714
8778, 2690
8782, 2616
8786, 2712
8790, 2685
8794, 2740
8798, 2768
8802, 2739
8806, 2699
8810, 2799
8814, 2769
8818, 2776
8822, 2720
8826, 2819
8830, 2858
8834, 2855
8838, 2794
8842, 2807
8846, 2838
8850, 2771
8854, 2816
8858, 2855
8862, 2871
8866, 2867
8870, 2794
8874, 2870
8878, 2915
8882, 2896
8886, 2833
8890, 2860
8894, 2875
8898, 2933
8902, 2967
8906, 2798
8910, 2931
8914, 2882
8918, 2954
8922, 3016
8926, 2946
8930, 3050
8934, 2994
8938, 3047
8942, 2911
8946, 3058
8950, 3000
8954, 2931
8958, 3034
8962, 3068
8966, 3060
8970, 3033
8974, 2997
8978, 3092
8982, 3065
8986, 3063
8990, 3088
8994, 3129
8998, 3112
9002, 3104
9006, 3129
9010, 3162
9014, 3215
9018, 3181
9022, 3218
9026, 3183
9030, 3108
9034, 3260
9038, 3230
9042, 3102
9046, 3201
9050, 3162
9054, 3334
9058, 3260
9062, 3237
9066, 3173
9070, 3229
9074, 3323
9078, 3242
9082, 3319
9086, 3180
9090, 3231
9094, 3145
9098, 3369
9102, 3327
9106, 3313
9110, 3349
9114, 3487
9118, 3353
9122, 3292
9126, 3327
9130, 3318
9134, 3387
9138, 3383
9142, 3431
9146, 3441
9150, 3411
9154, 3450
9158, 3405
9162, 3473
9166, 3572
9170, 3471
9174, 3451
9178, 3504
9182, 3459
9186, 3356
9190, 3427
9194, 3435
9198, 3391
9202, 3504
9206, 3486
9210, 3422
9214, 3352
9218, 3405
9222, 3363
9226, 3341
9230, 3289
9234, 3278
9238, 3370
9242, 3244
9246, 3164
9250, 3141
9254, 3050
9258, 2990
9262, 2877
9266, 2809
9270, 2758
9274, 2644
9278, 2632
9282, 2522
9286, 2501
9290, 2420
9294, 2291
9298, 2331
9302, 2367
9306, 2266
9310, 2275
9314, 2253
9318, 2117
9322, 2209
9326, 2250
9330, 2196
9334, 2221
9338, 2188
9342, 2086
9346, 2123
9350, 2154
9354, 2057
9358, 2110
9362, 2101
9366, 2021
9370, 2058
9374, 2052
9378, 2023
9382, 2122
9386, 2043
9390, 2059
9394, 1988
9398, 2000
9402, 1979
9406, 1994
9410, 2014
9414, 1973
9418, 1975
9422, 1989
9426, 1911
9430, 1976
9434, 1911
9438, 1988
9442, 1928
9446, 1923
9450, 1932
9454, 1883
9458, 1921
9462, 1926
9466, 1880
9470, 1816
9474, 1831
9478, 1933
9482, 1909
9486, 1861
9490, 1855
9494, 1879
9498, 1800
9502, 1795
9506, 1805
9510, 1847
9514, 1793
9518, 1832
9522, 1755
9526, 1740
9530, 1726
9534, 1762
9538, 1774
9542, 1694
9546, 1734
9550, 1756
9554, 1690
9558, 1720
9562, 1686
9566, 1667
9570, 1730
9574, 1697
9578, 1643
9582, 1627
9586, 1707
9590, 1677
9594, 1671
9598, 1656
9602, 1638
9606, 1620
9610, 1616
9614, 1660
9618, 1555
9622, 1565
9626, 1538
9630, 1523
9634, 1487
9638, 1578
9642, 1487
9646, 1506
9650, 1512
9654, 1491
9658, 1518
9662, 1485
9666, 1456
9670, 1401
9674, 1365
9678, 1432
9682, 1304
9686, 1495
9690, 1380
9694, 1394
9698, 1395
9702, 1365
9706, 1323
9710, 1329
9714, 1261
9718, 1287
9722, 1276
9726, 1304
9730, 1271
9734, 1155
9738, 1240
9742, 1201
9746, 1165
9750, 1165
9754, 1137
9758, 1129
9762, 1178
9766, 1148
9770, 1077
9774, 1114
9778, 1066
9782, 1059
9786, 1057
9790, 1021
9794, 974
9798, 955
9802, 962
9806, 957
9810, 967
9814, 919
9818, 909
9822, 886
9826, 920
9830, 895
9834, 927
9838, 848
9842, 857
9846, 839
9850, 877
9854, 818
9858, 824
9862, 813
9866, 820
9870, 847
9874, 734
9878, 749
9882, 753
9886, 752
9890, 707
9894, 668
9898, 684
9902, 687
9906, 669
9910, 677
9914, 646
9918, 631
9922, 665
9926, 614
9930, 617
9934, 636
9938, 573
9942, 547
9946, 609
9950, 568
9954, 516
9958, 579
9962, 558
9966, 536
9970, 537
9974, 479
9978, 511
9982, 556
9986, 512
9990, 575
9994, 619
9998, 662
10002, 666
10006, 594
10010, 581
10014, 509
10018, 489
10022, 487
10026, 460
10030, 502
10034, 426
10038, 455
10042, 469
10046, 480
10050, 452
10054, 440
10058, 452
10062, 450
10066, 453
10070, 456
10074, 440
10078, 428
10082, 466
10086, 418
10090, 444
10094, 399
10098, 433
10102, 429
10106, 434
10110, 432
10114, 366
10118, 450
10122, 427
10126, 427
10130, 434
10134, 461
10138, 365
10142, 401
10146, 409
10150, 394
10154, 398
10158, 419
10162, 397
10166, 411
10170, 374
10174, 392
10178, 379
10182, 380
10186, 397
10190, 402
10194, 386
10198, 392
10202, 393
10206, 409
10210, 428
10214, 375
10218, 423
10222, 379
10226, 391
10230, 415
10234, 400
10238, 367
10242, 412
10246, 424
10250, 346
10254, 373
10258, 348
10262, 408
10266, 407
10270, 379
10274, 355
10278, 364
10282, 392
10286, 372
10290, 398
10294, 364
10298, 353
10302, 386
10306, 396
10310, 366
10314, 382
10318, 395
10322, 370
10326, 378
10330, 386
10334, 383
10338, 363
10342, 395
10346, 398
10350, 406
10354, 352
10358, 388
10362, 346
10366, 392
10370, 415
10374, 449
10378, 484
10382, 623
10386, 813
10390, 1168
10394, 1793
10398, 2281
10402, 2769
10406, 3205
10410, 3787
10414, 5117
10418, 8948
10422, 17761
10426, 33242
10430, 51653
10434, 67403
10438, 75109
10442, 70669
10446, 52037
10450, 29185
10454, 11915
10458, 4295
10462, 1813
10466, 1249
10470, 939
10474, 794
10478, 718
10482, 611
10486, 532
10490, 459
10494, 425
10498, 444
10502, 402
10506, 422
10510, 348
10514, 329
10518, 305
10522, 274
10526, 300
10530, 285
10534, 304
10538, 289
10542, 254
10546, 268
10550, 217
10554, 257
10558, 211
10562, 242
10566, 206
10570, 194
10574, 190
10578, 192
10582, 150
10586, 175
10590, 166
10594, 181
10598, 179
10602, 162
10606, 172
10610, 171
10614, 180
10618, 175
10622, 155
10626, 163
10630, 169
10634, 190
10638, 147
10642, 159
10646, 149
10650, 175
10654, 181
10658, 183
10662, 169
10666, 195
10670, 180
10674, 171
10678, 208
10682, 185
10686, 211
10690, 185
10694, 233
10698, 259
10702, 318
10706, 416
10710, 476
10714, 571
10718, 633
10722, 547
10726, 459
10730, 350
10734, 255
10738, 210
10742, 187
10746, 187
10750, 195
10754, 166
10758, 156
10762, 171
10766, 170
10770, 173
10774, 168
10778, 194
10782, 176
10786, 175
10790, 186
10794, 173
10798, 184
10802, 172
10806, 196
10810, 168
10814, 202
10818, 211
10822, 200
10826, 195
10830, 207
10834, 200
10838, 200
10842, 158
10846, 180
10850, 182
10854, 175
10858, 178
10862, 168
10866, 163
10870, 152
10874, 159
10878, 174
10882, 183
10886, 190
10890, 170
10894, 162
10898, 192
10902, 157
10906, 188
10910, 173
10914, 179
10918, 174
10922, 162
10926, 164
10930, 172
10934, 173
10938, 174
10942, 160
10946, 169
10950, 156
10954, 194
10958, 170
10962, 180
10966, 176
10970, 179
10974, 170
10978, 176
10982, 166
10986, 167
10990, 187
10994, 184
10998, 183
11002, 198
11006, 172
11010, 159
11014, 161
11018, 166
11022, 184
11026, 184
11030, 144
11034, 157
11038, 191
11042, 189
11046, 169
11050, 187
11054, 184
11058, 166
11062, 159
11066, 155
11070, 185
11074, 209
11078, 172
11082, 163
11086, 153
11090, 156
11094, 159
11098, 174
11102, 180
11106, 190
11110, 182
11114, 172
11118, 188
11122, 188
11126, 172
11130, 189
11134, 180
11138, 185
11142, 182
11146, 158
11150, 154
11154, 166
11158, 162
11162, 190
11166, 192
11170, 165
11174, 164
11178, 195
11182, 160
11186, 185
11190, 157
11194, 170
11198, 181
11202, 172
11206, 180
11210, 186
11214, 178
11218, 189
11222, 194
11226, 178
11230, 183
11234, 180
11238, 161
11242, 171
11246, 176
11250, 169
11254, 174
11258, 194
11262, 169
11266, 184
11270, 164
11274, 187
11278, 200
11282, 154
11286, 156
11290, 195
11294, 142
11298, 173
11302, 179
11306, 167
11310, 196
11314, 172
11318, 172
11322, 173
11326, 215
11330, 183
11334, 173
11338, 180
11342, 168
11346, 204
11350, 165
11354, 150
11358, 181
11362, 180
11366, 231
11370, 169
11374, 172
11378, 177
11382, 187
11386, 172
11390, 213
11394, 190
11398, 187
11402, 182
11406, 202
11410, 189
11414, 184
11418, 156
11422, 211
11426, 209
11430, 195
11434, 153
11438, 220
11442, 206
11446, 171
11450, 157
11454, 185
11458, 150
11462, 188
11466, 175
11470, 176
11474, 213
11478, 187
11482, 184
11486, 180
11490, 187
11494, 174
11498, 180
11502, 178
11506, 146
11510, 187
11514, 171
11518, 172
11522, 169
11526, 166
11530, 188
11534, 157
11538, 188
11542, 193
11546, 176
11550, 179
11554, 192
11558, 187
11562, 170
11566, 206
11570, 185
11574, 182
11578, 178
11582, 199
11586, 162
11590, 213
11594, 197
11598, 162
11602, 186
11606, 186
11610, 193
11614, 200
11618, 185
11622, 180
11626, 179
11630, 176
11634, 192
11638, 184
11642, 190
11646, 197
11650, 184
11654, 165
11658, 185
11662, 173
11666, 165
11670, 170
11674, 199
11678, 165
11682, 192
11686, 180
11690, 206
11694, 197
11698, 174
11702, 193
11706, 199
11710, 175
11714, 184
11718, 186
11722, 176
11726, 183
11730, 190
11734, 197
11738, 182
11742, 177
11746, 165
11750, 177
11754, 188
11758, 175
11762, 173
11766, 214
11770, 187
11774, 173
11778, 204
11782, 189
11786, 190
11790, 194
11794, 182
11798, 230
11802, 216
11806, 187
11810, 205
11814, 219
11818, 201
11822, 174
11826, 186
11830, 175
11834, 211
11838, 183
11842, 193
11846, 172
11850, 207
11854, 225
11858, 167
11862, 202
11866, 190
11870, 165
11874, 204
11878, 190
11882, 195
11886, 229
11890, 196
11894, 177
11898, 193
11902, 204
11906, 185
11910, 186
11914, 208
11918, 177
11922, 200
11926, 199
11930, 180
11934, 218
11938, 178
11942, 208
11946, 222
11950, 194
11954, 207
11958, 183
11962, 178
11966, 190
11970, 193
11974, 188
11978, 192
11982, 205
11986, 211
11990, 220
11994, 177
11998, 210
12002, 204
12006, 189
12010, 210
12014, 208
12018, 184
12022, 206
12026, 205
12030, 181
12034, 203
12038, 181
12042, 204
12046, 198
12050, 195
12054, 220
12058, 204
12062, 212
12066, 208
12070, 217
12074, 218
12078, 194
12082, 235
12086, 245
12090, 194
12094, 226
12098, 219
12102, 202
12106, 216
12110, 200
12114, 216
12118, 210
12122, 194
12126, 197
12130, 200
12134, 210
12138, 186
12142, 199
12146, 214
12150, 188
12154, 180
12158, 180
12162, 180
12166, 176
12170, 179
12174, 163
12178, 163
12182, 162
12186, 135
12190, 147
12194, 165
12198, 149
12202, 148
12206, 164
12210, 157
12214, 178
12218, 145
12222, 148
12226, 140
12230, 140
12234, 135
12238, 148
12242, 165
12246, 115
12250, 155
12254, 157
12258, 151
12262, 147
12266, 133
12270, 134
12274, 155
12278, 170
12282, 142
12286, 128
12290, 126
12294, 135
12298, 148
12302, 127
12306, 138
12310, 123
12314, 114
12318, 130
12322, 130
12326, 129
12330, 160
12334, 122
12338, 126
12342, 140
12346, 130
12350, 158
12354, 128
12358, 120
12362, 143
12366, 155
12370, 145
12374, 128
12378, 135
12382, 148
12386, 143
12390, 119
12394, 147
12398, 141
12402, 127
12406, 114
12410, 136
12414, 123
12418, 114
12422, 127
12426, 120
12430, 129
12434, 129
12438, 124
12442, 111
12446, 130
12450, 137
12454, 123
12458, 128
12462, 122
12466, 132
12470, 118
12474, 114
12478, 125
12482, 130
12486, 140
12490, 164
12494, 134
12498, 142
12502, 172
12506, 143
12510, 136
12514, 142
12518, 116
12522, 137
12526, 98
12530, 116
12534, 114
12538, 95
12542, 104
12546, 110
12550, 101
12554, 105
12558, 99
12562, 95
12566, 92
12570, 101
12574, 103
12578, 98
12582, 102
12586, 102
12590, 119
12594, 116
12598, 141
12602, 141
12606, 147
12610, 148
12614, 116
12618, 114
12622, 112
12626, 85
12630, 95
12634, 85
12638, 85
12642, 86
12646, 101
12650, 85
12654, 81
12658, 91
12662, 73
12666, 71
12670, 80
12674, 96
12678, 81
12682, 84
12686, 76
12690, 78
12694, 77
12698, 83
12702, 63
12706, 80
12710, 63
12714, 63
12718, 88
12722, 77
12726, 66
12730, 67
12734, 67
12738, 72
12742, 62
12746, 61
12750, 58
12754, 68
12758, 73
12762, 64
12766, 59
12770, 60
12774, 61
12778, 56
12782, 71
12786, 61
12790, 61
12794, 62
12798, 53
12802, 48
12806, 64
12810, 47
12814, 66
12818, 43
12822, 65
12826, 42
12830, 53
12834, 43
12838, 54
12842, 56
12846, 43
12850, 44
12854, 41
12858, 44
12862, 40
12866, 56
12870, 44
12874, 51
12878, 43
12882, 44
12886, 44
12890, 46
12894, 37
12898, 44
12902, 36
12906, 30
12910, 38
12914, 42
12918, 28
12922, 46
12926, 42
12930, 31
12934, 30
12938, 23
12942, 37
12946, 52
12950, 40
12954, 34
12958, 48
12962, 30
12966, 44
12970, 39
12974, 43
12978, 45
12982, 37
12986, 34
12990, 30
12994, 37
12998, 44
13002, 31
13006, 26
13010, 40
13014, 37
13018, 42
13022, 57
13026, 90
13030, 95
13034, 102
13038, 101
13042, 132
13046, 86
13050, 72
13054, 61
13058, 44
13062, 45
13066, 24
13070, 36
13074, 33
13078, 30
13082, 26
13086, 36
13090, 36
13094, 27
13098, 32
13102, 36
13106, 24
13110, 37
13114, 33
13118, 35
13122, 28
13126, 23
13130, 38
13134, 36
13138, 47
13142, 24
13146, 31
13150, 34
13154, 26
13158, 44
13162, 34
13166, 39
13170, 45
13174, 32
13178, 33
13182, 22
13186, 36
13190, 34
13194, 33
13198, 25
13202, 39
13206, 35
13210, 28
13214, 29
13218, 33
13222, 34
13226, 24
13230, 33
13234, 26
13238, 30
13242, 32
13246, 37
13250, 21
13254, 28
13258, 28
13262, 26
13266, 24
13270, 21
13274, 37
13278, 29
13282, 28
13286, 31
13290, 37
13294, 43
13298, 40
13302, 59
13306, 66
13310, 78
13314, 86
13318, 112
13322, 124
13326, 104
13330, 140
13334, 159
13338, 182
13342, 322
13346, 639
13350, 1146
13354, 1706
13358, 2360
13362, 2701
13366, 3012
13370, 2806
13374, 2355
13378, 1584
13382, 747
13386, 316
13390, 156
13394, 74
13398, 64
13402, 49
13406, 48
13410, 41
13414, 37
13418, 44
13422, 42
13426, 50
13430, 40
13434, 47
13438, 47
13442, 48
13446, 48
13450, 59
13454, 98
13458, 126
13462, 252
13466, 284
13470, 358
13474, 399
13478, 425
13482, 379
13486, 272
13490, 170
13494, 81
13498, 45
13502, 31
13506, 15
13510, 14
13514, 29
13518, 24
13522, 15
13526, 12
13530, 20
13534, 13
13538, 22
13542, 28
13546, 30
13550, 36
13554, 46
13558, 28
13562, 35
13566, 28
13570, 24
13574, 22
13578, 14
13582, 12
13586, 26
13590, 14
13594, 17
13598, 16
13602, 17
13606, 11
13610, 19
13614, 14
13618, 14
13622, 14
13626, 16
13630, 18
13634, 13
13638, 14
13642, 16
13646, 12
13650, 21
13654, 15
13658, 13
13662, 15
13666, 14
13670, 11
13674, 10
13678, 9
13682, 13
13686, 19
13690, 14
13694, 14
13698, 15
13702, 14
13706, 17
13710, 12
13714, 12
13718, 13
13722, 11
13726, 16
13730, 7
13734, 9
13738, 15
13742, 10
13746, 14
13750, 12
13754, 10
13758, 10
13762, 17
13766, 6
13770, 4
13774, 13
13778, 16
13782, 12
13786, 12
13790, 12
13794, 16
13798, 7
13802, 7
13806, 21
13810, 13
13814, 18
13818, 9
13822, 11
13826, 12
13830, 14
13834, 14
13838, 9
13842, 11
13846, 13
13850, 9
13854, 12
13858, 9
13862, 20
13866, 13
13870, 7
13874, 13
13878, 12
13882, 8
13886, 11
13890, 8
13894, 13
13898, 15
13902, 8
13906, 12
13910, 6
13914, 10
13918, 10
13922, 11
13926, 14
13930, 14
13934, 10
13938, 14
13942, 11
13946, 9
13950, 6
13954, 15
13958, 11
13962, 11
13966, 10
13970, 15
13974, 9
13978, 15
13982, 11
13986, 10
13990, 10
13994, 11
13998, 6
14002, 16
14006, 10
14010, 15
14014, 19
14018, 24
14022, 29
14026, 23
14030, 20
14034, 26
14038, 34
14042, 21
14046, 21
14050, 9
14054, 18
14058, 14
14062, 14
14066, 12
14070, 10
14074, 5
14078, 11
14082, 11
14086, 15
14090, 14
14094, 15
14098, 18
14102, 14
14106, 8
14110, 11
14114, 11
14118, 25
14122, 14
14126, 23
14130, 34
14134, 44
14138, 41
14142, 45
14146, 53
14150, 30
14154, 45
14158, 12
14162, 15
14166, 9
14170, 14
14174, 5
14178, 8
14182, 9
14186, 9
14190, 12
14194, 8
14198, 6
14202, 9
14206, 9
14210, 11
14214, 12
14218, 11
14222, 5
14226, 6
14230, 9
14234, 9
14238, 7
14242, 9
14246, 7
14250, 4
14254, 6
14258, 9
14262, 9
14266, 14
14270, 8
14274, 8
14278, 6
14282, 8
14286, 7
14290, 10
14294, 7
14298, 3
14302, 7
14306, 9
14310, 9
14314, 7
14318, 5
14322, 10
14326, 10
14330, 5
14334, 8
14338, 8
14342, 3
14346, 6
14350, 8
14354, 4
14358, 6
14362, 7
14366, 8
14370, 10
14374, 12
14378, 6
14382, 10
14386, 8
14390, 8
14394, 2
14398, 12
14402, 7
14406, 11
14410, 12
14414, 9
14418, 17
14422, 14
14426, 9
14430, 9
14434, 9
14438, 5
14442, 10
14446, 7
14450, 8
14454, 14
14458, 6
14462, 7
14466, 12
14470, 1
14474, 9
14478, 9
14482, 9
14486, 8
14490, 5
14494, 4
14498, 8
14506, 8
14510, 5
14514, 10
14518, 4
14522, 7
14526, 7
14530, 7
14534, 5
14538, 11
14542, 5
14546, 7
14550, 6
14554, 10
14558, 9
14562, 6
14566, 8
14570, 6
14574, 7
14578, 8
14582, 6
14586, 3
14590, 3
14594, 5
14598, 4
14602, 5
14606, 4
14610, 11
14614, 8
14618, 11
14622, 2
14626, 6
14630, 15
14634, 10
14638, 9
14642, 4
14646, 7
14650, 4
14654, 8
14658, 6
14662, 4
14666, 6
14670, 3
14674, 6
14678, 8
14682, 12
14686, 7
14690, 7
14694, 4
14698, 6
14702, 5
14706, 4
14710, 4
14714, 5
14718, 5
14722, 7
14726, 9
14730, 10
14734, 4
14738, 7
14742, 9
14746, 2
14750, 7
14754, 15
14758, 14
14762, 14
14766, 17
14770, 20
14774, 20
14778, 19
14782, 25
14786, 33
14790, 38
14794, 45
14798, 44
14802, 62
14806, 89
14810, 71
14814, 66
14818, 63
14822, 40
14826, 25
14830, 11
14834, 5
14838, 9
14842, 10
14846, 5
14850, 4
14854, 5
14858, 8
14862, 3
14866, 8
14870, 7
14874, 8
14878, 7
14882, 10
14886, 6
14890, 9
14894, 9
14898, 21
14902, 25
14906, 41
14910, 69
14914, 76
14918, 77
14922, 85
14926, 68
14930, 61
14934, 43
14938, 19
14942, 15
14946, 6
14950, 9
14954, 7
14958, 4
14962, 3
14966, 8
14970, 7
14974, 9
14978, 4
14982, 7
14986, 4
14990, 4
14994, 3
14998, 2
15002, 5
15006, 4
15010, 7
15014, 5
15018, 3
15022, 3
15026, 4
15030, 3
15034, 6
15038, 7
15042, 7
15046, 6
15050, 3
15054, 3
15058, 7
15062, 5
15066, 4
15070, 9
15074, 7
15078, 6
15082, 6
15086, 6
15090, 7
15094, 8
15098, 8
15102, 2
15106, 4
15110, 5
15114, 8
15118, 4
15122, 10
15126, 5
15130, 6
15134, 2
15138, 5
15142, 6
15146, 9
15150, 6
15154, 6
15158, 4
15162, 11
15166, 12
15170, 14
15174, 9
15178, 14
15182, 18
15186, 16
15190, 16
15194, 13
15198, 10
15202, 10
15206, 11
15210, 5
15214, 3
15218, 9
15222, 4
15226, 7
15230, 8
15234, 4
15238, 7
15242, 5
15246, 6
15250, 5
15254, 4
15258, 3
15262, 3
15266, 6
15270, 9
15274, 4
15278, 5
15282, 6
15286, 5
15290, 7
15294, 5
15298, 7
15302, 10
15306, 7
15310, 4
15314, 6
15318, 5
15322, 4
15326, 7
15330, 4
15334, 4
15338, 8
15342, 7
15346, 7
15350, 7
15354, 3
15358, 4
15362, 12
15366, 8
15370, 8
15374, 9
15378, 1
15382, 4
15386, 6
15390, 5
15394, 5
15398, 9
15402, 4
15406, 12
15410, 9
15414, 3
15418, 7
15422, 14
15426, 5
15430, 17
15434, 14
15438, 10
15442, 10
15446, 12
15450, 7
15454, 7
15458, 4
15462, 5
15466, 4
15470, 5
15474, 7
15478, 3
15482, 5
15486, 8
15490, 3
15494, 1
15498, 3
15502, 5
15506, 4
15510, 5
15514, 12
15518, 9
15522, 7
15526, 8
15530, 5
15534, 6
15538, 9
15542, 7
15546, 5
15550, 4
15554, 5
15558, 11
15562, 10
15566, 6
15570, 1
15574, 5
15578, 4
15582, 9
15586, 10
15590, 4
15594, 2
15598, 3
15602, 6
15606, 3
15610, 6
15614, 8
15618, 5
15622, 5
15626, 6
15630, 6
15634, 2
15638, 4
15642, 7
15646, 8
15650, 4
15654, 1
15658, 9
15662, 9
15666, 2
15670, 8
15674, 12
15678, 5
15682, 9
15686, 3
15690, 5
15694, 7
15698, 4
15702, 5
15706, 3
15710, 3
15714, 2
15718, 6
15722, 5
15726, 3
15730, 9
15734, 4
15738, 2
15742, 5
15746, 3
15750, 7
15754, 9
15758, 8
15762, 11
15766, 7
15770, 8
15774, 6
15778, 3
15782, 4
15786, 9
15790, 5
15794, 8
15798, 8
15802, 3
15806, 9
15810, 6
15814, 3
15818, 5
15822, 4
15826, 3
15830, 4
15834, 6
15838, 4
15842, 6
15846, 6
15850, 6
15854, 10
15858, 11
15862, 2
15866, 8
15870, 8
15874, 6
15878, 7
15882, 5
15886, 7
15890, 3
15894, 6
15898, 4
15902, 5
15906, 6
15910, 10
15914, 5
15918, 3
15922, 6
15926, 2
15930, 6
15934, 7
15938, 2
15942, 7
15946, 1
15950, 5
15954, 7
15958, 8
15962, 8
15966, 12
15970, 9
15974, 7
15978, 3
15982, 1
15986, 1
15990, 6
15994, 4
15998, 3
