2, 336088
6, 24076
10, 5657
14, 1016
18, 730
22, 1212
26, 2089
30, 3288
34, 4768
38, 6126
42, 7324
46, 8195
50, 9009
54, 9850
58, 10484
62, 10597
66, 10817
70, 10903
74, 11138
78, 11348
82, 11560
86, 11412
90, 11520
94, 11608
98, 11712
102, 11785
106, 11897
110, 11935
114, 12308
118, 12182
122, 12158
126, 12195
130, 12465
134, 12758
138, 13190
142, 13091
146, 13247
150, 13203
154, 13427
158, 13467
162, 13515
166, 13758
170, 13891
174, 13842
178, 13979
182, 13965
186, 14031
190, 14110
194, 14613
198, 14662
202, 14720
206, 14747
210, 14889
214, 14967
218, 15101
222, 15319
226, 15382
230, 15189
234, 15174
238, 15418
242, 15577
246, 15584
250, 15789
254, 15655
258, 15864
262, 15767
266, 15937
270, 16046
274, 15933
278, 15760
282, 16286
286, 16325
290, 16120
294, 16386
298, 16150
302, 16293
306, 16317
310, 16662
314, 16535
318, 16625
322, 16618
326, 16673
330, 16756
334, 16878
338, 16836
342, 16986
346, 16968
350, 17096
354, 17200
358, 16941
362, 17283
366, 17397
370, 17372
374, 17520
378, 17673
382, 17511
386, 17561
390, 17941
394, 17994
398, 17862
402, 17725
406, 18106
410, 18046
414, 18310
418, 18583
422, 19080
426, 19079
430, 18983
434, 19230
438, 19087
442, 18901
446, 18578
450, 18627
454, 18529
458, 18765
462, 18637
466, 18603
470, 18742
474, 18925
478, 18898
482, 19112
486, 19303
490, 19345
494, 19378
498, 19313
502, 19238
506, 19354
510, 19561
514, 19416
518, 19426
522, 19396
526, 19453
530, 19575
534, 19399
538, 19769
542, 19687
546, 19566
550, 19602
554, 19619
558, 19777
562, 19781
566, 19940
570, 19650
574, 19959
578, 19951
582, 20286
586, 20298
590, 19849
594, 20029
598, 20343
602, 20158
606, 20347
610, 20348
614, 20384
618, 20524
622, 20494
626, 20446
630, 20755
634, 20591
638, 21052
642, 20887
646, 21056
650, 21207
654, 20863
658, 21158
662, 21016
666, 21347
670, 21279
674, 21310
678, 21191
682, 21003
686, 20873
690, 21162
694, 21471
698, 21265
702, 21718
706, 21490
710, 21394
714, 21239
718, 21180
722, 20948
726, 21210
730, 21042
734, 21140
738, 21374
742, 21246
746, 21260
750, 21046
754, 21520
758, 21178
762, 21229
766, 20998
770, 21142
774, 21144
778, 20946
782, 21021
786, 21095
790, 20922
794, 20699
798, 20845
802, 20841
806, 21004
810, 20771
814, 20681
818, 20677
822, 20629
826, 20670
830, 20366
834, 20491
838, 20674
842, 20402
846, 20217
850, 20182
854, 20252
858, 20313
862, 20315
866, 20197
870, 20043
874, 20254
878, 19881
882, 20028
886, 20263
890, 19939
894, 19893
898, 20067
902, 19941
906, 19859
910, 19850
914, 19843
918, 20150
922, 20402
926, 20288
930, 19666
934, 19544
938, 19631
942, 19608
946, 19330
950, 19541
954, 19679
958, 19516
962, 19610
966, 19420
970, 19421
974, 19311
978, 19624
982, 19564
986, 19742
990, 19196
994, 19458
998, 19653
1002, 19579
1006, 19865
1010, 20122
1014, 20155
1018, 20478
1022, 20614
1026, 21098
1030, 21432
1034, 21929
1038, 21766
1042, 22151
1046, 22422
1050, 22248
1054, 22294
1058, 22136
1062, 21948
1066, 22161
1070, 22065
1074, 21916
1078, 21880
1082, 21905
1086, 21761
1090, 21663
1094, 21679
1098, 21409
1102, 21515
1106, 21048
1110, 21412
1114, 20833
1118, 20740
1122, 20651
1126, 20643
1130, 20474
1134, 20155
1138, 20248
1142, 20326
1146, 20039
1150, 19981
1154, 20013
1158, 19652
1162, 19697
1166, 19314
1170, 19425
1174, 18996
1178, 19030
1182, 18830
1186, 18833
1190, 18791
1194, 18424
1198, 18510
1202, 18426
1206, 18305
1210, 18370
1214, 18199
1218, 17781
1222, 17608
1226, 17925
1230, 17635
1234, 17269
1238, 17493
1242, 17365
1246, 17318
1250, 17196
1254, 17082
1258, 17001
1262, 16843
1266, 16626
1270, 16687
1274, 16587
1278, 16809
1282, 16500
1286, 16438
1290, 16494
1294, 16482
1298, 16560
1302, 16474
1306, 16437
1310, 16397
1314, 16752
1318, 16395
1322, 16726
1326, 16243
1330, 16541
1334, 16365
1338, 16145
1342, 16230
1346, 16237
1350, 16093
1354, 16133
1358, 15884
1362, 15785
1366, 16097
1370, 15734
1374, 15775
1378, 15873
1382, 15709
1386, 15665
1390, 15721
1394, 15598
1398, 15394
1402, 15297
1406, 15280
1410, 15223
1414, 15261
1418, 15263
1422, 14883
1426, 15018
1430, 14708
1434, 14869
1438, 14863
1442, 14226
1446, 14551
1450, 14515
1454, 14466
1458, 14529
1462, 14422
1466, 14347
1470, 14315
1474, 14078
1478, 13949
1482, 13919
1486, 14051
1490, 13812
1494, 13879
1498, 13622
1502, 13764
1506, 13725
1510, 13759
1514, 13511
1518, 13610
1522, 13570
1526, 13720
1530, 13503
1534, 13478
1538, 13338
1542, 13336
1546, 12983
1550, 13209
1554, 13146
1558, 13145
1562, 13168
1566, 12849
1570, 12906
1574, 12682
1578, 12686
1582, 12866
1586, 12691
1590, 12627
1594, 12590
1598, 12551
1602, 12554
1606, 12439
1610, 12442
1614, 12410
1618, 12051
1622, 12169
1626, 12210
1630, 12150
1634, 12202
1638, 12353
1642, 12287
1646, 12025
1650, 11998
1654, 12109
1658, 11905
1662, 12005
1666, 11991
1670, 11837
1674, 11746
1678, 11996
1682, 11838
1686, 11766
1690, 11738
1694, 11810
1698, 11817
1702, 11884
1706, 11712
1710, 11627
1714, 11781
1718, 11427
1722, 11391
1726, 11581
1730, 11698
1734, 11133
1738, 11373
1742, 11214
1746, 11309
1750, 11311
1754, 11439
1758, 11248
1762, 11226
1766, 11305
1770, 11272
1774, 11177
1778, 11145
1782, 11130
1786, 10995
1790, 10995
1794, 11138
1798, 11082
1802, 11114
1806, 11199
1810, 11036
1814, 10953
1818, 11001
1822, 10811
1826, 10951
1830, 10895
1834, 10844
1838, 10990
1842, 10927
1846, 11062
1850, 10854
1854, 11085
1858, 10773
1862, 10751
1866, 10890
1870, 10879
1874, 10716
1878, 10627
1882, 10996
1886, 10671
1890, 10518
1894, 10881
1898, 10981
1902, 10707
1906, 10637
1910, 10875
1914, 10735
1918, 10967
1922, 10577
1926, 10802
1930, 10686
1934, 10756
1938, 10827
1942, 10696
1946, 10854
1950, 10581
1954, 10892
1958, 10761
1962, 10740
1966, 10740
1970, 10571
1974, 10561
1978, 10662
1982, 10732
1986, 10601
1990, 10709
1994, 10643
1998, 10731
2002, 10740
2006, 10740
2010, 10720
2014, 10754
2018, 10744
2022, 10547
2026, 10906
2030, 10626
2034, 10787
2038, 10765
2042, 10661
2046, 10847
2050, 10692
2054, 10830
2058, 10759
2062, 10945
2066, 10805
2070, 10832
2074, 10876
2078, 10849
2082, 10689
2086, 10826
2090, 10845
2094, 10858
2098, 10907
2102, 10876
2106, 10757
2110, 10994
2114, 10893
2118, 10868
2122, 10807
2126, 10877
2130, 10892
2134, 10911
2138, 10962
2142, 11112
2146, 10978
2150, 10926
2154, 10959
2158, 11096
2162, 11085
2166, 11045
2170, 11181
2174, 11061
2178, 10963
2182, 11196
2186, 11331
2190, 11162
2194, 11183
2198, 11170
2202, 11164
2206, 11172
2210, 11435
2214, 11329
2218, 11373
2222, 11115
2226, 11257
2230, 11075
2234, 11162
2238, 11077
2242, 11268
2246, 11074
2250, 11090
2254, 11123
2258, 10893
2262, 10997
2266, 10981
2270, 10760
2274, 10838
2278, 10766
2282, 10783
2286, 10910
2290, 10776
2294, 10505
2298, 10737
2302, 11089
2306, 10813
2310, 10596
2314, 10709
2318, 10465
2322, 10511
2326, 10423
2330, 10682
2334, 10337
2338, 10060
2342, 9827
2346, 9762
2350, 9511
2354, 9261
2358, 9093
2362, 8910
2366, 8694
2370, 8277
2374, 8228
2378, 8082
2382, 7726
2386, 7609
2390, 7481
2394, 7461
2398, 7487
2402, 7278
2406, 7132
2410, 7210
2414, 7106
2418, 7006
2422, 7008
2426, 6973
2430, 6907
2434, 6683
2438, 6631
2442, 6679
2446, 6643
2450, 6507
2454, 6551
2458, 6497
2462, 6467
2466, 6426
2470, 6373
2474, 6087
2478, 6314
2482, 6400
2486, 6080
2490, 6223
2494, 6143
2498, 6100
2502, 6121
2506, 5860
2510, 5940
2514, 5845
2518, 5931
2522, 5668
2526, 5788
2530, 5588
2534, 5635
2538, 5709
2542, 5737
2546, 5605
2550, 5565
2554, 5591
2558, 5452
2562, 5351
2566, 5527
2570, 5315
2574, 5180
2578, 5269
2582, 5411
2586, 5251
2590, 5049
2594, 5218
2598, 5157
2602, 5073
2606, 5034
2610, 5110
2614, 4974
2618, 4946
2622, 4910
2626, 5024
2630, 5019
2634, 4892
2638, 4760
2642, 4842
2646, 4668
2650, 4648
2654, 4643
2658, 4662
2662, 4540
2666, 4459
2670, 4495
2674, 4560
2678, 4458
2682, 4305
2686, 4386
2690, 4534
2694, 4286
2698, 4361
2702, 4238
2706, 4214
2710, 4204
2714, 4093
2718, 4107
2722, 4100
2726, 4044
2730, 4006
2734, 3841
2738, 3983
2742, 3911
2746, 3890
2750, 3909
2754, 3728
2758, 3780
2762, 3809
2766, 3764
2770, 3786
2774, 3667
2778, 3801
2782, 3817
2786, 3653
2790, 3606
2794, 3683
2798, 3557
2802, 3494
2806, 3641
2810, 3507
2814, 3450
2818, 3615
2822, 3702
2826, 3957
2830, 3857
2834, 3773
2838, 3426
2842, 3357
2846, 3271
2850, 3409
2854, 3347
2858, 3308
2862, 3340
2866, 3237
2870, 3264
2874, 3200
2878, 3175
2882, 3288
2886, 3314
2890, 3310
2894, 3254
2898, 3157
2902, 3100
2906, 3205
2910, 3153
2914, 3173
2918, 3154
2922, 3301
2926, 3299
2930, 3501
2934, 3674
2938, 4030
2942, 4790
2946, 6288
2950, 7459
2954, 7996
2958, 7464
2962, 6180
2966, 4751
2970, 3872
2974, 3477
2978, 3232
2982, 3220
2986, 3162
2990, 3079
2994, 3076
2998, 2996
3002, 2861
3006, 2964
3010, 2892
3014, 2933
3018, 2873
3022, 2936
3026, 2830
3030, 2816
3034, 2856
3038, 2834
3042, 2880
3046, 2810
3050, 2794
3054, 2801
3058, 2735
3062, 2824
3066, 2702
3070, 2738
3074, 2798
3078, 2807
3082, 2774
3086, 2781
3090, 2805
3094, 2720
3098, 2661
3102, 2624
3106, 2743
3110, 2710
3114, 2627
3118, 2685
3122, 2576
3126, 2604
3130, 2698
3134, 2635
3138, 2656
3142, 2631
3146, 2542
3150, 2572
3154, 2672
3158, 2568
3162, 2547
3166, 2557
3170, 2512
3174, 2576
3178, 2624
3182, 2551
3186, 2515
3190, 2597
3194, 2553
3198, 2514
3202, 2671
3206, 2624
3210, 2604
3214, 2678
3218, 2782
3222, 2771
3226, 2849
3230, 2995
3234, 3038
3238, 3305
3242, 3660
3246, 4214
3250, 5660
3254, 8750
3258, 17584
3262, 34946
3266, 50033
3270, 40571
3274, 18661
3278, 7172
3282, 4342
3286, 3620
3290, 3367
3294, 3100
3298, 3068
3302, 2929
3306, 2817
3310, 2831
3314, 2713
3318, 2692
3322, 2985
3326, 2942
3330, 3230
3334, 3419
3338, 3745
3342, 4218
3346, 4543
3350, 5006
3354, 5500
3358, 6193
3362, 7598
3366, 10141
3370, 14586
3374, 24679
3378, 51451
3382, 119319
3386, 228150
3390, 270735
3394, 174121
3398, 64077
3402, 20616
3406, 11294
3410, 8475
3414, 7068
3418, 6184
3422, 5658
3426, 5012
3430, 4328
3434, 3615
3438, 3160
3442, 2971
3446, 2833
3450, 2863
3454, 2864
3458, 2956
3462, 2947
3466, 2949
3470, 2888
3474, 2764
3478, 2721
3482, 2717
3486, 2749
3490, 2778
3494, 2750
3498, 2692
3502, 2518
3506, 2371
3510, 2145
3514, 2035
3518, 1981
3522, 1810
3526, 1857
3530, 1812
3534, 1710
3538, 1630
3542, 1552
3546, 1543
3550, 1575
3554, 1600
3558, 1442
3562, 1525
3566, 1498
3570, 1539
3574, 1552
3578, 1481
3582, 1550
3586, 1462
3590, 1513
3594, 1475
3598, 1400
3602, 1484
3606, 1475
3610, 1488
3614, 1478
3618, 1480
3622, 1492
3626, 1499
3630, 1520
3634, 1528
3638, 1538
3642, 1466
3646, 1402
3650, 1449
3654, 1547
3658, 1444
3662, 1465
3666, 1502
3670, 1470
3674, 1416
3678, 1469
3682, 1383
3686, 1454
3690, 1451
3694, 1475
3698, 1464
3702, 1423
3706, 1454
3710, 1496
3714, 1440
3718, 1375
3722, 1434
3726, 1422
3730, 1413
3734, 1383
3738, 1401
3742, 1482
3746, 1400
3750, 1479
3754, 1463
3758, 1409
3762, 1503
3766, 1466
3770, 1436
3774, 1478
3778, 1481
3782, 1393
3786, 1390
3790, 1378
3794, 1411
3798, 1382
3802, 1436
3806, 1456
3810, 1451
3814, 1415
3818, 1450
3822, 1404
3826, 1430
3830, 1407
3834, 1387
3838, 1387
3842, 1406
3846, 1434
3850, 1423
3854, 1363
3858, 1454
3862, 1392
3866, 1393
3870, 1404
3874, 1394
3878, 1383
3882, 1390
3886, 1440
3890, 1392
3894, 1392
3898, 1363
3902, 1497
3906, 1411
3910, 1368
3914, 1363
3918, 1379
3922, 1360
3926, 1435
3930, 1331
3934, 1349
3938, 1369
3942, 1447
3946, 1445
3950, 1408
3954, 1394
3958, 1374
3962, 1341
3966, 1435
3970, 1385
3974, 1420
3978, 1414
3982, 1345
3986, 1375
3990, 1467
3994, 1343
3998, 1355
4002, 1410
4006, 1377
4010, 1366
4014, 1374
4018, 1319
4022, 1355
4026, 1352
4030, 1343
4034, 1393
4038, 1333
4042, 1348
4046, 1349
4050, 1365
4054, 1338
4058, 1307
4062, 1357
4066, 1332
4070, 1352
4074, 1346
4078, 1311
4082, 1323
4086, 1354
4090, 1310
4094, 1393
4098, 1344
4102, 1384
4106, 1392
4110, 1376
4114, 1401
4118, 1348
4122, 1291
4126, 1319
4130, 1407
4134, 1356
4138, 1350
4142, 1279
4146, 1278
4150, 1363
4154, 1341
4158, 1274
4162, 1357
4166, 1296
4170, 1353
4174, 1302
4178, 1385
4182, 1342
4186, 1368
4190, 1362
4194, 1327
4198, 1288
4202, 1393
4206, 1333
4210, 1259
4214, 1338
4218, 1242
4222, 1292
4226, 1364
4230, 1284
4234, 1310
4238, 1275
4242, 1298
4246, 1303
4250, 1264
4254, 1279
4258, 1353
4262, 1321
4266, 1285
4270, 1349
4274, 1282
4278, 1273
4282, 1422
4286, 1297
4290, 1286
4294, 1329
4298, 1305
4302, 1383
4306, 1300
4310, 1279
4314, 1311
4318, 1270
4322, 1343
4326, 1291
4330, 1261
4334, 1307
4338, 1305
4342, 1242
4346, 1335
4350, 1291
4354, 1271
4358, 1308
4362, 1311
4366, 1336
4370, 1289
4374, 1244
4378, 1307
4382, 1305
4386, 1329
4390, 1316
4394, 1295
4398, 1322
4402, 1287
4406, 1331
4410, 1266
4414, 1266
4418, 1250
4422, 1273
4426, 1289
4430, 1271
4434, 1375
4438, 1331
4442, 1320
4446, 1260
4450, 1294
4454, 1267
4458, 1287
4462, 1302
4466, 1284
4470, 1296
4474, 1312
4478, 1302
4482, 1320
4486, 1268
4490, 1305
4494, 1283
4498, 1234
4502, 1246
4506, 1253
4510, 1218
4514, 1266
4518, 1314
4522, 1326
4526, 1276
4530, 1238
4534, 1293
4538, 1340
4542, 1217
4546, 1329
4550, 1316
4554, 1287
4558, 1189
4562, 1236
4566, 1277
4570, 1257
4574, 1231
4578, 1292
4582, 1234
4586, 1295
4590, 1281
4594, 1305
4598, 1236
4602, 1279
4606, 1262
4610, 1229
4614, 1272
4618, 1263
4622, 1263
4626, 1221
4630, 1254
4634, 1191
4638, 1242
4642, 1257
4646, 1305
4650, 1218
4654, 1305
4658, 1260
4662, 1360
4666, 1514
4670, 1629
4674, 1572
4678, 1439
4682, 1356
4686, 1289
4690, 1257
4694, 1238
4698, 1244
4702, 1276
4706, 1268
4710, 1263
4714, 1200
4718, 1297
4722, 1241
4726, 1248
4730, 1240
4734, 1267
4738, 1304
4742, 1239
4746, 1204
4750, 1236
4754, 1285
4758, 1235
4762, 1277
4766, 1270
4770, 1292
4774, 1229
4778, 1258
4782, 1323
4786, 1271
4790, 1309
4794, 1275
4798, 1159
4802, 1202
4806, 1266
4810, 1252
4814, 1286
4818, 1249
4822, 1230
4826, 1266
4830, 1300
4834, 1289
4838, 1239
4842, 1235
4846, 1241
4850, 1203
4854, 1204
4858, 1303
4862, 1229
4866, 1210
4870, 1287
4874, 1213
4878, 1196
4882, 1336
4886, 1242
4890, 1252
4894, 1194
4898, 1294
4902, 1183
4906, 1314
4910, 1288
4914, 1254
4918, 1254
4922, 1219
4926, 1263
4930, 1213
4934, 1256
4938, 1273
4942, 1269
4946, 1240
4950, 1229
4954, 1216
4958, 1281
4962, 1257
4966, 1267
4970, 1281
4974, 1381
4978, 1429
4982, 1542
4986, 1449
4990, 1347
4994, 1227
4998, 1253
5002, 1297
5006, 1296
5010, 1311
5014, 1214
5018, 1187
5022, 1234
5026, 1291
5030, 1172
5034, 1225
5038, 1215
5042, 1196
5046, 1265
5050, 1262
5054, 1232
5058, 1227
5062, 1231
5066, 1178
5070, 1179
5074, 1266
5078, 1220
5082, 1188
5086, 1292
5090, 1171
5094, 1248
5098, 1223
5102, 1238
5106, 1219
5110, 1199
5114, 1223
5118, 1193
5122, 1295
5126, 1192
5130, 1237
5134, 1222
5138, 1172
5142, 1276
5146, 1227
5150, 1220
5154, 1311
5158, 1209
5162, 1258
5166, 1217
5170, 1181
5174, 1192
5178, 1171
5182, 1201
5186, 1214
5190, 1194
5194, 1265
5198, 1256
5202, 1229
5206, 1169
5210, 1186
5214, 1274
5218, 1290
5222, 1203
5226, 1220
5230, 1197
5234, 1254
5238, 1204
5242, 1203
5246, 1305
5250, 1147
5254, 1190
5258, 1161
5262, 1189
5266, 1231
5270, 1215
5274, 1201
5278, 1187
5282, 1235
5286, 1199
5290, 1208
5294, 1230
5298, 1212
5302, 1198
5306, 1218
5310, 1252
5314, 1252
5318, 1217
5322, 1230
5326, 1158
5330, 1197
5334, 1251
5338, 1193
5342, 1177
5346, 1203
5350, 1229
5354, 1180
5358, 1245
5362, 1200
5366, 1214
5370, 1226
5374, 1209
5378, 1127
5382, 1213
5386, 1141
5390, 1159
5394, 1164
5398, 1204
5402, 1249
5406, 1248
5410, 1237
5414, 1199
5418, 1246
5422, 1241
5426, 1242
5430, 1224
5434, 1203
5438, 1235
5442, 1192
5446, 1229
5450, 1226
5454, 1181
5458, 1215
5462, 1213
5466, 1135
5470, 1196
5474, 1203
5478, 1197
5482, 1185
5486, 1276
5490, 1192
5494, 1150
5498, 1172
5502, 1141
5506, 1223
5510, 1154
5514, 1192
5518, 1223
5522, 1248
5526, 1186
5530, 1179
5534, 1188
5538, 1196
5542, 1189
5546, 1166
5550, 1128
5554, 1185
5558, 1233
5562, 1142
5566, 1140
5570, 1272
5574, 1254
5578, 1228
5582, 1209
5586, 1207
5590, 1143
5594, 1169
5598, 1188
5602, 1151
5606, 1240
5610, 1183
5614, 1159
5618, 1268
5622, 1191
5626, 1158
5630, 1232
5634, 1192
5638, 1190
5642, 1205
5646, 1267
5650, 1168
5654, 1151
5658, 1192
5662, 1198
5666, 1215
5670, 1194
5674, 1232
5678, 1200
5682, 1189
5686, 1243
5690, 1282
5694, 1298
5698, 1317
5702, 1296
5706, 1408
5710, 1453
5714, 1578
5718, 2052
5722, 3073
5726, 4960
5730, 6917
5734, 6792
5738, 4551
5742, 2569
5746, 1720
5750, 1489
5754, 1466
5758, 1365
5762, 1410
5766, 1343
5770, 1354
5774, 1311
5778, 1383
5782, 1254
5786, 1327
5790, 1335
5794, 1380
5798, 1317
5802, 1330
5806, 1289
5810, 1364
5814, 1336
5818, 1367
5822, 1320
5826, 1318
5830, 1343
5834, 1295
5838, 1304
5842, 1300
5846, 1344
5850, 1301
5854, 1284
5858, 1286
5862, 1286
5866, 1372
5870, 1333
5874, 1250
5878, 1333
5882, 1231
5886, 1326
5890, 1312
5894, 1258
5898, 1245
5902, 1236
5906, 1248
5910, 1295
5914, 1262
5918, 1333
5922, 1285
5926, 1298
5930, 1343
5934, 1310
5938, 1330
5942, 1263
5946, 1310
5950, 1253
5954, 1233
5958, 1292
5962, 1336
5966, 1305
5970, 1211
5974, 1279
5978, 1254
5982, 1290
5986, 1323
5990, 1262
5994, 1312
5998, 1403
6002, 1478
6006, 1527
6010, 1445
6014, 1329
6018, 1343
6022, 1302
6026, 1339
6030, 1308
6034, 1304
6038, 1307
6042, 1348
6046, 1212
6050, 1307
6054, 1236
6058, 1311
6062, 1262
6066, 1284
6070, 1289
6074, 1287
6078, 1282
6082, 1243
6086, 1321
6090, 1338
6094, 1309
6098, 1243
6102, 1294
6106, 1266
6110, 1301
6114, 1336
6118, 1285
6122, 1346
6126, 1254
6130, 1283
6134, 1254
6138, 1226
6142, 1296
6146, 1294
6150, 1333
6154, 1305
6158, 1414
6162, 1311
6166, 1311
6170, 1354
6174, 1296
6178, 1335
6182, 1295
6186, 1260
6190, 1257
6194, 1322
6198, 1346
6202, 1320
6206, 1348
6210, 1273
6214, 1322
6218, 1270
6222, 1272
6226, 1285
6230, 1295
6234, 1266
6238, 1250
6242, 1305
6246, 1308
6250, 1295
6254, 1313
6258, 1262
6262, 1257
6266, 1312
6270, 1249
6274, 1333
6278, 1239
6282, 1315
6286, 1283
6290, 1307
6294, 1266
6298, 1260
6302, 1273
6306, 1330
6310, 1283
6314, 1216
6318, 1277
6322, 1291
6326, 1282
6330, 1235
6334, 1194
6338, 1300
6342, 1263
6346, 1274
6350, 1214
6354, 1319
6358, 1272
6362, 1276
6366, 1219
6370, 1263
6374, 1254
6378, 1305
6382, 1283
6386, 1278
6390, 1244
6394, 1304
6398, 1253
6402, 1334
6406, 1270
6410, 1283
6414, 1282
6418, 1322
6422, 1279
6426, 1291
6430, 1294
6434, 1268
6438, 1305
6442, 1324
6446, 1290
6450, 1286
6454, 1321
6458, 1267
6462, 1350
6466, 1334
6470, 1305
6474, 1363
6478, 1349
6482, 1334
6486, 1270
6490, 1270
6494, 1248
6498, 1330
6502, 1336
6506, 1303
6510, 1253
6514, 1299
6518, 1243
6522, 1308
6526, 1272
6530, 1317
6534, 1291
6538, 1299
6542, 1351
6546, 1284
6550, 1360
6554, 1309
6558, 1225
6562, 1289
6566, 1289
6570, 1336
6574, 1274
6578, 1227
6582, 1365
6586, 1263
6590, 1258
6594, 1270
6598, 1256
6602, 1284
6606, 1303
6610, 1287
6614, 1255
6618, 1274
6622, 1227
6626, 1359
6630, 1310
6634, 1279
6638, 1273
6642, 1259
6646, 1361
6650, 1282
6654, 1255
6658, 1248
6662, 1342
6666, 1293
6670, 1344
6674, 1243
6678, 1291
6682, 1295
6686, 1287
6690, 1271
6694, 1272
6698, 1292
6702, 1311
6706, 1246
6710, 1372
6714, 1316
6718, 1323
6722, 1327
6726, 1297
6730, 1374
6734, 1275
6738, 1275
6742, 1323
6746, 1284
6750, 1327
6754, 1272
6758, 1298
6762, 1341
6766, 1299
6770, 1294
6774, 1349
6778, 1255
6782, 1286
6786, 1304
6790, 1334
6794, 1296
6798, 1320
6802, 1335
6806, 1358
6810, 1330
6814, 1298
6818, 1323
6822, 1327
6826, 1255
6830, 1350
6834, 1365
6838, 1341
6842, 1288
6846, 1317
6850, 1306
6854, 1318
6858, 1299
6862, 1316
6866, 1301
6870, 1312
6874, 1318
6878, 1366
6882, 1293
6886, 1414
6890, 1320
6894, 1344
6898, 1330
6902, 1347
6906, 1250
6910, 1257
6914, 1331
6918, 1323
6922, 1341
6926, 1289
6930, 1328
6934, 1264
6938, 1272
6942, 1291
6946, 1303
6950, 1340
6954, 1250
6958, 1296
6962, 1303
6966, 1321
6970, 1323
6974, 1323
6978, 1289
6982, 1294
6986, 1290
6990, 1241
6994, 1348
6998, 1353
7002, 1380
7006, 1329
7010, 1336
7014, 1291
7018, 1264
7022, 1296
7026, 1279
7030, 1305
7034, 1297
7038, 1305
7042, 1306
7046, 1285
7050, 1256
7054, 1289
7058, 1332
7062, 1304
7066, 1298
7070, 1312
7074, 1294
7078, 1236
7082, 1313
7086, 1328
7090, 1314
7094, 1299
7098, 1328
7102, 1362
7106, 1282
7110, 1309
7114, 1372
7118, 1267
7122, 1273
7126, 1337
7130, 1312
7134, 1261
7138, 1287
7142, 1357
7146, 1304
7150, 1335
7154, 1319
7158, 1412
7162, 1365
7166, 1329
7170, 1311
7174, 1307
7178, 1310
7182, 1373
7186, 1344
7190, 1361
7194, 1337
7198, 1285
7202, 1327
7206, 1296
7210, 1360
7214, 1345
7218, 1360
7222, 1327
7226, 1307
7230, 1288
7234, 1331
7238, 1274
7242, 1290
7246, 1286
7250, 1444
7254, 1350
7258, 1346
7262, 1394
7266, 1345
7270, 1310
7274, 1293
7278, 1377
7282, 1360
7286, 1309
7290, 1327
7294, 1372
7298, 1336
7302, 1319
7306, 1315
7310, 1423
7314, 1268
7318, 1336
7322, 1355
7326, 1376
7330, 1351
7334, 1351
7338, 1318
7342, 1370
7346, 1434
7350, 1346
7354, 1345
7358, 1326
7362, 1395
7366, 1355
7370, 1387
7374, 1291
7378, 1303
7382, 1355
7386, 1389
7390, 1410
7394, 1393
7398, 1373
7402, 1367
7406, 1340
7410, 1369
7414, 1328
7418, 1374
7422, 1303
7426, 1343
7430, 1326
7434, 1377
7438, 1371
7442, 1382
7446, 1343
7450, 1370
7454, 1415
7458, 1412
7462, 1459
7466, 1381
7470, 1370
7474, 1483
7478, 1403
7482, 1555
7486, 1849
7490, 2206
7494, 3024
7498, 3573
7502, 3468
7506, 2586
7510, 1894
7514, 1562
7518, 1455
7522, 1408
7526, 1424
7530, 1415
7534, 1399
7538, 1392
7542, 1432
7546, 1386
7550, 1456
7554, 1388
7558, 1342
7562, 1404
7566, 1448
7570, 1471
7574, 1396
7578, 1427
7582, 1417
7586, 1453
7590, 1442
7594, 1462
7598, 1437
7602, 1439
7606, 1344
7610, 1381
7614, 1412
7618, 1428
7622, 1439
7626, 1414
7630, 1417
7634, 1412
7638, 1385
7642, 1381
7646, 1394
7650, 1426
7654, 1379
7658, 1398
7662, 1432
7666, 1437
7670, 1343
7674, 1348
7678, 1376
7682, 1388
7686, 1412
7690, 1358
7694, 1319
7698, 1358
7702, 1358
7706, 1389
7710, 1469
7714, 1430
7718, 1359
7722, 1439
7726, 1370
7730, 1489
7734, 1302
7738, 1322
7742, 1408
7746, 1374
7750, 1439
7754, 1347
7758, 1395
7762, 1438
7766, 1421
7770, 1403
7774, 1324
7778, 1418
7782, 1421
7786, 1352
7790, 1349
7794, 1414
7798, 1335
7802, 1371
7806, 1319
7810, 1374
7814, 1413
7818, 1423
7822, 1440
7826, 1366
7830, 1415
7834, 1451
7838, 1407
7842, 1416
7846, 1434
7850, 1367
7854, 1415
7858, 1329
7862, 1369
7866, 1449
7870, 1394
7874, 1381
7878, 1412
7882, 1423
7886, 1432
7890, 1396
7894, 1413
7898, 1407
7902, 1369
7906, 1351
7910, 1468
7914, 1397
7918, 1393
7922, 1399
7926, 1422
7930, 1414
7934, 1438
7938, 1602
7942, 1487
7946, 1466
7950, 1384
7954, 1351
7958, 1416
7962, 1351
7966, 1454
7970, 1399
7974, 1481
7978, 1463
7982, 1453
7986, 1415
7990, 1370
7994, 1434
7998, 1422
8002, 1325
8006, 1405
8010, 1363
8014, 1468
8018, 1382
8022, 1471
8026, 1376
8030, 1414
8034, 1415
8038, 1405
8042, 1372
8046, 1358
8050, 1374
8054, 1411
8058, 1402
8062, 1459
8066, 1452
8070, 1400
8074, 1440
8078, 1409
8082, 1413
8086, 1461
8090, 1424
8094, 1442
8098, 1411
8102, 1388
8106, 1428
8110, 1383
8114, 1431
8118, 1317
8122, 1466
8126, 1403
8130, 1361
8134, 1414
8138, 1409
8142, 1517
8146, 1501
8150, 1441
8154, 1452
8158, 1446
8162, 1441
8166, 1435
8170, 1377
8174, 1370
8178, 1426
8182, 1491
8186, 1450
8190, 1456
8194, 1448
8198, 1411
8202, 1425
8206, 1446
8210, 1428
8214, 1465
8218, 1384
8222, 1380
8226, 1441
8230, 1362
8234, 1429
8238, 1396
8242, 1393
8246, 1455
8250, 1485
8254, 1441
8258, 1476
8262, 1462
8266, 1443
8270, 1489
8274, 1447
8278, 1520
8282, 1467
8286, 1449
8290, 1402
8294, 1442
8298, 1523
8302, 1467
8306, 1433
8310, 1428
8314, 1429
8318, 1451
8322, 1396
8326, 1441
8330, 1460
8334, 1510
8338, 1425
8342, 1488
8346, 1457
8350, 1442
8354, 1410
8358, 1479
8362, 1507
8366, 1467
8370, 1457
8374, 1488
8378, 1480
8382, 1472
8386, 1498
8390, 1446
8394, 1450
8398, 1478
8402, 1474
8406, 1432
8410, 1467
8414, 1463
8418, 1523
8422, 1478
8426, 1496
8430, 1513
8434, 1562
8438, 1508
8442, 1536
8446, 1547
8450, 1561
8454, 1655
8458, 1509
8462, 1544
8466, 1506
8470, 1493
8474, 1396
8478, 1590
8482, 1421
8486, 1523
8490, 1541
8494, 1429
8498, 1536
8502, 1510
8506, 1543
8510, 1577
8514, 1533
8518, 1461
8522, 1574
8526, 1548
8530, 1574
8534, 1504
8538, 1438
8542, 1459
8546, 1613
8550, 1606
8554, 1508
8558, 1540
8562, 1589
8566, 1481
8570, 1503
8574, 1493
8578, 1541
8582, 1527
8586, 1555
8590, 1559
8594, 1586
8598, 1524
8602, 1503
8606, 1489
8610, 1578
8614, 1561
8618, 1552
8622, 1578
8626, 1593
8630, 1614
8634, 1604
8638, 1571
8642, 1604
8646, 1608
8650, 1692
8654, 1677
8658, 1758
8662, 1886
8666, 2117
8670, 2589
8674, 3352
8678, 4538
8682, 5374
8686, 5601
8690, 5017
8694, 4048
8698, 2967
8702, 2361
8706, 1972
8710, 1813
8714, 1812
8718, 1764
8722, 1689
8726, 1580
8730, 1621
8734, 1657
8738, 1649
8742, 1535
8746, 1657
8750, 1669
8754, 1731
8758, 1685
8762, 1640
8766, 1736
8770, 1684
8774, 1611
8778, 1687
8782, 1694
8786, 1623
8790, 1625
8794, 1748
8798, 1701
8802, 1723
8806, 1681
8810, 1705
8814, 1661
8818, 1609
8822, 1642
8826, 1652
8830, 1706
8834, 1604
8838, 1707
8842, 1655
8846, 1684
8850, 1592
8854, 1691
8858, 1654
8862, 1665
8866, 1748
8870, 1646
8874, 1729
8878, 1702
8882, 1629
8886, 1691
8890, 1685
8894, 1675
8898, 1762
8902, 1677
8906, 1713
8910, 1730
8914, 1633
8918, 1726
8922, 1743
8926, 1665
8930, 1694
8934, 1659
8938, 1684
8942, 1680
8946, 1752
8950, 1701
8954, 1725
8958, 1732
8962, 1653
8966, 1810
8970, 1771
8974, 1755
8978, 1800
8982, 1881
8986, 1942
8990, 2169
8994, 2271
8998, 2214
9002, 2074
9006, 2019
9010, 1829
9014, 1726
9018, 1805
9022, 1752
9026, 1750
9030, 1621
9034, 1683
9038, 1763
9042, 1813
9046, 1787
9050, 1743
9054, 1754
9058, 1764
9062, 1819
9066, 1812
9070, 1727
9074, 1780
9078, 1760
9082, 1840
9086, 1832
9090, 1808
9094, 1839
9098, 1816
9102, 1788
9106, 1773
9110, 1875
9114, 1895
9118, 1890
9122, 1842
9126, 1797
9130, 1750
9134, 1836
9138, 1881
9142, 1795
9146, 1827
9150, 1795
9154, 1853
9158, 1846
9162, 1818
9166, 1741
9170, 1882
9174, 1842
9178, 1855
9182, 1856
9186, 1847
9190, 1786
9194, 1829
9198, 1861
9202, 1899
9206, 1850
9210, 1940
9214, 1847
9218, 1926
9222, 1868
9226, 1877
9230, 1882
9234, 1818
9238, 1865
9242, 1859
9246, 1929
9250, 1854
9254, 1881
9258, 1946
9262, 1934
9266, 1904
9270, 1869
9274, 1872
9278, 1901
9282, 1918
9286, 1909
9290, 1903
9294, 1943
9298, 1995
9302, 1934
9306, 1939
9310, 1934
9314, 1954
9318, 1929
9322, 1912
9326, 1986
9330, 1954
9334, 1910
9338, 1927
9342, 1994
9346, 2004
9350, 2004
9354, 2039
9358, 2038
9362, 1994
9366, 1923
9370, 1976
9374, 1986
9378, 1983
9382, 1915
9386, 1953
9390, 1973
9394, 2027
9398, 2017
9402, 2014
9406, 1979
9410, 2025
9414, 1946
9418, 2090
9422, 2023
9426, 1993
9430, 2046
9434, 2029
9438, 2077
9442, 1935
9446, 2044
9450, 1958
9454, 1993
9458, 2073
9462, 2069
9466, 2079
9470, 2026
9474, 2026
9478, 2073
9482, 2060
9486, 2129
9490, 2112
9494, 2137
9498, 2012
9502, 2072
9506, 2146
9510, 2090
9514, 2079
9518, 2083
9522, 2136
9526, 2103
9530, 2148
9534, 2089
9538, 2054
9542, 2089
9546, 2127
9550, 2139
9554, 2122
9558, 2150
9562, 2132
9566, 2221
9570, 2128
9574, 2175
9578, 2214
9582, 2242
9586, 2263
9590, 2156
9594, 2113
9598, 2127
9602, 2185
9606, 2190
9610, 2160
9614, 2186
9618, 2196
9622, 2149
9626, 2189
9630, 2187
9634, 2167
9638, 2221
9642, 2287
9646, 2185
9650, 2279
9654, 2266
9658, 2282
9662, 2296
9666, 2246
9670, 2244
9674, 2315
9678, 2189
9682, 2213
9686, 2388
9690, 2261
9694, 2239
9698, 2185
9702, 2261
9706, 2340
9710, 2348
9714, 2335
9718, 2251
9722, 2317
9726, 2332
9730, 2333
9734, 2367
9738, 2253
9742, 2366
9746, 2389
9750, 2362
9754, 2341
9758, 2365
9762, 2430
9766, 2351
9770, 2458
9774, 2379
9778, 2397
9782, 2427
9786, 2229
9790, 2426
9794, 2450
9798, 2396
9802, 2469
9806, 2373
9810, 2414
9814, 2422
9818, 2452
9822, 2457
9826, 2477
9830, 2460
9834, 2498
9838, 2455
9842, 2431
9846, 2493
9850, 2446
9854, 2483
9858, 2497
9862, 2557
9866, 2536
9870, 2573
9874, 2489
9878, 2509
9882, 2480
9886, 2641
9890, 2492
9894, 2540
9898, 2528
9902, 2639
9906, 2571
9910, 2607
9914, 2595
9918, 2596
9922, 2569
9926, 2526
9930, 2530
9934, 2569
9938, 2624
9942, 2672
9946, 2667
9950, 2665
9954, 2629
9958, 2575
9962, 2594
9966, 2584
9970, 2657
9974, 2681
9978, 2698
9982, 2634
9986, 2771
9990, 2654
9994, 2714
9998, 2705
10002, 2678
10006, 2775
10010, 2640
10014, 2832
10018, 2811
10022, 2645
10026, 2852
10030, 2761
10034, 2712
10038, 2834
10042, 2941
10046, 2839
10050, 2822
10054, 2809
10058, 2707
10062, 2809
10066, 2724
10070, 2722
10074, 2870
10078, 2804
10082, 2883
10086, 2752
10090, 2829
10094, 2997
10098, 2911
10102, 2938
10106, 2977
10110, 2870
10114, 2908
10118, 2919
10122, 2958
10126, 2919
10130, 2970
10134, 2979
10138, 2927
10142, 2878
10146, 2864
10150, 3019
10154, 2903
10158, 2987
10162, 2951
10166, 2952
10170, 3001
10174, 3020
10178, 2992
10182, 3009
10186, 3008
10190, 3064
10194, 2996
10198, 2951
10202, 3089
10206, 3092
10210, 3099
10214, 3059
10218, 2965
10222, 3038
10226, 3053
10230, 3059
10234, 3118
10238, 3004
10242, 3107
10246, 2941
10250, 3005
10254, 3093
10258, 3068
10262, 3087
10266, 3070
10270, 3030
10274, 2969
10278, 2996
10282, 2933
10286, 2839
10290, 3030
10294, 2871
10298, 2863
10302, 2854
10306, 2832
10310, 2859
10314, 2724
10318, 2725
10322, 2593
10326, 2538
10330, 2390
10334, 2314
10338, 2351
10342, 2273
10346, 2249
10350, 2151
10354, 2147
10358, 2141
10362, 2113
10366, 2048
10370, 2046
10374, 1993
10378, 2007
10382, 2043
10386, 1975
10390, 2011
10394, 1877
10398, 2069
10402, 1977
10406, 1977
10410, 1911
10414, 1899
10418, 1826
10422, 1889
10426, 1862
10430, 1854
10434, 1868
10438, 1930
10442, 1838
10446, 1845
10450, 1827
10454, 1735
10458, 1896
10462, 1829
10466, 1795
10470, 1841
10474, 1720
10478, 1786
10482, 1760
10486, 1750
10490, 1761
10494, 1823
10498, 1745
10502, 1728
10506, 1707
10510, 1758
10514, 1687
10518, 1711
10522, 1751
10526, 1673
10530, 1672
10534, 1716
10538, 1714
10542, 1698
10546, 1668
10550, 1606
10554, 1688
10558, 1672
10562, 1616
10566, 1587
10570, 1621
10574, 1642
10578, 1705
10582, 1703
10586, 1683
10590, 1653
10594, 1632
10598, 1603
10602, 1581
10606, 1611
10610, 1650
10614, 1543
10618, 1585
10622, 1553
10626, 1531
10630, 1557
10634, 1500
10638, 1509
10642, 1537
10646, 1511
10650, 1539
10654, 1566
10658, 1431
10662, 1535
10666, 1496
10670, 1503
10674, 1476
10678, 1484
10682, 1555
10686, 1489
10690, 1446
10694, 1420
10698, 1492
10702, 1380
10706, 1425
10710, 1394
10714, 1416
10718, 1358
10722, 1367
10726, 1421
10730, 1433
10734, 1420
10738, 1362
10742, 1328
10746, 1349
10750, 1336
10754, 1294
10758, 1278
10762, 1299
10766, 1214
10770, 1241
10774, 1252
10778, 1280
10782, 1260
10786, 1225
10790, 1266
10794, 1261
10798, 1198
10802, 1225
10806, 1136
10810, 1217
10814, 1174
10818, 1214
10822, 1178
10826, 1170
10830, 1180
10834, 1121
10838, 1171
10842, 1083
10846, 1185
10850, 1125
10854, 1012
10858, 1057
10862, 1061
10866, 1077
10870, 1020
10874, 995
10878, 1002
10882, 1002
10886, 1030
10890, 1020
10894, 1014
10898, 918
10902, 941
10906, 956
10910, 863
10914, 939
10918, 876
10922, 844
10926, 845
10930, 841
10934, 845
10938, 840
10942, 866
10946, 781
10950, 822
10954, 773
10958, 755
10962, 767
10966, 751
10970, 686
10974, 755
10978, 715
10982, 700
10986, 700
10990, 708
10994, 695
10998, 696
11002, 681
11006, 672
11010, 669
11014, 647
11018, 651
11022, 607
11026, 661
11030, 597
11034, 595
11038, 604
11042, 595
11046, 594
11050, 573
11054, 538
11058, 539
11062, 562
11066, 524
11070, 561
11074, 520
11078, 519
11082, 527
11086, 500
11090, 539
11094, 521
11098, 499
11102, 530
11106, 493
11110, 465
11114, 483
11118, 474
11122, 495
11126, 450
11130, 509
11134, 498
11138, 538
11142, 608
11146, 624
11150, 541
11154, 507
11158, 446
11162, 442
11166, 443
11170, 417
11174, 451
11178, 397
11182, 402
11186, 447
11190, 414
11194, 426
11198, 412
11202, 354
11206, 401
11210, 410
11214, 406
11218, 407
11222, 390
11226, 366
11230, 370
11234, 405
11238, 424
11242, 414
11246, 364
11250, 380
11254, 421
11258, 410
11262, 377
11266, 359
11270, 387
11274, 362
11278, 325
11282, 382
11286, 392
11290, 386
11294, 390
11298, 358
11302, 350
11306, 373
11310, 356
11314, 344
11318, 384
11322, 358
11326, 366
11330, 377
11334, 358
11338, 372
11342, 356
11346, 371
11350, 333
11354, 368
11358, 355
11362, 374
11366, 343
11370, 364
11374, 331
11378, 386
11382, 356
11386, 350
11390, 342
11394, 314
11398, 377
11402, 340
11406, 339
11410, 337
11414, 330
11418, 334
11422, 393
11426, 370
11430, 347
11434, 321
11438, 343
11442, 356
11446, 344
11450, 369
11454, 338
11458, 299
11462, 333
11466, 330
11470, 355
11474, 357
11478, 404
11482, 379
11486, 396
11490, 396
11494, 365
11498, 330
11502, 337
11506, 338
11510, 330
11514, 296
11518, 326
11522, 313
11526, 331
11530, 342
11534, 362
11538, 377
11542, 332
11546, 348
11550, 375
11554, 382
11558, 387
11562, 448
11566, 505
11570, 551
11574, 624
11578, 705
11582, 823
11586, 1004
11590, 1174
11594, 1400
11598, 1717
11602, 2083
11606, 2891
11610, 4316
11614, 7501
11618, 14251
11622, 28503
11626, 52246
11630, 78353
11634, 86704
11638, 70366
11642, 40874
11646, 17957
11650, 7565
11654, 3794
11658, 2681
11662, 2224
11666, 1851
11670, 1526
11674, 1236
11678, 1010
11682, 836
11686, 769
11690, 722
11694, 725
11698, 760
11702, 746
11706, 725
11710, 733
11714, 654
11718, 694
11722, 620
11726, 654
11730, 588
11734, 593
11738, 627
11742, 530
11746, 522
11750, 497
11754, 406
11758, 334
11762, 306
11766, 249
11770, 239
11774, 220
11778, 207
11782, 183
11786, 180
11790, 184
11794, 180
11798, 166
11802, 170
11806, 163
11810, 159
11814, 156
11818, 150
11822, 156
11826, 122
11830, 136
11834, 157
11838, 144
11842, 141
11846, 172
11850, 130
11854, 177
11858, 149
11862, 149
11866, 137
11870, 134
11874, 153
11878, 173
11882, 141
11886, 152
11890, 173
11894, 159
11898, 150
11902, 152
11906, 133
11910, 160
11914, 169
11918, 166
11922, 215
11926, 280
11930, 322
11934, 442
11938, 539
11942, 572
11946, 545
11950, 463
11954, 390
11958, 269
11962, 226
11966, 197
11970, 167
11974, 167
11978, 160
11982, 162
11986, 153
11990, 164
11994, 144
11998, 137
12002, 159
12006, 131
12010, 141
12014, 168
12018, 130
12022, 143
12026, 169
12030, 161
12034, 154
12038, 142
12042, 156
12046, 149
12050, 138
12054, 188
12058, 174
12062, 207
12066, 184
12070, 184
12074, 172
12078, 155
12082, 169
12086, 186
12090, 159
12094, 148
12098, 130
12102, 145
12106, 173
12110, 126
12114, 148
12118, 155
12122, 133
12126, 148
12130, 175
12134, 149
12138, 152
12142, 131
12146, 144
12150, 173
12154, 145
12158, 157
12162, 144
12166, 155
12170, 147
12174, 155
12178, 133
12182, 144
12186, 150
12190, 161
12194, 164
12198, 146
12202, 151
12206, 140
12210, 182
12214, 166
12218, 142
12222, 146
12226, 139
12230, 141
12234, 148
12238, 166
12242, 153
12246, 148
12250, 160
12254, 162
12258, 145
12262, 152
12266, 125
12270, 150
12274, 134
12278, 166
12282, 165
12286, 141
12290, 167
12294, 163
12298, 145
12302, 150
12306, 178
12310, 165
12314, 153
12318, 161
12322, 169
12326, 161
12330, 137
12334, 158
12338, 155
12342, 162
12346, 131
12350, 154
12354, 158
12358, 120
12362, 175
12366, 156
12370, 167
12374, 140
12378, 167
12382, 147
12386, 158
12390, 154
12394, 145
12398, 152
12402, 149
12406, 152
12410, 140
12414, 155
12418, 164
12422, 141
12426, 159
12430, 168
12434, 138
12438, 162
12442, 168
12446, 145
12450, 144
12454, 151
12458, 149
12462, 153
12466, 163
12470, 154
12474, 153
12478, 159
12482, 175
12486, 141
12490, 133
12494, 147
12498, 126
12502, 152
12506, 165
12510, 171
12514, 148
12518, 155
12522, 151
12526, 162
12530, 149
12534, 163
12538, 140
12542, 177
12546, 169
12550, 151
12554, 150
12558, 147
12562, 138
12566, 156
12570, 147
12574, 145
12578, 144
12582, 142
12586, 184
12590, 140
12594, 168
12598, 162
12602, 143
12606, 191
12610, 120
12614, 152
12618, 151
12622, 150
12626, 162
12630, 184
12634, 133
12638, 151
12642, 153
12646, 160
12650, 166
12654, 150
12658, 151
12662, 144
12666, 136
12670, 155
12674, 161
12678, 164
12682, 150
12686, 153
12690, 145
12694, 163
12698, 157
12702, 159
12706, 142
12710, 179
12714, 149
12718, 141
12722, 168
12726, 153
12730, 189
12734, 169
12738, 163
12742, 160
12746, 165
12750, 157
12754, 165
12758, 174
12762, 166
12766, 154
12770, 147
12774, 165
12778, 172
12782, 152
12786, 155
12790, 163
12794, 178
12798, 137
12802, 167
12806, 162
12810, 155
12814, 163
12818, 178
12822, 154
12826, 137
12830, 150
12834, 155
12838, 155
12842, 159
12846, 163
12850, 157
12854, 176
12858, 150
12862, 145
12866, 170
12870, 179
12874, 170
12878, 167
12882, 144
12886, 163
12890, 151
12894, 158
12898, 163
12902, 158
12906, 169
12910, 127
12914, 138
12918, 166
12922, 159
12926, 151
12930, 149
12934, 153
12938, 145
12942, 190
12946, 157
12950, 154
12954, 179
12958, 152
12962, 134
12966, 159
12970, 171
12974, 180
12978, 153
12982, 131
12986, 174
12990, 173
12994, 142
12998, 153
13002, 173
13006, 175
13010, 181
13014, 149
13018, 170
13022, 153
13026, 176
13030, 174
13034, 160
13038, 177
13042, 142
13046, 192
13050, 174
13054, 155
13058, 192
13062, 163
13066, 173
13070, 149
13074, 177
13078, 166
13082, 162
13086, 153
13090, 172
13094, 161
13098, 173
13102, 190
13106, 172
13110, 184
13114, 179
13118, 189
13122, 158
13126, 197
13130, 178
13134, 152
13138, 152
13142, 166
13146, 198
13150, 205
13154, 176
13158, 148
13162, 147
13166, 163
13170, 161
13174, 172
13178, 165
13182, 149
13186, 193
13190, 171
13194, 163
13198, 168
13202, 170
13206, 176
13210, 159
13214, 170
13218, 158
13222, 156
13226, 179
13230, 163
13234, 157
13238, 153
13242, 175
13246, 159
13250, 186
13254, 166
13258, 174
13262, 182
13266, 165
13270, 157
13274, 184
13278, 158
13282, 169
13286, 178
13290, 164
13294, 181
13298, 176
13302, 178
13306, 180
13310, 161
13314, 175
13318, 182
13322, 175
13326, 160
13330, 185
13334, 186
13338, 182
13342, 193
13346, 175
13350, 191
13354, 195
13358, 187
13362, 132
13366, 177
13370, 166
13374, 178
13378, 170
13382, 186
13386, 182
13390, 190
13394, 170
13398, 184
13402, 196
13406, 174
13410, 183
13414, 183
13418, 198
13422, 183
13426, 169
13430, 186
13434, 170
13438, 171
13442, 212
13446, 177
13450, 191
13454, 190
13458, 200
13462, 189
13466, 165
13470, 195
13474, 197
13478, 201
13482, 170
13486, 158
13490, 186
13494, 167
13498, 162
13502, 189
13506, 185
13510, 183
13514, 182
13518, 166
13522, 203
13526, 164
13530, 161
13534, 142
13538, 166
13542, 152
13546, 171
13550, 155
13554, 159
13558, 185
13562, 152
13566, 178
13570, 143
13574, 113
13578, 138
13582, 143
13586, 157
13590, 148
13594, 127
13598, 134
13602, 134
13606, 135
13610, 134
13614, 129
13618, 140
13622, 136
13626, 136
13630, 130
13634, 123
13638, 126
13642, 120
13646, 147
13650, 134
13654, 115
13658, 106
13662, 158
13666, 150
13670, 134
13674, 141
13678, 154
13682, 135
13686, 143
13690, 125
13694, 126
13698, 107
13702, 122
13706, 126
13710, 125
13714, 113
13718, 110
13722, 114
13726, 97
13730, 146
13734, 112
13738, 109
13742, 127
13746, 115
13750, 93
13754, 111
13758, 113
13762, 120
13766, 139
13770, 133
13774, 113
13778, 118
13782, 123
13786, 120
13790, 121
13794, 116
13798, 94
13802, 106
13806, 135
13810, 120
13814, 119
13818, 130
13822, 107
13826, 104
13830, 108
13834, 104
13838, 114
13842, 104
13846, 104
13850, 114
13854, 101
13858, 107
13862, 118
13866, 115
13870, 101
13874, 109
13878, 113
13882, 128
13886, 84
13890, 103
13894, 108
13898, 112
13902, 106
13906, 99
13910, 82
13914, 109
13918, 102
13922, 138
13926, 138
13930, 158
13934, 158
13938, 128
13942, 129
13946, 107
13950, 97
13954, 103
13958, 94
13962, 86
13966, 103
13970, 95
13974, 88
13978, 99
13982, 104
13986, 99
13990, 76
13994, 79
13998, 83
14002, 98
14006, 113
14010, 83
14014, 111
14018, 95
14022, 85
14026, 90
14030, 99
14034, 102
14038, 130
14042, 128
14046, 145
14050, 148
14054, 95
14058, 109
14062, 86
14066, 86
14070, 84
14074, 91
14078, 82
14082, 66
14086, 70
14090, 67
14094, 82
14098, 60
14102, 64
14106, 68
14110, 70
14114, 77
14118, 71
14122, 60
14126, 82
14130, 69
14134, 60
14138, 80
14142, 79
14146, 75
14150, 60
14154, 79
14158, 68
14162, 70
14166, 63
14170, 66
14174, 56
14178, 75
14182, 69
14186, 69
14190, 67
14194, 68
14198, 70
14202, 63
14206, 49
14210, 52
14214, 60
14218, 56
14222, 63
14226, 43
14230, 60
14234, 50
14238, 65
14242, 55
14246, 56
14250, 59
14254, 57
14258, 50
14262, 53
14266, 49
14270, 44
14274, 53
14278, 39
14282, 56
14286, 38
14290, 48
14294, 55
14298, 35
14302, 35
14306, 42
14310, 50
14314, 49
14318, 40
14322, 49
14326, 36
14330, 43
14334, 40
14338, 36
14342, 37
14346, 44
14350, 37
14354, 31
14358, 46
14362, 30
14366, 32
14370, 41
14374, 30
14378, 34
14382, 30
14386, 43
14390, 38
14394, 39
14398, 41
14402, 36
14406, 30
14410, 29
14414, 41
14418, 50
14422, 36
14426, 35
14430, 32
14434, 32
14438, 43
14442, 53
14446, 39
14450, 33
14454, 23
14458, 30
14462, 41
14466, 35
14470, 33
14474, 35
14478, 28
14482, 35
14486, 22
14490, 33
14494, 37
14498, 29
14502, 36
14506, 35
14510, 39
14514, 47
14518, 51
14522, 83
14526, 103
14530, 145
14534, 124
14538, 91
14542, 73
14546, 37
14550, 24
14554, 27
14558, 25
14562, 40
14566, 28
14570, 30
14574, 44
14578, 14
14582, 31
14586, 29
14590, 40
14594, 30
14598, 28
14602, 35
14606, 39
14610, 27
14614, 26
14618, 29
14622, 28
14626, 24
14630, 25
14634, 29
14638, 32
14642, 36
14646, 26
14650, 22
14654, 34
14658, 33
14662, 23
14666, 32
14670, 31
14674, 28
14678, 24
14682, 30
14686, 30
14690, 28
14694, 27
14698, 35
14702, 31
14706, 27
14710, 26
14714, 29
14718, 31
14722, 29
14726, 24
14730, 23
14734, 32
14738, 22
14742, 37
14746, 26
14750, 26
14754, 32
14758, 40
14762, 38
14766, 24
14770, 29
14774, 37
14778, 21
14782, 25
14786, 20
14790, 23
14794, 26
14798, 25
14802, 25
14806, 23
14810, 31
14814, 34
14818, 24
14822, 29
14826, 30
14830, 41
14834, 47
14838, 44
14842, 45
14846, 45
14850, 63
14854, 71
14858, 75
14862, 98
14866, 141
14870, 173
14874, 287
14878, 569
14882, 1109
14886, 1843
14890, 2909
14894, 3593
14898, 3533
14902, 2517
14906, 1470
14910, 646
14914, 305
14918, 201
14922, 151
14926, 101
14930, 93
14934, 62
14938, 71
14942, 65
14946, 51
14950, 42
14954, 47
14958, 59
14962, 50
14966, 61
14970, 58
14974, 71
14978, 55
14982, 60
14986, 57
14990, 64
14994, 64
14998, 105
15002, 119
15006, 204
15010, 323
15014, 476
15018, 520
15022, 463
15026, 308
15030, 166
15034, 83
15038, 60
15042, 26
15046, 24
15050, 23
15054, 16
15058, 20
15062, 16
15066, 24
15070, 30
15074, 16
15078, 22
15082, 24
15086, 22
15090, 22
15094, 32
15098, 29
15102, 38
15106, 42
15110, 44
15114, 45
15118, 25
15122, 21
15126, 21
15130, 24
15134, 13
15138, 18
15142, 17
15146, 18
15150, 12
15154, 17
15158, 13
15162, 10
15166, 15
15170, 21
15174, 17
15178, 11
15182, 14
15186, 13
15190, 17
15194, 11
15198, 17
15202, 11
15206, 12
15210, 12
15214, 9
15218, 10
15222, 13
15226, 8
15230, 18
15234, 10
15238, 18
15242, 11
15246, 8
15250, 9
15254, 14
15258, 9
15262, 11
15266, 14
15270, 11
15274, 8
15278, 8
15282, 13
15286, 13
15290, 14
15294, 5
15298, 18
15302, 11
15306, 12
15310, 13
15314, 10
15318, 12
15322, 14
15326, 13
15330, 8
15334, 12
15338, 10
15342, 6
15346, 8
15350, 11
15354, 14
15358, 5
15362, 11
15366, 13
15370, 7
15374, 13
15378, 15
15382, 9
15386, 10
15390, 11
15394, 3
15398, 9
15402, 18
15406, 13
15410, 13
15414, 7
15418, 17
15422, 8
15426, 9
15430, 6
15434, 14
15438, 15
15442, 18
15446, 14
15450, 7
15454, 6
15458, 13
15462, 9
15466, 14
15470, 10
15474, 14
15478, 6
15482, 9
15486, 5
15490, 8
15494, 6
15498, 4
15502, 11
15506, 6
15510, 10
15514, 12
15518, 13
15522, 11
15526, 12
15530, 9
15534, 11
15538, 7
15542, 16
15546, 6
15550, 7
15554, 15
15558, 10
15562, 9
15566, 11
15570, 10
15574, 12
15578, 10
15582, 6
15586, 10
15590, 10
15594, 6
15598, 13
15602, 6
15606, 11
15610, 11
15614, 19
15618, 14
15622, 13
15626, 21
15630, 28
15634, 20
15638, 34
15642, 21
15646, 23
15650, 9
15654, 16
15658, 12
15662, 17
15666, 10
15670, 9
15674, 12
15678, 7
15682, 9
15686, 13
15690, 11
15694, 12
15698, 8
15702, 13
15706, 5
15710, 14
15714, 7
15718, 9
15722, 13
15726, 6
15730, 8
15734, 15
15738, 15
15742, 13
15746, 19
15750, 42
15754, 47
15758, 64
15762, 64
15766, 54
15770, 39
15774, 25
15778, 16
15782, 11
15786, 7
15790, 15
15794, 9
15798, 9
15802, 9
15806, 7
15810, 6
15814, 11
15818, 9
15822, 8
15826, 6
15830, 6
15834, 6
15838, 8
15842, 9
15846, 9
15850, 9
15854, 5
15858, 12
15862, 8
15866, 7
15870, 6
15874, 10
15878, 4
15882, 6
15886, 10
15890, 14
15894, 10
15898, 4
15902, 6
15906, 4
15910, 6
15914, 5
15918, 9
15922, 6
15926, 8
15930, 7
15934, 8
15938, 7
15942, 5
15946, 8
15950, 3
15954, 10
15958, 8
15962, 5
15966, 9
15970, 5
15974, 3
15978, 6
15982, 2
15986, 5
15990, 5
15994, 10
15998, 4
