2, 18291
6, 2692
10, 780
14, 150
18, 92
22, 149
26, 296
30, 538
34, 874
38, 1117
42, 1437
46, 1572
50, 1716
54, 1870
58, 2025
62, 2054
66, 1980
70, 1999
74, 2024
78, 1931
82, 1979
86, 2064
90, 2086
94, 1978
98, 2062
102, 2116
106, 2136
110, 2070
114, 2093
118, 2161
122, 2072
126, 2126
130, 2171
134, 2215
138, 2272
142, 2250
146, 2213
150, 2186
154, 2233
158, 2094
162, 2265
166, 2208
170, 2213
174, 2249
178, 2357
182, 2308
186, 2338
190, 2219
194, 2279
198, 2283
202, 2229
206, 2282
210, 2319
214, 2284
218, 2255
222, 2283
226, 2315
230, 2220
234, 2394
238, 2359
242, 2291
246, 2414
250, 2368
254, 2357
258, 2511
262, 2510
266, 2589
270, 2588
274, 2538
278, 2685
282, 2609
286, 2690
290, 2818
294, 2804
298, 2905
302, 2998
306, 3033
310, 3101
314, 3303
318, 3310
322, 3395
326, 3474
330, 3532
334, 3591
338, 3548
342, 3752
346, 3864
350, 3902
354, 3896
358, 4015
362, 4048
366, 4172
370, 4210
374, 4360
378, 4264
382, 4587
386, 4650
390, 4725
394, 4765
398, 5104
402, 5390
406, 5537
410, 5776
414, 5885
418, 5941
422, 5503
426, 5210
430, 5196
434, 5127
438, 5144
442, 5324
446, 5282
450, 5374
454, 5352
458, 5365
462, 5539
466, 5841
470, 5767
474, 5824
478, 5666
482, 5737
486, 5623
490, 5491
494, 5463
498, 5624
502, 5700
506, 5622
510, 5561
514, 5688
518, 5647
522, 5722
526, 5782
530, 5836
534, 5606
538, 5778
542, 5638
546, 5754
550, 5622
554, 5622
558, 5406
562, 5724
566, 5769
570, 5759
574, 5755
578, 5752
582, 5693
586, 5546
590, 5680
594, 5508
598, 5666
602, 5729
606, 5612
610, 5643
614, 5627
618, 5643
622, 5535
626, 5558
630, 5538
634, 5613
638, 5472
642, 5469
646, 5297
650, 5243
654, 5355
658, 5412
662, 5318
666, 5253
670, 5251
674, 5260
678, 5235
682, 4974
686, 5050
690, 5131
694, 5003
698, 5026
702, 5029
706, 4882
710, 4849
714, 4849
718, 4843
722, 4759
726, 4741
730, 4709
734, 4641
738, 4699
742, 4481
746, 4663
750, 4558
754, 4546
758, 4309
762, 4290
766, 4413
770, 4332
774, 4317
778, 4282
782, 4222
786, 4227
790, 4126
794, 4238
798, 4151
802, 4076
806, 4017
810, 3849
814, 3967
818, 3946
822, 3894
826, 3893
830, 3895
834, 3815
838, 3878
842, 3875
846, 3757
850, 3753
854, 3632
858, 3661
862, 3716
866, 3563
870, 3755
874, 3593
878, 3569
882, 3561
886, 3378
890, 3568
894, 3431
898, 3422
902, 3436
906, 3398
910, 3349
914, 3360
918, 3366
922, 3313
926, 3352
930, 3299
934, 3297
938, 3287
942, 3227
946, 3117
950, 3164
954, 3230
958, 3123
962, 3170
966, 3187
970, 3107
974, 3167
978, 3111
982, 3133
986, 3215
990, 3238
994, 3171
998, 3134
1002, 3184
1006, 3273
1010, 3217
1014, 3066
1018, 3158
1022, 3135
1026, 3142
1030, 3235
1034, 3006
1038, 3059
1042, 3104
1046, 2977
1050, 3011
1054, 2930
1058, 2972
1062, 3032
1066, 2960
1070, 2945
1074, 2918
1078, 2871
1082, 3006
1086, 2793
1090, 2888
1094, 2763
1098, 2814
1102, 2790
1106, 2714
1110, 2714
1114, 2663
1118, 2681
1122, 2584
1126, 2707
1130, 2734
1134, 2571
1138, 2515
1142, 2548
1146, 2551
1150, 2501
1154, 2476
1158, 2619
1162, 2432
1166, 2419
1170, 2540
1174, 2453
1178, 2383
1182, 2418
1186, 2410
1190, 2403
1194, 2347
1198, 2414
1202, 2420
1206, 2327
1210, 2385
1214, 2367
1218, 2315
1222, 2239
1226, 2361
1230, 2234
1234, 2230
1238, 2342
1242, 2224
1246, 2253
1250, 2329
1254, 2224
1258, 2162
1262, 2278
1266, 2232
1270, 2280
1274, 2283
1278, 2224
1282, 2223
1286, 2229
1290, 2222
1294, 2247
1298, 2208
1302, 2199
1306, 2281
1310, 2196
1314, 2173
1318, 2293
1322, 2385
1326, 2298
1330, 2185
1334, 2146
1338, 2228
1342, 2177
1346, 2144
1350, 2119
1354, 2051
1358, 2104
1362, 2013
1366, 1982
1370, 2039
1374, 2027
1378, 2005
1382, 2049
1386, 1938
1390, 1930
1394, 1983
1398, 2013
1402, 2001
1406, 1969
1410, 1965
1414, 2018
1418, 1986
1422, 1857
1426, 1964
1430, 1873
1434, 1995
1438, 1897
1442, 1903
1446, 1951
1450, 1866
1454, 1972
1458, 1834
1462, 1903
1466, 1915
1470, 1912
1474, 1773
1478, 1925
1482, 1890
1486, 1936
1490, 1802
1494, 1867
1498, 1798
1502, 1849
1506, 1880
1510, 1792
1514, 1793
1518, 1805
1522, 1806
1526, 1860
1530, 1747
1534, 1797
1538, 1757
1542, 1729
1546, 1787
1550, 1712
1554, 1735
1558, 1783
1562, 1731
1566, 1730
1570, 1771
1574, 1763
1578, 1691
1582, 1754
1586, 1719
1590, 1699
1594, 1723
1598, 1676
1602, 1701
1606, 1715
1610, 1731
1614, 1721
1618, 1612
1622, 1668
1626, 1763
1630, 1697
1634, 1811
1638, 1884
1642, 1676
1646, 1659
1650, 1680
1654, 1683
1658, 1735
1662, 1622
1666, 1582
1670, 1667
1674, 1583
1678, 1668
1682, 1563
1686, 1599
1690, 1607
1694, 1616
1698, 1654
1702, 1550
1706, 1572
1710, 1554
1714, 1592
1718, 1586
1722, 1511
1726, 1542
1730, 1563
1734, 1572
1738, 1595
1742, 1544
1746, 1582
1750, 1556
1754, 1555
1758, 1519
1762, 1577
1766, 1503
1770, 1566
1774, 1616
1778, 1539
1782, 1495
1786, 1442
1790, 1626
1794, 1474
1798, 1591
1802, 1459
1806, 1575
1810, 1584
1814, 1595
1818, 1561
1822, 1535
1826, 1547
1830, 1558
1834, 1530
1838, 1504
1842, 1514
1846, 1550
1850, 1475
1854, 1585
1858, 1566
1862, 1514
1866, 1577
1870, 1536
1874, 1561
1878, 1490
1882, 1461
1886, 1529
1890, 1502
1894, 1447
1898, 1419
1902, 1601
1906, 1558
1910, 1510
1914, 1470
1918, 1501
1922, 1524
1926, 1508
1930, 1486
1934, 1568
1938, 1505
1942, 1647
1946, 1719
1950, 1699
1954, 1652
1958, 1569
1962, 1526
1966, 1562
1970, 1597
1974, 1603
1978, 1580
1982, 1511
1986, 1563
1990, 1513
1994, 1544
1998, 1546
2002, 1539
2006, 1466
2010, 1469
2014, 1491
2018, 1506
2022, 1512
2026, 1542
2030, 1575
2034, 1469
2038, 1506
2042, 1487
2046, 1490
2050, 1478
2054, 1541
2058, 1493
2062, 1523
2066, 1519
2070, 1513
2074, 1506
2078, 1456
2082, 1487
2086, 1520
2090, 1534
2094, 1538
2098, 1464
2102, 1496
2106, 1564
2110, 1565
2114, 1541
2118, 1530
2122, 1546
2126, 1557
2130, 1501
2134, 1521
2138, 1586
2142, 1517
2146, 1473
2150, 1488
2154, 1565
2158, 1474
2162, 1502
2166, 1505
2170, 1550
2174, 1503
2178, 1468
2182, 1439
2186, 1497
2190, 1454
2194, 1517
2198, 1477
2202, 1442
2206, 1480
2210, 1445
2214, 1507
2218, 1437
2222, 1438
2226, 1417
2230, 1403
2234, 1422
2238, 1403
2242, 1316
2246, 1347
2250, 1372
2254, 1294
2258, 1276
2262, 1337
2266, 1339
2270, 1232
2274, 1243
2278, 1194
2282, 1121
2286, 1144
2290, 1150
2294, 1116
2298, 1093
2302, 1105
2306, 1107
2310, 1071
2314, 1082
2318, 1068
2322, 1107
2326, 1029
2330, 1058
2334, 1074
2338, 1065
2342, 1053
2346, 1035
2350, 1050
2354, 1041
2358, 1036
2362, 976
2366, 1063
2370, 965
2374, 1001
2378, 992
2382, 987
2386, 1026
2390, 1017
2394, 948
2398, 957
2402, 960
2406, 1001
2410, 943
2414, 947
2418, 972
2422, 897
2426, 939
2430, 954
2434, 914
2438, 939
2442, 918
2446, 951
2450, 956
2454, 904
2458, 919
2462, 915
2466, 845
2470, 903
2474, 894
2478, 947
2482, 888
2486, 866
2490, 859
2494, 853
2498, 834
2502, 840
2506, 868
2510, 866
2514, 830
2518, 841
2522, 843
2526, 768
2530, 780
2534, 859
2538, 825
2542, 796
2546, 760
2550, 806
2554, 806
2558, 835
2562, 803
2566, 809
2570, 769
2574, 769
2578, 733
2582, 762
2586, 758
2590, 777
2594, 759
2598, 771
2602, 744
2606, 762
2610, 701
2614, 756
2618, 686
2622, 684
2626, 692
2630, 731
2634, 702
2638, 695
2642, 686
2646, 706
2650, 697
2654, 679
2658, 636
2662, 704
2666, 638
2670, 646
2674, 625
2678, 648
2682, 660
2686, 638
2690, 592
2694, 604
2698, 661
2702, 660
2706, 612
2710, 665
2714, 665
2718, 645
2722, 629
2726, 628
2730, 603
2734, 584
2738, 627
2742, 615
2746, 601
2750, 598
2754, 587
2758, 586
2762, 575
2766, 599
2770, 568
2774, 556
2778, 605
2782, 585
2786, 570
2790, 650
2794, 556
2798, 553
2802, 582
2806, 526
2810, 641
2814, 645
2818, 790
2822, 1022
2826, 1233
2830, 1270
2834, 1103
2838, 903
2842, 721
2846, 623
2850, 554
2854, 536
2858, 541
2862, 558
2866, 512
2870, 539
2874, 532
2878, 551
2882, 518
2886, 495
2890, 513
2894, 493
2898, 506
2902, 479
2906, 521
2910, 515
2914, 501
2918, 462
2922, 508
2926, 486
2930, 472
2934, 497
2938, 472
2942, 480
2946, 473
2950, 494
2954, 486
2958, 458
2962, 506
2966, 478
2970, 443
2974, 472
2978, 472
2982, 459
2986, 425
2990, 464
2994, 461
2998, 430
3002, 420
3006, 439
3010, 438
3014, 463
3018, 464
3022, 417
3026, 454
3030, 416
3034, 434
3038, 418
3042, 428
3046, 439
3050, 454
3054, 445
3058, 411
3062, 401
3066, 416
3070, 383
3074, 443
3078, 405
3082, 416
3086, 417
3090, 411
3094, 436
3098, 406
3102, 415
3106, 474
3110, 521
3114, 896
3118, 1694
3122, 3150
3126, 4800
3130, 4547
3134, 2498
3138, 937
3142, 508
3146, 404
3150, 396
3154, 379
3158, 409
3162, 407
3166, 405
3170, 377
3174, 365
3178, 378
3182, 417
3186, 406
3190, 408
3194, 426
3198, 435
3202, 408
3206, 412
3210, 409
3214, 412
3218, 435
3222, 532
3226, 898
3230, 2279
3234, 5852
3238, 12550
3242, 22838
3246, 26363
3250, 17127
3254, 6020
3258, 1686
3262, 645
3266, 435
3270, 388
3274, 371
3278, 347
3282, 294
3286, 308
3290, 315
3294, 308
3298, 257
3302, 284
3306, 314
3310, 298
3314, 294
3318, 267
3322, 288
3326, 290
3330, 291
3334, 257
3338, 288
3342, 318
3346, 265
3350, 317
3354, 272
3358, 290
3362, 348
3366, 393
3370, 472
3374, 553
3378, 430
3382, 342
3386, 309
3390, 299
3394, 262
3398, 293
3402, 266
3406, 281
3410, 315
3414, 264
3418, 281
3422, 288
3426, 292
3430, 253
3434, 296
3438, 288
3442, 242
3446, 279
3450, 269
3454, 293
3458, 293
3462, 276
3466, 284
3470, 291
3474, 246
3478, 237
3482, 272
3486, 269
3490, 256
3494, 272
3498, 268
3502, 262
3506, 238
3510, 288
3514, 259
3518, 299
3522, 266
3526, 248
3530, 274
3534, 283
3538, 262
3542, 238
3546, 258
3550, 263
3554, 268
3558, 277
3562, 287
3566, 287
3570, 269
3574, 275
3578, 286
3582, 289
3586, 229
3590, 269
3594, 293
3598, 275
3602, 297
3606, 265
3610, 243
3614, 272
3618, 263
3622, 237
3626, 277
3630, 278
3634, 234
3638, 271
3642, 249
3646, 251
3650, 268
3654, 268
3658, 299
3662, 297
3666, 310
3670, 281
3674, 303
3678, 268
3682, 258
3686, 273
3690, 242
3694, 246
3698, 251
3702, 265
3706, 257
3710, 233
3714, 263
3718, 272
3722, 242
3726, 247
3730, 218
3734, 242
3738, 271
3742, 241
3746, 277
3750, 241
3754, 246
3758, 267
3762, 251
3766, 244
3770, 266
3774, 274
3778, 236
3782, 224
3786, 260
3790, 251
3794, 260
3798, 263
3802, 230
3806, 223
3810, 224
3814, 224
3818, 255
3822, 220
3826, 251
3830, 243
3834, 230
3838, 245
3842, 238
3846, 236
3850, 255
3854, 246
3858, 232
3862, 259
3866, 249
3870, 242
3874, 254
3878, 249
3882, 229
3886, 248
3890, 264
3894, 237
3898, 248
3902, 234
3906, 277
3910, 220
3914, 219
3918, 232
3922, 221
3926, 211
3930, 264
3934, 264
3938, 242
3942, 256
3946, 260
3950, 234
3954, 239
3958, 235
3962, 240
3966, 252
3970, 228
3974, 273
3978, 185
3982, 216
3986, 199
3990, 231
3994, 227
3998, 235
4002, 224
4006, 209
4010, 227
4014, 218
4018, 240
4022, 237
4026, 248
4030, 279
4034, 245
4038, 203
4042, 213
4046, 235
4050, 239
4054, 215
4058, 222
4062, 211
4066, 237
4070, 225
4074, 240
4078, 229
4082, 220
4086, 230
4090, 193
4094, 233
4098, 218
4102, 245
4106, 221
4110, 236
4114, 238
4118, 245
4122, 195
4126, 235
4130, 211
4134, 228
4138, 236
4142, 235
4146, 235
4150, 234
4154, 219
4158, 225
4162, 239
4166, 211
4170, 224
4174, 213
4178, 220
4182, 210
4186, 217
4190, 230
4194, 260
4198, 206
4202, 200
4206, 223
4210, 241
4214, 232
4218, 213
4222, 204
4226, 234
4230, 237
4234, 209
4238, 207
4242, 256
4246, 229
4250, 241
4254, 268
4258, 256
4262, 253
4266, 211
4270, 217
4274, 226
4278, 193
4282, 196
4286, 215
4290, 206
4294, 207
4298, 216
4302, 219
4306, 215
4310, 216
4314, 225
4318, 205
4322, 226
4326, 194
4330, 213
4334, 199
4338, 204
4342, 183
4346, 215
4350, 210
4354, 214
4358, 203
4362, 234
4366, 188
4370, 233
4374, 208
4378, 215
4382, 201
4386, 201
4390, 223
4394, 197
4398, 223
4402, 207
4406, 223
4410, 238
4414, 176
4418, 209
4422, 229
4426, 231
4430, 228
4434, 202
4438, 209
4442, 177
4446, 226
4450, 202
4454, 222
4458, 216
4462, 235
4466, 221
4470, 224
4474, 251
4478, 199
4482, 200
4486, 211
4490, 209
4494, 193
4498, 199
4502, 198
4506, 205
4510, 207
4514, 206
4518, 196
4522, 212
4526, 213
4530, 195
4534, 215
4538, 198
4542, 192
4546, 233
4550, 198
4554, 220
4558, 209
4562, 203
4566, 213
4570, 194
4574, 209
4578, 203
4582, 193
4586, 177
4590, 217
4594, 186
4598, 199
4602, 188
4606, 191
4610, 198
4614, 190
4618, 200
4622, 216
4626, 191
4630, 200
4634, 227
4638, 171
4642, 212
4646, 180
4650, 198
4654, 190
4658, 221
4662, 198
4666, 195
4670, 202
4674, 173
4678, 169
4682, 199
4686, 187
4690, 207
4694, 214
4698, 196
4702, 190
4706, 190
4710, 190
4714, 191
4718, 204
4722, 181
4726, 189
4730, 200
4734, 195
4738, 188
4742, 207
4746, 193
4750, 192
4754, 198
4758, 209
4762, 201
4766, 230
4770, 206
4774, 205
4778, 202
4782, 169
4786, 194
4790, 218
4794, 192
4798, 192
4802, 179
4806, 196
4810, 187
4814, 205
4818, 195
4822, 175
4826, 205
4830, 196
4834, 183
4838, 189
4842, 195
4846, 196
4850, 183
4854, 179
4858, 180
4862, 165
4866, 181
4870, 204
4874, 161
4878, 180
4882, 188
4886, 202
4890, 169
4894, 176
4898, 163
4902, 164
4906, 172
4910, 170
4914, 160
4918, 175
4922, 200
4926, 178
4930, 198
4934, 169
4938, 165
4942, 193
4946, 198
4950, 197
4954, 176
4958, 197
4962, 178
4966, 202
4970, 187
4974, 187
4978, 200
4982, 195
4986, 200
4990, 189
4994, 187
4998, 177
5002, 186
5006, 171
5010, 181
5014, 172
5018, 160
5022, 157
5026, 190
5030, 191
5034, 194
5038, 221
5042, 239
5046, 234
5050, 208
5054, 194
5058, 185
5062, 180
5066, 172
5070, 188
5074, 188
5078, 203
5082, 155
5086, 170
5090, 163
5094, 200
5098, 183
5102, 172
5106, 163
5110, 196
5114, 201
5118, 177
5122, 173
5126, 168
5130, 184
5134, 182
5138, 197
5142, 188
5146, 171
5150, 180
5154, 165
5158, 172
5162, 197
5166, 201
5170, 215
5174, 173
5178, 184
5182, 209
5186, 173
5190, 158
5194, 175
5198, 160
5202, 161
5206, 201
5210, 194
5214, 189
5218, 180
5222, 180
5226, 177
5230, 160
5234, 178
5238, 156
5242, 153
5246, 176
5250, 157
5254, 166
5258, 161
5262, 187
5266, 182
5270, 167
5274, 154
5278, 187
5282, 174
5286, 153
5290, 166
5294, 184
5298, 179
5302, 180
5306, 193
5310, 191
5314, 170
5318, 170
5322, 142
5326, 160
5330, 191
5334, 161
5338, 198
5342, 201
5346, 180
5350, 194
5354, 186
5358, 188
5362, 200
5366, 199
5370, 205
5374, 186
5378, 157
5382, 169
5386, 191
5390, 193
5394, 160
5398, 166
5402, 154
5406, 185
5410, 159
5414, 186
5418, 155
5422, 155
5426, 155
5430, 180
5434, 180
5438, 177
5442, 158
5446, 152
5450, 186
5454, 163
5458, 149
5462, 168
5466, 182
5470, 208
5474, 251
5478, 348
5482, 591
5486, 738
5490, 728
5494, 512
5498, 282
5502, 210
5506, 180
5510, 177
5514, 180
5518, 196
5522, 173
5526, 184
5530, 162
5534, 170
5538, 167
5542, 195
5546, 169
5550, 189
5554, 180
5558, 194
5562, 179
5566, 188
5570, 182
5574, 157
5578, 153
5582, 155
5586, 159
5590, 182
5594, 199
5598, 140
5602, 176
5606, 177
5610, 171
5614, 162
5618, 166
5622, 178
5626, 176
5630, 139
5634, 165
5638, 179
5642, 181
5646, 156
5650, 170
5654, 173
5658, 158
5662, 190
5666, 173
5670, 159
5674, 153
5678, 174
5682, 189
5686, 166
5690, 136
5694, 183
5698, 188
5702, 170
5706, 153
5710, 182
5714, 147
5718, 165
5722, 176
5726, 176
5730, 153
5734, 201
5738, 170
5742, 199
5746, 186
5750, 221
5754, 172
5758, 185
5762, 164
5766, 150
5770, 192
5774, 192
5778, 158
5782, 171
5786, 174
5790, 171
5794, 179
5798, 186
5802, 173
5806, 170
5810, 178
5814, 187
5818, 171
5822, 169
5826, 164
5830, 181
5834, 156
5838, 186
5842, 162
5846, 156
5850, 189
5854, 174
5858, 174
5862, 175
5866, 144
5870, 164
5874, 205
5878, 169
5882, 184
5886, 163
5890, 195
5894, 175
5898, 173
5902, 175
5906, 187
5910, 145
5914, 168
5918, 138
5922, 169
5926, 168
5930, 166
5934, 184
5938, 169
5942, 156
5946, 168
5950, 162
5954, 191
5958, 153
5962, 182
5966, 172
5970, 165
5974, 155
5978, 149
5982, 174
5986, 139
5990, 163
5994, 163
5998, 166
6002, 156
6006, 156
6010, 148
6014, 168
6018, 156
6022, 159
6026, 170
6030, 170
6034, 174
6038, 138
6042, 163
6046, 146
6050, 175
6054, 175
6058, 160
6062, 177
6066, 164
6070, 164
6074, 149
6078, 171
6082, 150
6086, 150
6090, 155
6094, 149
6098, 145
6102, 147
6106, 164
6110, 163
6114, 164
6118, 155
6122, 165
6126, 183
6130, 151
6134, 172
6138, 155
6142, 162
6146, 164
6150, 145
6154, 167
6158, 152
6162, 138
6166, 186
6170, 143
6174, 177
6178, 145
6182, 143
6186, 172
6190, 186
6194, 207
6198, 219
6202, 219
6206, 222
6210, 166
6214, 174
6218, 177
6222, 165
6226, 192
6230, 159
6234, 168
6238, 162
6242, 137
6246, 167
6250, 125
6254, 145
6258, 145
6262, 138
6266, 161
6270, 154
6274, 178
6278, 171
6282, 161
6286, 161
6290, 172
6294, 157
6298, 160
6302, 151
6306, 167
6310, 186
6314, 188
6318, 144
6322, 178
6326, 153
6330, 139
6334, 167
6338, 151
6342, 169
6346, 139
6350, 163
6354, 175
6358, 169
6362, 167
6366, 141
6370, 170
6374, 162
6378, 131
6382, 173
6386, 179
6390, 173
6394, 177
6398, 168
6402, 161
6406, 149
6410, 132
6414, 145
6418, 148
6422, 163
6426, 139
6430, 153
6434, 161
6438, 161
6442, 169
6446, 153
6450, 154
6454, 160
6458, 157
6462, 165
6466, 136
6470, 156
6474, 139
6478, 175
6482, 152
6486, 154
6490, 168
6494, 163
6498, 152
6502, 170
6506, 145
6510, 149
6514, 139
6518, 163
6522, 153
6526, 167
6530, 149
6534, 163
6538, 171
6542, 172
6546, 173
6550, 159
6554, 158
6558, 170
6562, 147
6566, 148
6570, 162
6574, 158
6578, 171
6582, 153
6586, 157
6590, 155
6594, 181
6598, 158
6602, 158
6606, 128
6610, 145
6614, 149
6618, 132
6622, 146
6626, 141
6630, 147
6634, 166
6638, 152
6642, 159
6646, 170
6650, 175
6654, 178
6658, 169
6662, 151
6666, 133
6670, 172
6674, 158
6678, 157
6682, 162
6686, 172
6690, 171
6694, 182
6698, 161
6702, 154
6706, 173
6710, 140
6714, 132
6718, 147
6722, 157
6726, 154
6730, 146
6734, 142
6738, 159
6742, 146
6746, 169
6750, 152
6754, 154
6758, 160
6762, 169
6766, 159
6770, 149
6774, 165
6778, 167
6782, 155
6786, 145
6790, 146
6794, 155
6798, 167
6802, 146
6806, 160
6810, 138
6814, 132
6818, 163
6822, 146
6826, 154
6830, 163
6834, 182
6838, 148
6842, 158
6846, 168
6850, 163
6854, 166
6858, 200
6862, 170
6866, 157
6870, 138
6874, 139
6878, 140
6882, 172
6886, 137
6890, 152
6894, 142
6898, 172
6902, 167
6906, 151
6910, 156
6914, 156
6918, 162
6922, 165
6926, 153
6930, 141
6934, 153
6938, 152
6942, 152
6946, 155
6950, 153
6954, 157
6958, 162
6962, 143
6966, 138
6970, 142
6974, 157
6978, 161
6982, 169
6986, 154
6990, 179
6994, 146
6998, 157
7002, 162
7006, 157
7010, 166
7014, 158
7018, 153
7022, 169
7026, 170
7030, 162
7034, 180
7038, 160
7042, 123
7046, 157
7050, 158
7054, 149
7058, 144
7062, 175
7066, 147
7070, 161
7074, 147
7078, 152
7082, 164
7086, 161
7090, 174
7094, 173
7098, 170
7102, 174
7106, 165
7110, 151
7114, 158
7118, 156
7122, 156
7126, 159
7130, 152
7134, 169
7138, 173
7142, 155
7146, 175
7150, 169
7154, 156
7158, 167
7162, 185
7166, 210
7170, 221
7174, 286
7178, 381
7182, 378
7186, 278
7190, 205
7194, 174
7198, 150
7202, 157
7206, 166
7210, 153
7214, 163
7218, 154
7222, 145
7226, 158
7230, 180
7234, 157
7238, 151
7242, 143
7246, 146
7250, 146
7254, 159
7258, 152
7262, 167
7266, 144
7270, 165
7274, 163
7278, 129
7282, 137
7286, 157
7290, 160
7294, 155
7298, 139
7302, 131
7306, 155
7310, 167
7314, 141
7318, 127
7322, 150
7326, 144
7330, 157
7334, 161
7338, 146
7342, 137
7346, 142
7350, 140
7354, 159
7358, 130
7362, 156
7366, 154
7370, 150
7374, 171
7378, 158
7382, 154
7386, 174
7390, 152
7394, 134
7398, 158
7402, 154
7406, 157
7410, 157
7414, 163
7418, 169
7422, 152
7426, 165
7430, 158
7434, 163
7438, 126
7442, 141
7446, 142
7450, 127
7454, 153
7458, 135
7462, 159
7466, 153
7470, 140
7474, 149
7478, 177
7482, 153
7486, 161
7490, 144
7494, 142
7498, 131
7502, 146
7506, 140
7510, 163
7514, 150
7518, 137
7522, 154
7526, 159
7530, 164
7534, 159
7538, 136
7542, 139
7546, 156
7550, 153
7554, 163
7558, 158
7562, 163
7566, 137
7570, 179
7574, 159
7578, 147
7582, 164
7586, 163
7590, 163
7594, 169
7598, 163
7602, 173
7606, 135
7610, 158
7614, 148
7618, 140
7622, 166
7626, 171
7630, 155
7634, 168
7638, 151
7642, 135
7646, 138
7650, 160
7654, 168
7658, 159
7662, 136
7666, 167
7670, 133
7674, 153
7678, 145
7682, 150
7686, 151
7690, 149
7694, 142
7698, 164
7702, 172
7706, 137
7710, 138
7714, 136
7718, 134
7722, 181
7726, 157
7730, 152
7734, 158
7738, 160
7742, 152
7746, 134
7750, 141
7754, 163
7758, 160
7762, 144
7766, 134
7770, 133
7774, 156
7778, 168
7782, 162
7786, 164
7790, 167
7794, 164
7798, 154
7802, 136
7806, 165
7810, 164
7814, 146
7818, 150
7822, 153
7826, 151
7830, 153
7834, 151
7838, 152
7842, 146
7846, 144
7850, 166
7854, 174
7858, 155
7862, 129
7866, 164
7870, 148
7874, 138
7878, 138
7882, 132
7886, 159
7890, 148
7894, 144
7898, 150
7902, 141
7906, 145
7910, 140
7914, 149
7918, 147
7922, 176
7926, 132
7930, 150
7934, 160
7938, 160
7942, 148
7946, 157
7950, 132
7954, 168
7958, 160
7962, 138
7966, 136
7970, 156
7974, 139
7978, 166
7982, 181
7986, 145
7990, 145
7994, 154
7998, 147
8002, 124
8006, 180
8010, 152
8014, 141
8018, 161
8022, 169
8026, 142
8030, 137
8034, 165
8038, 162
8042, 170
8046, 155
8050, 160
8054, 154
8058, 132
8062, 144
8066, 155
8070, 174
8074, 218
8078, 266
8082, 337
8086, 353
8090, 337
8094, 233
8098, 174
8102, 200
8106, 169
8110, 170
8114, 148
8118, 151
8122, 152
8126, 138
8130, 153
8134, 149
8138, 152
8142, 135
8146, 172
8150, 142
8154, 163
8158, 150
8162, 153
8166, 160
8170, 164
8174, 130
8178, 169
8182, 145
8186, 138
8190, 144
8194, 155
8198, 148
8202, 166
8206, 169
8210, 144
8214, 170
8218, 156
8222, 160
8226, 162
8230, 183
8234, 159
8238, 144
8242, 174
8246, 159
8250, 154
8254, 179
8258, 181
8262, 174
8266, 166
8270, 156
8274, 163
8278, 133
8282, 183
8286, 175
8290, 196
8294, 212
8298, 249
8302, 312
8306, 407
8310, 538
8314, 642
8318, 568
8322, 439
8326, 314
8330, 232
8334, 209
8338, 184
8342, 173
8346, 180
8350, 180
8354, 188
8358, 182
8362, 194
8366, 163
8370, 173
8374, 166
8378, 165
8382, 152
8386, 182
8390, 167
8394, 170
8398, 163
8402, 168
8406, 172
8410, 177
8414, 158
8418, 160
8422, 162
8426, 177
8430, 174
8434, 163
8438, 170
8442, 182
8446, 161
8450, 170
8454, 173
8458, 162
8462, 156
8466, 156
8470, 160
8474, 178
8478, 171
8482, 203
8486, 165
8490, 173
8494, 152
8498, 196
8502, 158
8506, 165
8510, 183
8514, 156
8518, 168
8522, 173
8526, 175
8530, 176
8534, 155
8538, 163
8542, 171
8546, 146
8550, 158
8554, 157
8558, 183
8562, 172
8566, 174
8570, 170
8574, 161
8578, 160
8582, 168
8586, 159
8590, 196
8594, 181
8598, 182
8602, 207
8606, 202
8610, 230
8614, 229
8618, 225
8622, 188
8626, 188
8630, 177
8634, 178
8638, 174
8642, 169
8646, 171
8650, 150
8654, 187
8658, 201
8662, 172
8666, 179
8670, 175
8674, 172
8678, 185
8682, 175
8686, 206
8690, 161
8694, 172
8698, 164
8702, 193
8706, 174
8710, 161
8714, 181
8718, 192
8722, 171
8726, 171
8730, 192
8734, 182
8738, 186
8742, 186
8746, 187
8750, 190
8754, 165
8758, 184
8762, 180
8766, 200
8770, 186
8774, 197
8778, 220
8782, 206
8786, 185
8790, 169
8794, 200
8798, 175
8802, 208
8806, 180
8810, 207
8814, 176
8818, 192
8822, 190
8826, 210
8830, 194
8834, 203
8838, 182
8842, 165
8846, 195
8850, 195
8854, 197
8858, 152
8862, 187
8866, 172
8870, 173
8874, 198
8878, 200
8882, 184
8886, 182
8890, 171
8894, 186
8898, 159
8902, 161
8906, 206
8910, 199
8914, 192
8918, 174
8922, 183
8926, 186
8930, 194
8934, 201
8938, 205
8942, 193
8946, 196
8950, 176
8954, 194
8958, 212
8962, 205
8966, 210
8970, 216
8974, 199
8978, 213
8982, 190
8986, 195
8990, 185
8994, 174
8998, 213
9002, 229
9006, 186
9010, 168
9014, 196
9018, 226
9022, 199
9026, 193
9030, 200
9034, 184
9038, 198
9042, 187
9046, 185
9050, 189
9054, 213
9058, 217
9062, 204
9066, 196
9070, 191
9074, 225
9078, 198
9082, 186
9086, 211
9090, 175
9094, 197
9098, 221
9102, 222
9106, 214
9110, 188
9114, 216
9118, 203
9122, 201
9126, 205
9130, 204
9134, 216
9138, 186
9142, 180
9146, 225
9150, 215
9154, 213
9158, 179
9162, 223
9166, 218
9170, 201
9174, 189
9178, 194
9182, 197
9186, 226
9190, 241
9194, 207
9198, 232
9202, 196
9206, 210
9210, 215
9214, 212
9218, 223
9222, 201
9226, 196
9230, 216
9234, 256
9238, 218
9242, 204
9246, 210
9250, 220
9254, 226
9258, 227
9262, 242
9266, 204
9270, 219
9274, 224
9278, 229
9282, 228
9286, 228
9290, 227
9294, 212
9298, 216
9302, 219
9306, 208
9310, 228
9314, 206
9318, 211
9322, 244
9326, 232
9330, 198
9334, 224
9338, 238
9342, 239
9346, 219
9350, 236
9354, 244
9358, 223
9362, 234
9366, 246
9370, 220
9374, 243
9378, 210
9382, 240
9386, 213
9390, 226
9394, 241
9398, 247
9402, 231
9406, 242
9410, 234
9414, 224
9418, 274
9422, 210
9426, 223
9430, 272
9434, 224
9438, 253
9442, 237
9446, 241
9450, 243
9454, 269
9458, 218
9462, 240
9466, 259
9470, 258
9474, 249
9478, 271
9482, 256
9486, 243
9490, 236
9494, 266
9498, 257
9502, 232
9506, 245
9510, 267
9514, 255
9518, 213
9522, 264
9526, 248
9530, 260
9534, 259
9538, 263
9542, 265
9546, 253
9550, 252
9554, 242
9558, 235
9562, 300
9566, 273
9570, 282
9574, 246
9578, 275
9582, 234
9586, 263
9590, 265
9594, 269
9598, 265
9602, 289
9606, 264
9610, 249
9614, 272
9618, 265
9622, 258
9626, 258
9630, 277
9634, 266
9638, 279
9642, 272
9646, 290
9650, 255
9654, 274
9658, 263
9662, 269
9666, 256
9670, 276
9674, 226
9678, 269
9682, 296
9686, 251
9690, 270
9694, 237
9698, 318
9702, 279
9706, 280
9710, 270
9714, 279
9718, 275
9722, 266
9726, 284
9730, 262
9734, 283
9738, 283
9742, 308
9746, 255
9750, 261
9754, 282
9758, 304
9762, 318
9766, 374
9770, 407
9774, 321
9778, 302
9782, 260
9786, 290
9790, 332
9794, 280
9798, 304
9802, 292
9806, 277
9810, 292
9814, 290
9818, 281
9822, 280
9826, 292
9830, 284
9834, 271
9838, 271
9842, 278
9846, 264
9850, 268
9854, 282
9858, 294
9862, 261
9866, 266
9870, 251
9874, 253
9878, 231
9882, 259
9886, 233
9890, 224
9894, 215
9898, 231
9902, 187
9906, 212
9910, 206
9914, 212
9918, 198
9922, 212
9926, 179
9930, 198
9934, 186
9938, 188
9942, 199
9946, 183
9950, 154
9954, 188
9958, 178
9962, 173
9966, 181
9970, 171
9974, 172
9978, 180
9982, 171
9986, 167
9990, 171
9994, 177
9998, 167
10002, 157
10006, 163
10010, 178
10014, 157
10018, 189
10022, 160
10026, 172
10030, 182
10034, 150
10038, 163
10042, 147
10046, 163
10050, 174
10054, 159
10058, 179
10062, 152
10066, 165
10070, 183
10074, 165
10078, 171
10082, 147
10086, 139
10090, 164
10094, 182
10098, 141
10102, 189
10106, 168
10110, 164
10114, 125
10118, 163
10122, 142
10126, 150
10130, 171
10134, 162
10138, 166
10142, 162
10146, 132
10150, 151
10154, 164
10158, 149
10162, 146
10166, 153
10170, 152
10174, 146
10178, 129
10182, 151
10186, 143
10190, 148
10194, 130
10198, 139
10202, 137
10206, 134
10210, 154
10214, 134
10218, 152
10222, 138
10226, 146
10230, 133
10234, 144
10238, 129
10242, 123
10246, 126
10250, 146
10254, 132
10258, 166
10262, 132
10266, 138
10270, 147
10274, 111
10278, 153
10282, 142
10286, 105
10290, 124
10294, 127
10298, 127
10302, 122
10306, 130
10310, 108
10314, 114
10318, 110
10322, 112
10326, 116
10330, 123
10334, 98
10338, 122
10342, 120
10346, 99
10350, 109
10354, 102
10358, 114
10362, 103
10366, 114
10370, 89
10374, 89
10378, 123
10382, 99
10386, 93
10390, 93
10394, 107
10398, 92
10402, 99
10406, 101
10410, 91
10414, 76
10418, 97
10422, 89
10426, 79
10430, 103
10434, 87
10438, 75
10442, 90
10446, 78
10450, 91
10454, 73
10458, 54
10462, 76
10466, 96
10470, 79
10474, 79
10478, 86
10482, 66
10486, 78
10490, 73
10494, 82
10498, 62
10502, 58
10506, 72
10510, 77
10514, 61
10518, 73
10522, 59
10526, 63
10530, 54
10534, 55
10538, 49
10542, 77
10546, 70
10550, 52
10554, 54
10558, 61
10562, 57
10566, 44
10570, 44
10574, 57
10578, 48
10582, 52
10586, 49
10590, 54
10594, 53
10598, 50
10602, 44
10606, 56
10610, 41
10614, 41
10618, 43
10622, 32
10626, 46
10630, 34
10634, 47
10638, 47
10642, 38
10646, 34
10650, 30
10654, 50
10658, 46
10662, 46
10666, 42
10670, 46
10674, 57
10678, 48
10682, 47
10686, 57
10690, 32
10694, 44
10698, 32
10702, 34
10706, 42
10710, 37
10714, 29
10718, 38
10722, 28
10726, 30
10730, 42
10734, 45
10738, 24
10742, 35
10746, 29
10750, 25
10754, 29
10758, 34
10762, 30
10766, 26
10770, 20
10774, 32
10778, 21
10782, 32
10786, 30
10790, 34
10794, 35
10798, 33
10802, 33
10806, 28
10810, 26
10814, 33
10818, 25
10822, 25
10826, 29
10830, 37
10834, 31
10838, 28
10842, 32
10846, 34
10850, 36
10854, 32
10858, 27
10862, 36
10866, 34
10870, 35
10874, 29
10878, 34
10882, 30
10886, 39
10890, 20
10894, 26
10898, 30
10902, 34
10906, 38
10910, 38
10914, 34
10918, 28
10922, 29
10926, 33
10930, 23
10934, 28
10938, 23
10942, 34
10946, 22
10950, 34
10954, 22
10958, 31
10962, 27
10966, 29
10970, 30
10974, 25
10978, 33
10982, 27
10986, 33
10990, 32
10994, 34
10998, 31
11002, 32
11006, 28
11010, 36
11014, 37
11018, 30
11022, 36
11026, 31
11030, 27
11034, 23
11038, 33
11042, 18
11046, 19
11050, 27
11054, 27
11058, 25
11062, 30
11066, 26
11070, 29
11074, 38
11078, 44
11082, 40
11086, 34
11090, 34
11094, 33
11098, 39
11102, 50
11106, 57
11110, 85
11114, 185
11118, 481
11122, 1277
11126, 2694
11130, 4940
11134, 7852
11138, 9234
11142, 8001
11146, 4874
11150, 2197
11154, 758
11158, 212
11162, 78
11166, 50
11170, 29
11174, 29
11178, 27
11182, 24
11186, 30
11190, 16
11194, 28
11198, 25
11202, 15
11206, 13
11210, 13
11214, 9
11218, 22
11222, 22
11226, 15
11230, 18
11234, 14
11238, 15
11242, 13
11246, 19
11250, 9
11254, 12
11258, 10
11262, 8
11266, 9
11270, 15
11274, 12
11278, 11
11282, 11
11286, 8
11290, 10
11294, 11
11298, 14
11302, 10
11306, 10
11310, 13
11314, 14
11318, 10
11322, 14
11326, 11
11330, 12
11334, 8
11338, 9
11342, 5
11346, 6
11350, 16
11354, 12
11358, 11
11362, 11
11366, 12
11370, 6
11374, 14
11378, 11
11382, 11
11386, 12
11390, 17
11394, 14
11398, 12
11402, 9
11406, 11
11410, 16
11414, 13
11418, 18
11422, 42
11426, 38
11430, 44
11434, 65
11438, 61
11442, 51
11446, 29
11450, 22
11454, 20
11458, 14
11462, 14
11466, 11
11470, 18
11474, 11
11478, 9
11482, 11
11486, 11
11490, 12
11494, 12
11498, 13
11502, 13
11506, 15
11510, 9
11514, 12
11518, 17
11522, 15
11526, 7
11530, 11
11534, 9
11538, 9
11542, 17
11546, 23
11550, 21
11554, 19
11558, 12
11562, 16
11566, 18
11570, 9
11574, 6
11578, 15
11582, 17
11586, 8
11590, 18
11594, 9
11598, 17
11602, 10
11606, 12
11610, 15
11614, 8
11618, 14
11622, 12
11626, 14
11630, 13
11634, 20
11638, 17
11642, 13
11646, 25
11650, 10
11654, 12
11658, 12
11662, 6
11666, 6
11670, 13
11674, 8
11678, 12
11682, 10
11686, 8
11690, 13
11694, 9
11698, 18
11702, 14
11706, 12
11710, 16
11714, 9
11718, 11
11722, 24
11726, 27
11730, 18
11734, 16
11738, 13
11742, 14
11746, 8
11750, 13
11754, 11
11758, 12
11762, 12
11766, 9
11770, 10
11774, 9
11778, 21
11782, 8
11786, 16
11790, 12
11794, 12
11798, 8
11802, 15
11806, 13
11810, 11
11814, 12
11818, 8
11822, 14
11826, 15
11830, 15
11834, 11
11838, 6
11842, 9
11846, 17
11850, 12
11854, 16
11858, 8
11862, 12
11866, 17
11870, 18
11874, 17
11878, 14
11882, 8
11886, 12
11890, 17
11894, 12
11898, 14
11902, 15
11906, 8
11910, 11
11914, 12
11918, 13
11922, 23
11926, 12
11930, 15
11934, 10
11938, 20
11942, 13
11946, 8
11950, 12
11954, 11
11958, 4
11962, 19
11966, 12
11970, 11
11974, 15
11978, 10
11982, 15
11986, 7
11990, 17
11994, 10
11998, 15
12002, 16
12006, 17
12010, 9
12014, 10
12018, 16
12022, 11
12026, 12
12030, 16
12034, 15
12038, 16
12042, 10
12046, 9
12050, 11
12054, 10
12058, 11
12062, 8
12066, 17
12070, 10
12074, 12
12078, 10
12082, 17
12086, 16
12090, 9
12094, 16
12098, 14
12102, 19
12106, 16
12110, 16
12114, 12
12118, 13
12122, 11
12126, 20
12130, 9
12134, 10
12138, 18
12142, 15
12146, 15
12150, 17
12154, 20
12158, 8
12162, 16
12166, 9
12170, 14
12174, 19
12178, 14
12182, 13
12186, 20
12190, 21
12194, 24
12198, 27
12202, 17
12206, 20
12210, 12
12214, 11
12218, 12
12222, 12
12226, 6
12230, 16
12234, 16
12238, 14
12242, 17
12246, 20
12250, 13
12254, 14
12258, 13
12262, 21
12266, 19
12270, 13
12274, 14
12278, 14
12282, 9
12286, 14
12290, 10
12294, 25
12298, 18
12302, 18
12306, 13
12310, 12
12314, 12
12318, 14
12322, 13
12326, 14
12330, 11
12334, 10
12338, 21
12342, 12
12346, 13
12350, 11
12354, 8
12358, 14
12362, 12
12366, 15
12370, 13
12374, 10
12378, 16
12382, 13
12386, 17
12390, 14
12394, 14
12398, 11
12402, 11
12406, 17
12410, 20
12414, 25
12418, 15
12422, 21
12426, 9
12430, 20
12434, 9
12438, 14
12442, 18
12446, 13
12450, 18
12454, 9
12458, 18
12462, 16
12466, 21
12470, 14
12474, 12
12478, 9
12482, 14
12486, 13
12490, 23
12494, 10
12498, 19
12502, 12
12506, 10
12510, 16
12514, 10
12518, 15
12522, 19
12526, 19
12530, 19
12534, 17
12538, 16
12542, 22
12546, 10
12550, 17
12554, 19
12558, 20
12562, 21
12566, 16
12570, 13
12574, 15
12578, 19
12582, 14
12586, 16
12590, 12
12594, 16
12598, 17
12602, 17
12606, 16
12610, 10
12614, 12
12618, 18
12622, 15
12626, 27
12630, 20
12634, 20
12638, 19
12642, 16
12646, 22
12650, 16
12654, 19
12658, 18
12662, 23
12666, 13
12670, 26
12674, 11
12678, 21
12682, 15
12686, 15
12690, 13
12694, 14
12698, 15
12702, 12
12706, 15
12710, 17
12714, 24
12718, 20
12722, 16
12726, 17
12730, 14
12734, 17
12738, 13
12742, 16
12746, 12
12750, 15
12754, 20
12758, 13
12762, 17
12766, 14
12770, 17
12774, 9
12778, 11
12782, 21
12786, 16
12790, 21
12794, 15
12798, 25
12802, 9
12806, 18
12810, 12
12814, 10
12818, 10
12822, 18
12826, 19
12830, 23
12834, 26
12838, 20
12842, 15
12846, 18
12850, 13
12854, 20
12858, 14
12862, 12
12866, 18
12870, 19
12874, 24
12878, 15
12882, 14
12886, 20
12890, 19
12894, 16
12898, 18
12902, 18
12906, 10
12910, 13
12914, 23
12918, 20
12922, 11
12926, 16
12930, 11
12934, 20
12938, 17
12942, 23
12946, 23
12950, 10
12954, 13
12958, 15
12962, 9
12966, 15
12970, 14
12974, 19
12978, 19
12982, 15
12986, 19
12990, 13
12994, 15
12998, 7
13002, 22
13006, 9
13010, 18
13014, 22
13018, 16
13022, 10
13026, 11
13030, 18
13034, 10
13038, 10
13042, 12
13046, 9
13050, 13
13054, 11
13058, 15
13062, 11
13066, 8
13070, 13
13074, 20
13078, 12
13082, 15
13086, 9
13090, 9
13094, 11
13098, 11
13102, 14
13106, 12
13110, 11
13114, 10
13118, 11
13122, 14
13126, 16
13130, 10
13134, 10
13138, 10
13142, 14
13146, 13
13150, 13
13154, 7
13158, 11
13162, 5
13166, 16
13170, 6
13174, 11
13178, 15
13182, 13
13186, 9
13190, 13
13194, 14
13198, 10
13202, 6
13206, 11
13210, 12
13214, 11
13218, 7
13222, 9
13226, 19
13230, 10
13234, 17
13238, 7
13242, 9
13246, 13
13250, 9
13254, 7
13258, 13
13262, 5
13266, 6
13270, 10
13274, 7
13278, 13
13282, 7
13286, 15
13290, 9
13294, 10
13298, 8
13302, 9
13306, 9
13310, 6
13314, 11
13318, 10
13322, 9
13326, 9
13330, 8
13334, 18
13338, 17
13342, 15
13346, 12
13350, 11
13354, 7
13358, 11
13362, 9
13366, 6
13370, 10
13374, 8
13378, 15
13382, 9
13386, 8
13390, 5
13394, 6
13398, 6
13402, 11
13406, 9
13410, 11
13414, 7
13418, 9
13422, 9
13426, 8
13430, 7
13434, 9
13438, 14
13442, 13
13446, 14
13450, 11
13454, 6
13458, 15
13462, 5
13466, 8
13470, 8
13474, 11
13478, 10
13482, 6
13486, 8
13490, 7
13494, 7
13498, 5
13502, 11
13506, 8
13510, 6
13514, 11
13518, 6
13522, 9
13526, 10
13530, 7
13534, 7
13538, 5
13542, 11
13546, 14
13550, 2
13554, 10
13558, 7
13562, 4
13566, 6
13570, 11
13574, 5
13578, 9
13582, 8
13586, 7
13594, 2
13598, 8
13602, 6
13606, 4
13610, 5
13614, 11
13618, 1
13622, 2
13626, 9
13630, 12
13634, 7
13638, 8
13642, 4
13646, 5
13650, 8
13654, 6
13658, 2
13662, 5
13666, 2
13670, 4
13674, 3
13678, 4
13682, 2
13686, 4
13690, 3
13694, 6
13698, 5
13702, 5
13710, 5
13714, 1
13718, 3
13722, 3
13726, 7
13730, 5
13734, 6
13738, 1
13742, 4
13746, 5
13750, 5
13754, 4
13758, 5
13762, 1
13766, 3
13770, 4
13774, 4
13778, 3
13782, 4
13786, 5
13790, 1
13794, 3
13798, 1
13802, 3
13806, 3
13810, 2
13814, 3
13818, 3
13822, 3
13826, 1
13830, 3
13834, 1
13838, 1
13842, 4
13846, 2
13850, 3
13854, 3
13858, 5
13862, 3
13866, 2
13870, 5
13874, 3
13878, 2
13882, 2
13886, 1
13890, 5
13894, 1
13898, 5
13902, 8
13906, 9
13910, 14
13914, 11
13918, 11
13922, 6
13926, 7
13930, 1
13934, 3
13938, 3
13942, 2
13946, 2
13950, 2
13954, 10
13962, 8
13966, 4
13970, 4
13974, 1
13978, 2
13982, 2
13986, 2
13990, 4
13994, 4
13998, 4
14002, 4
14006, 2
14018, 4
14022, 2
14026, 1
14030, 2
14034, 1
14038, 3
14042, 5
14046, 2
14054, 1
14058, 1
14062, 2
14066, 2
14070, 3
14074, 2
14078, 2
14082, 3
14086, 1
14090, 3
14094, 1
14098, 4
14102, 4
14106, 6
14110, 4
14114, 1
14118, 2
14122, 1
14126, 4
14134, 3
14138, 6
14142, 4
14146, 2
14150, 2
14154, 5
14158, 4
14162, 2
14166, 1
14170, 5
14174, 3
14178, 3
14182, 5
14186, 3
14190, 4
14194, 4
14206, 3
14210, 1
14214, 4
14218, 7
14222, 3
14226, 5
14230, 9
14234, 11
14238, 16
14242, 50
14246, 85
14250, 167
14254, 249
14258, 324
14262, 352
14266, 292
14270, 190
14274, 87
14278, 30
14282, 13
14286, 6
14290, 3
14294, 2
14298, 1
14306, 2
14310, 3
14314, 1
14318, 2
14322, 1
14326, 4
14330, 1
14334, 1
14338, 2
14342, 3
14346, 4
14350, 4
14354, 3
14358, 4
14362, 7
14366, 12
14370, 19
14374, 30
14378, 32
14382, 21
14386, 24
14390, 8
14394, 5
14398, 3
14402, 3
14410, 4
14414, 2
14418, 2
14422, 2
14430, 4
14434, 3
14438, 1
14442, 4
14446, 10
14450, 24
14454, 30
14458, 49
14462, 60
14466, 47
14470, 29
14474, 16
14478, 5
14482, 5
14486, 2
14490, 1
14494, 1
14498, 1
14502, 1
14506, 1
14510, 2
14514, 2
14518, 1
14522, 1
14526, 2
14530, 1
14538, 1
14542, 1
14546, 2
14554, 1
14558, 2
14562, 2
14566, 3
14570, 2
14574, 1
14582, 1
14586, 1
14594, 1
14602, 1
14606, 1
14614, 2
14626, 2
14630, 3
14638, 1
14642, 1
14646, 2
14650, 1
14654, 4
14662, 1
14666, 1
14678, 1
14682, 2
14686, 1
14694, 1
14702, 1
14706, 2
14714, 1
14718, 1
14722, 2
14726, 1
14734, 3
14738, 1
14742, 1
14754, 1
14758, 1
14762, 5
14766, 3
14770, 2
14774, 1
14778, 4
14782, 1
14786, 3
14794, 1
14802, 1
14810, 3
14818, 3
14822, 2
14830, 1
14834, 1
14842, 1
14846, 2
14854, 1
14858, 4
14862, 2
14866, 1
14870, 1
14874, 1
14878, 2
14882, 2
14894, 1
14902, 1
14910, 1
14918, 3
14926, 1
14930, 2
14934, 1
14938, 3
14942, 2
14946, 1
14962, 4
14966, 1
14970, 1
14974, 1
14978, 2
14982, 3
14986, 3
14990, 2
14994, 3
15006, 1
15018, 2
15026, 4
15034, 2
15038, 2
15046, 1
15050, 2
15062, 1
15066, 3
15070, 3
15074, 3
15078, 5
15082, 4
15086, 4
15090, 6
15094, 10
15098, 6
15106, 1
15114, 2
15126, 2
15130, 2
15134, 1
15158, 1
15162, 1
15166, 1
15174, 1
15186, 1
15190, 1
15206, 2
15218, 2
15222, 2
15226, 1
15230, 5
15238, 2
15242, 1
15246, 1
15250, 2
15258, 4
15262, 1
15270, 3
15274, 1
15278, 1
15286, 2
15290, 1
15294, 2
15302, 1
15306, 1
15330, 1
15334, 4
15338, 1
15342, 1
15350, 2
15362, 2
15370, 3
15374, 1
15378, 1
15382, 2
15386, 2
15394, 2
15398, 1
15410, 1
15414, 1
15426, 1
15438, 1
15450, 1
15458, 1
15474, 2
15510, 1
15514, 1
15518, 2
15522, 1
15526, 1
15530, 1
15534, 1
15538, 1
15542, 1
15546, 3
15558, 1
15562, 1
15570, 2
15574, 1
15594, 1
15606, 1
15626, 1
15638, 1
15646, 1
15650, 2
15654, 2
15658, 1
15662, 1
15666, 1
15674, 1
15686, 1
15694, 1
15702, 1
15710, 1
15738, 1
15750, 2
15754, 1
15758, 1
15762, 4
15766, 1
15770, 2
15778, 2
15786, 5
15790, 12
15794, 8
15798, 12
15802, 7
15806, 5
15810, 6
15814, 2
15818, 1
15822, 1
15830, 1
15834, 2
15842, 1
15846, 2
15850, 1
15858, 1
15862, 2
15870, 1
15874, 1
15878, 1
15886, 1
15890, 2
15898, 2
15902, 3
15906, 6
15910, 9
15914, 10
15918, 13
15922, 6
15926, 5
15930, 3
15938, 1
15946, 4
15950, 2
15958, 1
15962, 1
15966, 1
15970, 1
15974, 1
15982, 1
15994, 1
15998, 1
