2, 1512
78, 3
82, 2
86, 7
90, 13
94, 45
98, 75
102, 120
106, 221
110, 301
114, 372
118, 471
122, 509
126, 514
130, 572
134, 561
138, 581
142, 553
146, 553
150, 589
154, 609
158, 608
162, 629
166, 638
170, 611
174, 651
178, 634
182, 640
186, 644
190, 648
194, 642
198, 624
202, 626
206, 653
210, 669
214, 653
218, 630
222, 670
226, 648
230, 668
234, 694
238, 670
242, 636
246, 721
250, 673
254, 669
258, 674
262, 705
266, 633
270, 753
274, 732
278, 729
282, 715
286, 760
290, 749
294, 729
298, 753
302, 701
306, 758
310, 758
314, 795
318, 832
322, 749
326, 760
330, 813
334, 827
338, 797
342, 816
346, 854
350, 803
354, 837
358, 801
362, 879
366, 841
370, 864
374, 890
378, 843
382, 968
386, 912
390, 857
394, 953
398, 955
402, 895
406, 908
410, 875
414, 892
418, 892
422, 909
426, 899
430, 899
434, 965
438, 951
442, 980
446, 937
450, 994
454, 1035
458, 980
462, 1006
466, 1007
470, 952
474, 976
478, 931
482, 951
486, 1004
490, 967
494, 1024
498, 1062
502, 952
506, 976
510, 1063
514, 1035
518, 1019
522, 977
526, 1040
530, 1028
534, 960
538, 1045
542, 1011
546, 1026
550, 1003
554, 1036
558, 1035
562, 1041
566, 1066
570, 1008
574, 1004
578, 1115
582, 1075
586, 1097
590, 1048
594, 1128
598, 1042
602, 992
606, 1110
610, 1145
614, 1073
618, 1067
622, 995
626, 1100
630, 1076
634, 1115
638, 1102
642, 1089
646, 1031
650, 1046
654, 1059
658, 1031
662, 1007
666, 1054
670, 1088
674, 1028
678, 1003
682, 1056
686, 1054
690, 1034
694, 1050
698, 976
702, 972
706, 1035
710, 1009
714, 1045
718, 974
722, 1019
726, 1064
730, 1034
734, 1022
738, 1026
742, 945
746, 987
750, 942
754, 964
758, 976
762, 972
766, 1025
770, 987
774, 987
778, 977
782, 911
786, 962
790, 993
794, 916
798, 968
802, 996
806, 979
810, 989
814, 939
818, 943
822, 947
826, 988
830, 934
834, 981
838, 976
842, 1050
846, 924
850, 883
854, 897
858, 917
862, 965
866, 930
870, 1019
874, 968
878, 959
882, 937
886, 965
890, 900
894, 938
898, 939
902, 947
906, 918
910, 933
914, 917
918, 935
922, 962
926, 928
930, 937
934, 971
938, 960
942, 954
946, 965
950, 966
954, 980
958, 1019
962, 975
966, 1033
970, 956
974, 968
978, 968
982, 918
986, 976
990, 991
994, 899
998, 914
1002, 946
1006, 919
1010, 960
1014, 919
1018, 982
1022, 930
1026, 906
1030, 935
1034, 885
1038, 930
1042, 939
1046, 890
1050, 878
1054, 889
1058, 905
1062, 876
1066, 855
1070, 900
1074, 870
1078, 819
1082, 850
1086, 791
1090, 830
1094, 847
1098, 773
1102, 827
1106, 756
1110, 776
1114, 835
1118, 808
1122, 764
1126, 758
1130, 764
1134, 763
1138, 763
1142, 795
1146, 708
1150, 776
1154, 744
1158, 747
1162, 744
1166, 763
1170, 748
1174, 725
1178, 711
1182, 750
1186, 674
1190, 689
1194, 733
1198, 716
1202, 681
1206, 720
1210, 722
1214, 762
1218, 702
1222, 703
1226, 718
1230, 700
1234, 739
1238, 679
1242, 723
1246, 761
1250, 665
1254, 643
1258, 677
1262, 676
1266, 670
1270, 667
1274, 696
1278, 659
1282, 643
1286, 657
1290, 678
1294, 628
1298, 686
1302, 667
1306, 616
1310, 657
1314, 586
1318, 622
1322, 663
1326, 679
1330, 608
1334, 645
1338, 637
1342, 654
1346, 614
1350, 615
1354, 597
1358, 589
1362, 596
1366, 610
1370, 647
1374, 635
1378, 606
1382, 615
1386, 638
1390, 616
1394, 627
1398, 601
1402, 587
1406, 572
1410, 594
1414, 616
1418, 639
1422, 559
1426, 607
1430, 608
1434, 572
1438, 628
1442, 584
1446, 587
1450, 557
1454, 589
1458, 531
1462, 554
1466, 558
1470, 574
1474, 572
1478, 533
1482, 560
1486, 549
1490, 547
1494, 540
1498, 567
1502, 527
1506, 538
1510, 580
1514, 561
1518, 523
1522, 543
1526, 560
1530, 548
1534, 541
1538, 544
1542, 503
1546, 522
1550, 534
1554, 546
1558, 482
1562, 529
1566, 510
1570, 549
1574, 518
1578, 519
1582, 514
1586, 514
1590, 515
1594, 492
1598, 492
1602, 506
1606, 494
1610, 496
1614, 485
1618, 541
1622, 504
1626, 557
1630, 510
1634, 512
1638, 510
1642, 467
1646, 474
1650, 516
1654, 486
1658, 531
1662, 493
1666, 457
1670, 520
1674, 513
1678, 530
1682, 535
1686, 460
1690, 492
1694, 474
1698, 451
1702, 510
1706, 494
1710, 511
1714, 512
1718, 537
1722, 502
1726, 476
1730, 498
1734, 493
1738, 455
1742, 470
1746, 481
1750, 459
1754, 463
1758, 465
1762, 459
1766, 508
1770, 485
1774, 474
1778, 450
1782, 453
1786, 494
1790, 479
1794, 512
1798, 495
1802, 451
1806, 492
1810, 501
1814, 489
1818, 502
1822, 499
1826, 458
1830, 465
1834, 480
1838, 507
1842, 461
1846, 474
1850, 481
1854, 499
1858, 452
1862, 480
1866, 473
1870, 525
1874, 493
1878, 466
1882, 511
1886, 487
1890, 472
1894, 502
1898, 523
1902, 458
1906, 499
1910, 493
1914, 511
1918, 516
1922, 468
1926, 479
1930, 487
1934, 467
1938, 474
1942, 506
1946, 497
1950, 487
1954, 510
1958, 512
1962, 468
1966, 481
1970, 503
1974, 516
1978, 522
1982, 483
1986, 474
1990, 517
1994, 495
1998, 472
2002, 558
2006, 490
2010, 502
2014, 496
2018, 483
2022, 501
2026, 491
2030, 468
2034, 483
2038, 495
2042, 482
2046, 491
2050, 523
2054, 515
2058, 518
2062, 515
2066, 490
2070, 474
2074, 489
2078, 504
2082, 472
2086, 530
2090, 470
2094, 483
2098, 500
2102, 477
2106, 464
2110, 485
2114, 482
2118, 437
2122, 532
2126, 474
2130, 482
2134, 477
2138, 478
2142, 443
2146, 456
2150, 469
2154, 433
2158, 460
2162, 432
2166, 430
2170, 444
2174, 414
2178, 414
2182, 402
2186, 383
2190, 413
2194, 359
2198, 367
2202, 386
2206, 388
2210, 439
2214, 374
2218, 341
2222, 370
2226, 364
2230, 335
2234, 331
2238, 381
2242, 341
2246, 375
2250, 340
2254, 332
2258, 382
2262, 350
2266, 341
2270, 317
2274, 326
2278, 320
2282, 328
2286, 317
2290, 344
2294, 305
2298, 303
2302, 310
2306, 293
2310, 332
2314, 311
2318, 315
2322, 311
2326, 312
2330, 317
2334, 329
2338, 318
2342, 319
2346, 311
2350, 286
2354, 280
2358, 308
2362, 280
2366, 317
2370, 294
2374, 268
2378, 273
2382, 322
2386, 314
2390, 272
2394, 279
2398, 292
2402, 291
2406, 301
2410, 260
2414, 293
2418, 268
2422, 258
2426, 257
2430, 279
2434, 285
2438, 259
2442, 253
2446, 250
2450, 235
2454, 250
2458, 270
2462, 273
2466, 239
2470, 231
2474, 260
2478, 212
2482, 245
2486, 257
2490, 251
2494, 253
2498, 242
2502, 248
2506, 235
2510, 249
2514, 224
2518, 210
2522, 222
2526, 239
2530, 247
2534, 209
2538, 216
2542, 215
2546, 228
2550, 195
2554, 201
2558, 216
2562, 204
2566, 200
2570, 208
2574, 200
2578, 201
2582, 212
2586, 213
2590, 184
2594, 198
2598, 201
2602, 193
2606, 194
2610, 201
2614, 199
2618, 160
2622, 193
2626, 191
2630, 178
2634, 171
2638, 217
2642, 184
2646, 198
2650, 191
2654, 172
2658, 208
2662, 207
2666, 186
2670, 141
2674, 194
2678, 178
2682, 195
2686, 185
2690, 164
2694, 183
2698, 181
2702, 198
2706, 218
2710, 230
2714, 306
2718, 366
2722, 390
2726, 344
2730, 319
2734, 282
2738, 218
2742, 169
2746, 158
2750, 152
2754, 154
2758, 139
2762, 167
2766, 168
2770, 156
2774, 156
2778, 162
2782, 139
2786, 135
2790, 154
2794, 151
2798, 161
2802, 146
2806, 132
2810, 147
2814, 143
2818, 139
2822, 158
2826, 146
2830, 148
2834, 117
2838, 137
2842, 140
2846, 161
2850, 148
2854, 141
2858, 153
2862, 140
2866, 143
2870, 145
2874, 155
2878, 153
2882, 142
2886, 117
2890, 144
2894, 130
2898, 120
2902, 134
2906, 115
2910, 131
2914, 127
2918, 140
2922, 108
2926, 130
2930, 140
2934, 123
2938, 115
2942, 133
2946, 130
2950, 145
2954, 133
2958, 135
2962, 125
2966, 130
2970, 121
2974, 122
2978, 92
2982, 121
2986, 148
2990, 181
2994, 329
2998, 533
3002, 771
3006, 1226
3010, 1495
3014, 992
3018, 523
3022, 206
3026, 154
3030, 131
3034, 111
3038, 112
3042, 128
3046, 138
3050, 108
3054, 93
3058, 128
3062, 117
3066, 138
3070, 130
3074, 135
3078, 129
3082, 141
3086, 151
3090, 130
3094, 165
3098, 190
3102, 467
3106, 1098
3110, 2175
3114, 3440
3118, 6127
3122, 7798
3126, 5972
3130, 2627
3134, 931
3138, 386
3142, 173
3146, 139
3150, 105
3154, 92
3158, 104
3162, 103
3166, 103
3170, 92
3174, 104
3178, 95
3182, 98
3186, 69
3190, 89
3194, 86
3198, 79
3202, 91
3206, 88
3210, 85
3214, 87
3218, 90
3222, 95
3226, 87
3230, 70
3234, 91
3238, 93
3242, 104
3246, 107
3250, 102
3254, 84
3258, 94
3262, 96
3266, 73
3270, 91
3274, 84
3278, 77
3282, 77
3286, 68
3290, 94
3294, 88
3298, 91
3302, 88
3306, 84
3310, 79
3314, 72
3318, 80
3322, 90
3326, 89
3330, 64
3334, 65
3338, 90
3342, 89
3346, 100
3350, 90
3354, 84
3358, 71
3362, 78
3366, 76
3370, 73
3374, 99
3378, 92
3382, 72
3386, 83
3390, 104
3394, 83
3398, 76
3402, 74
3406, 74
3410, 81
3414, 86
3418, 78
3422, 78
3426, 75
3430, 68
3434, 77
3438, 74
3442, 92
3446, 69
3450, 85
3454, 82
3458, 91
3462, 72
3466, 80
3470, 73
3474, 74
3478, 69
3482, 86
3486, 79
3490, 75
3494, 81
3498, 77
3502, 82
3506, 71
3510, 77
3514, 74
3518, 89
3522, 72
3526, 71
3530, 89
3534, 67
3538, 88
3542, 64
3546, 70
3550, 74
3554, 70
3558, 69
3562, 64
3566, 69
3570, 71
3574, 72
3578, 89
3582, 85
3586, 63
3590, 60
3594, 71
3598, 74
3602, 85
3606, 70
3610, 76
3614, 72
3618, 86
3622, 72
3626, 84
3630, 60
3634, 75
3638, 78
3642, 72
3646, 81
3650, 79
3654, 73
3658, 86
3662, 67
3666, 70
3670, 83
3674, 83
3678, 88
3682, 85
3686, 79
3690, 70
3694, 69
3698, 65
3702, 55
3706, 88
3710, 75
3714, 104
3718, 64
3722, 67
3726, 81
3730, 77
3734, 76
3738, 63
3742, 67
3746, 73
3750, 65
3754, 62
3758, 67
3762, 73
3766, 68
3770, 76
3774, 66
3778, 69
3782, 82
3786, 68
3790, 73
3794, 65
3798, 90
3802, 73
3806, 58
3810, 81
3814, 75
3818, 77
3822, 71
3826, 71
3830, 72
3834, 70
3838, 73
3842, 68
3846, 72
3850, 62
3854, 70
3858, 61
3862, 68
3866, 80
3870, 72
3874, 59
3878, 52
3882, 61
3886, 67
3890, 84
3894, 54
3898, 66
3902, 67
3906, 70
3910, 73
3914, 69
3918, 66
3922, 75
3926, 68
3930, 73
3934, 75
3938, 47
3942, 69
3946, 62
3950, 54
3954, 80
3958, 50
3962, 67
3966, 83
3970, 71
3974, 68
3978, 52
3982, 66
3986, 74
3990, 75
3994, 69
3998, 63
4002, 81
4006, 63
4010, 68
4014, 74
4018, 61
4022, 73
4026, 70
4030, 55
4034, 45
4038, 70
4042, 63
4046, 67
4050, 84
4054, 78
4058, 77
4062, 73
4066, 59
4070, 60
4074, 60
4078, 63
4082, 52
4086, 73
4090, 68
4094, 58
4098, 65
4102, 66
4106, 76
4110, 47
4114, 67
4118, 57
4122, 80
4126, 49
4130, 69
4134, 74
4138, 57
4142, 71
4146, 55
4150, 50
4154, 60
4158, 53
4162, 63
4166, 73
4170, 59
4174, 62
4178, 63
4182, 64
4186, 61
4190, 47
4194, 56
4198, 68
4202, 63
4206, 61
4210, 56
4214, 55
4218, 54
4222, 64
4226, 67
4230, 61
4234, 58
4238, 56
4242, 77
4246, 65
4250, 59
4254, 62
4258, 57
4262, 55
4266, 73
4270, 47
4274, 54
4278, 70
4282, 61
4286, 54
4290, 63
4294, 60
4298, 64
4302, 53
4306, 42
4310, 49
4314, 52
4318, 59
4322, 60
4326, 70
4330, 61
4334, 55
4338, 58
4342, 53
4346, 55
4350, 64
4354, 58
4358, 73
4362, 62
4366, 60
4370, 48
4374, 52
4378, 61
4382, 67
4386, 52
4390, 66
4394, 47
4398, 55
4402, 75
4406, 64
4410, 55
4414, 48
4418, 49
4422, 68
4426, 63
4430, 65
4434, 48
4438, 62
4442, 56
4446, 66
4450, 46
4454, 66
4458, 62
4462, 77
4466, 62
4470, 64
4474, 56
4478, 64
4482, 65
4486, 63
4490, 56
4494, 54
4498, 70
4502, 57
4506, 61
4510, 59
4514, 59
4518, 45
4522, 48
4526, 63
4530, 57
4534, 60
4538, 49
4542, 59
4546, 60
4550, 50
4554, 53
4558, 47
4562, 52
4566, 45
4570, 59
4574, 50
4578, 58
4582, 57
4586, 59
4590, 59
4594, 50
4598, 61
4602, 61
4606, 50
4610, 61
4614, 65
4618, 41
4622, 68
4626, 64
4630, 63
4634, 52
4638, 62
4642, 52
4646, 59
4650, 64
4654, 59
4658, 71
4662, 71
4666, 70
4670, 49
4674, 44
4678, 54
4682, 48
4686, 47
4690, 57
4694, 53
4698, 62
4702, 53
4706, 44
4710, 49
4714, 46
4718, 44
4722, 60
4726, 49
4730, 52
4734, 57
4738, 56
4742, 60
4746, 53
4750, 49
4754, 69
4758, 49
4762, 45
4766, 58
4770, 60
4774, 59
4778, 48
4782, 49
4786, 35
4790, 36
4794, 59
4798, 61
4802, 48
4806, 41
4810, 57
4814, 62
4818, 52
4822, 43
4826, 51
4830, 50
4834, 55
4838, 60
4842, 58
4846, 55
4850, 66
4854, 54
4858, 54
4862, 54
4866, 48
4870, 52
4874, 47
4878, 45
4882, 53
4886, 67
4890, 47
4894, 43
4898, 43
4902, 61
4906, 47
4910, 57
4914, 53
4918, 51
4922, 45
4926, 65
4930, 63
4934, 64
4938, 47
4942, 57
4946, 59
4950, 65
4954, 54
4958, 53
4962, 57
4966, 60
4970, 60
4974, 55
4978, 50
4982, 52
4986, 44
4990, 64
4994, 63
4998, 56
5002, 44
5006, 43
5010, 52
5014, 52
5018, 52
5022, 51
5026, 54
5030, 52
5034, 39
5038, 50
5042, 55
5046, 60
5050, 53
5054, 58
5058, 56
5062, 51
5066, 56
5070, 56
5074, 47
5078, 56
5082, 42
5086, 50
5090, 45
5094, 57
5098, 56
5102, 56
5106, 59
5110, 59
5114, 55
5118, 49
5122, 48
5126, 54
5130, 47
5134, 62
5138, 41
5142, 76
5146, 53
5150, 63
5154, 62
5158, 40
5162, 49
5166, 76
5170, 49
5174, 50
5178, 53
5182, 61
5186, 56
5190, 47
5194, 40
5198, 52
5202, 58
5206, 64
5210, 49
5214, 47
5218, 50
5222, 63
5226, 43
5230, 52
5234, 50
5238, 68
5242, 45
5246, 45
5250, 61
5254, 55
5258, 54
5262, 52
5266, 94
5270, 91
5274, 148
5278, 189
5282, 175
5286, 177
5290, 106
5294, 56
5298, 44
5302, 47
5306, 45
5310, 42
5314, 49
5318, 54
5322, 47
5326, 58
5330, 56
5334, 55
5338, 71
5342, 42
5346, 63
5350, 37
5354, 41
5358, 49
5362, 52
5366, 59
5370, 57
5374, 43
5378, 39
5382, 54
5386, 57
5390, 57
5394, 43
5398, 56
5402, 46
5406, 45
5410, 58
5414, 34
5418, 55
5422, 49
5426, 45
5430, 64
5434, 51
5438, 44
5442, 59
5446, 39
5450, 40
5454, 53
5458, 47
5462, 52
5466, 54
5470, 46
5474, 50
5478, 38
5482, 52
5486, 50
5490, 49
5494, 40
5498, 40
5502, 48
5506, 53
5510, 39
5514, 55
5518, 58
5522, 37
5526, 62
5530, 61
5534, 57
5538, 50
5542, 46
5546, 38
5550, 57
5554, 43
5558, 60
5562, 61
5566, 54
5570, 46
5574, 55
5578, 42
5582, 41
5586, 49
5590, 49
5594, 54
5598, 56
5602, 35
5606, 59
5610, 48
5614, 57
5618, 55
5622, 45
5626, 52
5630, 42
5634, 46
5638, 51
5642, 48
5646, 54
5650, 46
5654, 57
5658, 54
5662, 54
5666, 57
5670, 51
5674, 42
5678, 50
5682, 47
5686, 43
5690, 60
5694, 42
5698, 49
5702, 43
5706, 52
5710, 42
5714, 50
5718, 55
5722, 38
5726, 46
5730, 43
5734, 54
5738, 51
5742, 51
5746, 53
5750, 52
5754, 54
5758, 51
5762, 47
5766, 53
5770, 45
5774, 59
5778, 50
5782, 43
5786, 40
5790, 47
5794, 55
5798, 56
5802, 45
5806, 45
5810, 48
5814, 49
5818, 59
5822, 47
5826, 41
5830, 45
5834, 46
5838, 55
5842, 39
5846, 41
5850, 43
5854, 55
5858, 61
5862, 53
5866, 44
5870, 50
5874, 45
5878, 50
5882, 51
5886, 49
5890, 49
5894, 56
5898, 55
5902, 53
5906, 39
5910, 38
5914, 40
5918, 35
5922, 51
5926, 48
5930, 52
5934, 50
5938, 41
5942, 62
5946, 51
5950, 47
5954, 48
5958, 58
5962, 45
5966, 64
5970, 57
5974, 57
5978, 46
5982, 43
5986, 44
5990, 40
5994, 51
5998, 38
6002, 46
6006, 42
6010, 53
6014, 50
6018, 53
6022, 47
6026, 49
6030, 56
6034, 39
6038, 51
6042, 46
6046, 41
6050, 50
6054, 48
6058, 44
6062, 47
6066, 43
6070, 47
6074, 40
6078, 42
6082, 56
6086, 51
6090, 49
6094, 54
6098, 52
6102, 38
6106, 46
6110, 47
6114, 41
6118, 48
6122, 58
6126, 55
6130, 41
6134, 36
6138, 46
6142, 56
6146, 47
6150, 60
6154, 49
6158, 54
6162, 48
6166, 53
6170, 37
6174, 55
6178, 46
6182, 47
6186, 47
6190, 51
6194, 50
6198, 47
6202, 54
6206, 54
6210, 45
6214, 52
6218, 52
6222, 43
6226, 39
6230, 46
6234, 54
6238, 43
6242, 47
6246, 49
6250, 39
6254, 43
6258, 45
6262, 57
6266, 44
6270, 49
6274, 43
6278, 43
6282, 47
6286, 47
6290, 44
6294, 61
6298, 52
6302, 46
6306, 51
6310, 40
6314, 57
6318, 49
6322, 53
6326, 46
6330, 43
6334, 48
6338, 50
6342, 42
6346, 56
6350, 49
6354, 40
6358, 45
6362, 39
6366, 57
6370, 57
6374, 38
6378, 46
6382, 57
6386, 40
6390, 46
6394, 42
6398, 41
6402, 46
6406, 61
6410, 42
6414, 42
6418, 45
6422, 44
6426, 48
6430, 44
6434, 48
6438, 48
6442, 55
6446, 45
6450, 36
6454, 52
6458, 61
6462, 31
6466, 53
6470, 46
6474, 49
6478, 42
6482, 56
6486, 35
6490, 61
6494, 52
6498, 43
6502, 43
6506, 39
6510, 45
6514, 54
6518, 43
6522, 50
6526, 53
6530, 39
6534, 45
6538, 44
6542, 44
6546, 44
6550, 49
6554, 41
6558, 37
6562, 54
6566, 40
6570, 62
6574, 35
6578, 35
6582, 53
6586, 55
6590, 46
6594, 50
6598, 55
6602, 53
6606, 37
6610, 47
6614, 45
6618, 57
6622, 38
6626, 56
6630, 44
6634, 41
6638, 55
6642, 42
6646, 52
6650, 42
6654, 58
6658, 53
6662, 57
6666, 50
6670, 44
6674, 52
6678, 46
6682, 49
6686, 43
6690, 42
6694, 58
6698, 57
6702, 57
6706, 41
6710, 45
6714, 46
6718, 41
6722, 44
6726, 50
6730, 52
6734, 54
6738, 49
6742, 29
6746, 52
6750, 41
6754, 45
6758, 40
6762, 40
6766, 54
6770, 55
6774, 41
6778, 43
6782, 55
6786, 42
6790, 55
6794, 56
6798, 42
6802, 37
6806, 45
6810, 40
6814, 63
6818, 50
6822, 57
6826, 62
6830, 48
6834, 47
6838, 40
6842, 55
6846, 55
6850, 51
6854, 41
6858, 42
6862, 53
6866, 60
6870, 51
6874, 51
6878, 68
6882, 41
6886, 49
6890, 48
6894, 41
6898, 46
6902, 46
6906, 52
6910, 71
6914, 53
6918, 64
6922, 39
6926, 41
6930, 40
6934, 51
6938, 46
6942, 35
6946, 40
6950, 44
6954, 42
6958, 53
6962, 51
6966, 56
6970, 39
6974, 43
6978, 43
6982, 57
6986, 50
6990, 37
6994, 65
6998, 62
7002, 40
7006, 46
7010, 56
7014, 46
7018, 40
7022, 50
7026, 58
7030, 41
7034, 50
7038, 49
7042, 34
7046, 46
7050, 35
7054, 51
7058, 51
7062, 47
7066, 47
7070, 54
7074, 50
7078, 50
7082, 60
7086, 49
7090, 42
7094, 47
7098, 49
7102, 50
7106, 47
7110, 46
7114, 51
7118, 42
7122, 46
7126, 51
7130, 44
7134, 49
7138, 40
7142, 44
7146, 44
7150, 51
7154, 42
7158, 54
7162, 37
7166, 51
7170, 37
7174, 50
7178, 40
7182, 52
7186, 51
7190, 41
7194, 44
7198, 40
7202, 60
7206, 65
7210, 53
7214, 53
7218, 40
7222, 45
7226, 50
7230, 56
7234, 58
7238, 48
7242, 35
7246, 45
7250, 44
7254, 46
7258, 46
7262, 50
7266, 50
7270, 50
7274, 61
7278, 33
7282, 41
7286, 53
7290, 51
7294, 50
7298, 44
7302, 57
7306, 55
7310, 47
7314, 42
7318, 48
7322, 50
7326, 45
7330, 52
7334, 40
7338, 50
7342, 46
7346, 40
7350, 45
7354, 43
7358, 44
7362, 53
7366, 50
7370, 52
7374, 36
7378, 39
7382, 39
7386, 46
7390, 44
7394, 57
7398, 39
7402, 51
7406, 45
7410, 33
7414, 46
7418, 50
7422, 46
7426, 52
7430, 42
7434, 64
7438, 41
7442, 48
7446, 47
7450, 61
7454, 43
7458, 56
7462, 43
7466, 50
7470, 48
7474, 45
7478, 46
7482, 62
7486, 47
7490, 39
7494, 49
7498, 48
7502, 54
7506, 40
7510, 47
7514, 57
7518, 47
7522, 37
7526, 58
7530, 53
7534, 44
7538, 45
7542, 51
7546, 62
7550, 58
7554, 48
7558, 35
7562, 42
7566, 33
7570, 42
7574, 49
7578, 51
7582, 60
7586, 38
7590, 48
7594, 47
7598, 44
7602, 34
7606, 60
7610, 47
7614, 55
7618, 53
7622, 43
7626, 55
7630, 62
7634, 52
7638, 56
7642, 56
7646, 36
7650, 40
7654, 46
7658, 36
7662, 49
7666, 50
7670, 57
7674, 54
7678, 47
7682, 56
7686, 58
7690, 56
7694, 52
7698, 46
7702, 54
7706, 41
7710, 61
7714, 41
7718, 49
7722, 31
7726, 56
7730, 58
7734, 52
7738, 47
7742, 47
7746, 50
7750, 54
7754, 48
7758, 53
7762, 54
7766, 52
7770, 69
7774, 65
7778, 60
7782, 55
7786, 68
7790, 43
7794, 49
7798, 53
7802, 50
7806, 40
7810, 41
7814, 47
7818, 57
7822, 38
7826, 37
7830, 43
7834, 53
7838, 49
7842, 54
7846, 43
7850, 48
7854, 59
7858, 45
7862, 59
7866, 48
7870, 40
7874, 53
7878, 52
7882, 58
7886, 53
7890, 48
7894, 67
7898, 56
7902, 52
7906, 52
7910, 53
7914, 43
7918, 53
7922, 46
7926, 39
7930, 47
7934, 64
7938, 58
7942, 63
7946, 54
7950, 62
7954, 59
7958, 55
7962, 56
7966, 46
7970, 62
7974, 55
7978, 73
7982, 90
7986, 83
7990, 132
7994, 140
7998, 186
8002, 189
8006, 131
8010, 103
8014, 98
8018, 62
8022, 61
8026, 61
8030, 58
8034, 60
8038, 53
8042, 36
8046, 46
8050, 58
8054, 47
8058, 52
8062, 51
8066, 56
8070, 52
8074, 53
8078, 59
8082, 56
8086, 58
8090, 68
8094, 56
8098, 60
8102, 59
8106, 61
8110, 50
8114, 58
8118, 65
8122, 40
8126, 60
8130, 62
8134, 58
8138, 44
8142, 57
8146, 55
8150, 55
8154, 46
8158, 55
8162, 73
8166, 53
8170, 59
8174, 65
8178, 44
8182, 44
8186, 43
8190, 55
8194, 48
8198, 53
8202, 47
8206, 51
8210, 59
8214, 51
8218, 63
8222, 54
8226, 62
8230, 53
8234, 50
8238, 42
8242, 51
8246, 58
8250, 54
8254, 47
8258, 72
8262, 49
8266, 59
8270, 56
8274, 53
8278, 75
8282, 69
8286, 71
8290, 71
8294, 73
8298, 59
8302, 64
8306, 59
8310, 54
8314, 56
8318, 61
8322, 54
8326, 55
8330, 54
8334, 62
8338, 67
8342, 61
8346, 67
8350, 73
8354, 47
8358, 57
8362, 72
8366, 57
8370, 48
8374, 68
8378, 69
8382, 71
8386, 50
8390, 47
8394, 74
8398, 61
8402, 59
8406, 68
8410, 57
8414, 60
8418, 49
8422, 54
8426, 57
8430, 59
8434, 55
8438, 52
8442, 56
8446, 70
8450, 67
8454, 56
8458, 77
8462, 57
8466, 68
8470, 59
8474, 67
8478, 51
8482, 61
8486, 65
8490, 69
8494, 63
8498, 61
8502, 62
8506, 45
8510, 52
8514, 64
8518, 79
8522, 67
8526, 60
8530, 63
8534, 61
8538, 50
8542, 68
8546, 65
8550, 60
8554, 67
8558, 61
8562, 50
8566, 55
8570, 77
8574, 67
8578, 66
8582, 67
8586, 54
8590, 63
8594, 69
8598, 69
8602, 56
8606, 75
8610, 70
8614, 64
8618, 63
8622, 73
8626, 74
8630, 73
8634, 64
8638, 69
8642, 65
8646, 71
8650, 78
8654, 68
8658, 71
8662, 61
8666, 72
8670, 59
8674, 64
8678, 68
8682, 58
8686, 63
8690, 73
8694, 65
8698, 65
8702, 72
8706, 72
8710, 74
8714, 48
8718, 81
8722, 71
8726, 62
8730, 65
8734, 68
8738, 77
8742, 61
8746, 74
8750, 70
8754, 56
8758, 49
8762, 59
8766, 72
8770, 53
8774, 68
8778, 79
8782, 53
8786, 61
8790, 60
8794, 75
8798, 59
8802, 69
8806, 68
8810, 69
8814, 61
8818, 59
8822, 75
8826, 74
8830, 69
8834, 54
8838, 84
8842, 68
8846, 77
8850, 77
8854, 64
8858, 66
8862, 66
8866, 74
8870, 57
8874, 77
8878, 67
8882, 75
8886, 55
8890, 79
8894, 64
8898, 79
8902, 79
8906, 71
8910, 93
8914, 68
8918, 75
8922, 65
8926, 74
8930, 73
8934, 79
8938, 79
8942, 79
8946, 71
8950, 74
8954, 71
8958, 68
8962, 88
8966, 89
8970, 66
8974, 83
8978, 71
8982, 72
8986, 80
8990, 82
8994, 85
8998, 86
9002, 90
9006, 80
9010, 83
9014, 86
9018, 71
9022, 83
9026, 72
9030, 76
9034, 80
9038, 88
9042, 73
9046, 74
9050, 94
9054, 77
9058, 84
9062, 88
9066, 81
9070, 82
9074, 89
9078, 89
9082, 80
9086, 84
9090, 84
9094, 73
9098, 90
9102, 80
9106, 80
9110, 67
9114, 95
9118, 84
9122, 81
9126, 103
9130, 75
9134, 94
9138, 89
9142, 82
9146, 73
9150, 93
9154, 79
9158, 79
9162, 76
9166, 85
9170, 86
9174, 84
9178, 90
9182, 89
9186, 100
9190, 94
9194, 77
9198, 89
9202, 79
9206, 87
9210, 105
9214, 82
9218, 88
9222, 82
9226, 73
9230, 72
9234, 106
9238, 86
9242, 90
9246, 83
9250, 100
9254, 93
9258, 79
9262, 91
9266, 86
9270, 83
9274, 82
9278, 84
9282, 91
9286, 106
9290, 108
9294, 83
9298, 86
9302, 97
9306, 84
9310, 77
9314, 82
9318, 95
9322, 95
9326, 80
9330, 99
9334, 91
9338, 83
9342, 96
9346, 87
9350, 105
9354, 92
9358, 108
9362, 94
9366, 100
9370, 92
9374, 79
9378, 99
9382, 104
9386, 106
9390, 101
9394, 97
9398, 105
9402, 101
9406, 102
9410, 90
9414, 95
9418, 94
9422, 102
9426, 93
9430, 103
9434, 87
9438, 82
9442, 92
9446, 109
9450, 101
9454, 86
9458, 91
9462, 85
9466, 89
9470, 104
9474, 85
9478, 71
9482, 81
9486, 83
9490, 104
9494, 88
9498, 86
9502, 83
9506, 85
9510, 65
9514, 74
9518, 78
9522, 87
9526, 75
9530, 80
9534, 67
9538, 55
9542, 51
9546, 70
9550, 66
9554, 50
9558, 74
9562, 68
9566, 63
9570, 64
9574, 59
9578, 58
9582, 54
9586, 67
9590, 70
9594, 55
9598, 52
9602, 51
9606, 65
9610, 58
9614, 68
9618, 52
9622, 67
9626, 56
9630, 53
9634, 57
9638, 62
9642, 49
9646, 63
9650, 38
9654, 50
9658, 49
9662, 64
9666, 57
9670, 67
9674, 59
9678, 49
9682, 68
9686, 65
9690, 56
9694, 57
9698, 56
9702, 55
9706, 47
9710, 51
9714, 53
9718, 62
9722, 57
9726, 66
9730, 57
9734, 43
9738, 46
9742, 54
9746, 58
9750, 51
9754, 48
9758, 42
9762, 48
9766, 40
9770, 50
9774, 49
9778, 53
9782, 44
9786, 54
9790, 55
9794, 39
9798, 52
9802, 54
9806, 38
9810, 62
9814, 47
9818, 57
9822, 53
9826, 50
9830, 49
9834, 51
9838, 63
9842, 51
9846, 44
9850, 43
9854, 48
9858, 36
9862, 39
9866, 44
9870, 39
9874, 51
9878, 38
9882, 40
9886, 39
9890, 41
9894, 37
9898, 41
9902, 36
9906, 29
9910, 26
9914, 34
9918, 35
9922, 36
9926, 47
9930, 32
9934, 43
9938, 40
9942, 39
9946, 43
9950, 36
9954, 27
9958, 37
9962, 44
9966, 33
9970, 33
9974, 43
9978, 32
9982, 40
9986, 37
9990, 40
9994, 40
9998, 36
10002, 35
10006, 33
10010, 38
10014, 34
10018, 29
10022, 29
10026, 23
10030, 38
10034, 25
10038, 19
10042, 27
10046, 22
10050, 35
10054, 39
10058, 25
10062, 32
10066, 25
10070, 27
10074, 30
10078, 29
10082, 29
10086, 24
10090, 23
10094, 26
10098, 16
10102, 13
10106, 14
10110, 20
10114, 24
10118, 33
10122, 13
10126, 29
10130, 12
10134, 28
10138, 21
10142, 22
10146, 14
10150, 14
10154, 17
10158, 17
10162, 24
10166, 16
10170, 9
10174, 18
10178, 24
10182, 13
10186, 12
10190, 19
10194, 17
10198, 14
10202, 18
10206, 11
10210, 13
10214, 18
10218, 20
10222, 14
10226, 14
10230, 18
10234, 9
10238, 10
10242, 14
10246, 13
10250, 14
10254, 15
10258, 14
10262, 22
10266, 20
10270, 16
10274, 7
10278, 13
10282, 18
10286, 17
10290, 9
10294, 8
10298, 14
10302, 11
10306, 19
10310, 11
10314, 11
10318, 10
10322, 8
10326, 11
10330, 11
10334, 9
10338, 9
10342, 6
10346, 14
10350, 10
10354, 11
10358, 11
10362, 14
10366, 7
10370, 11
10374, 12
10378, 13
10382, 9
10386, 13
10390, 9
10394, 8
10398, 5
10402, 4
10406, 12
10410, 10
10414, 12
10418, 15
10422, 15
10426, 11
10430, 15
10434, 8
10438, 5
10442, 7
10446, 6
10450, 12
10454, 14
10458, 12
10462, 6
10466, 9
10470, 13
10474, 10
10478, 9
10482, 4
10486, 10
10490, 10
10494, 11
10498, 10
10502, 10
10506, 12
10510, 13
10514, 8
10518, 11
10522, 10
10526, 11
10530, 14
10534, 8
10538, 7
10542, 12
10546, 13
10550, 5
10554, 6
10558, 7
10562, 7
10566, 10
10570, 7
10574, 13
10578, 8
10582, 14
10586, 10
10590, 17
10594, 8
10598, 12
10602, 6
10606, 14
10610, 7
10614, 13
10618, 9
10622, 12
10626, 6
10630, 8
10634, 11
10638, 12
10642, 6
10646, 13
10650, 7
10654, 13
10658, 13
10662, 7
10666, 12
10670, 9
10674, 11
10678, 21
10682, 16
10686, 24
10690, 47
10694, 115
10698, 279
10702, 617
10706, 1140
10710, 1866
10714, 2560
10718, 2756
10722, 2131
10726, 1230
10730, 528
10734, 235
10738, 75
10742, 25
10746, 22
10750, 8
10754, 4
10758, 4
10762, 4
10766, 9
10770, 10
10774, 5
10778, 4
10782, 4
10786, 3
10790, 5
10794, 5
10798, 4
10802, 5
10806, 2
10810, 5
10814, 5
10818, 4
10822, 7
10826, 5
10830, 5
10834, 5
10838, 1
10842, 2
10846, 4
10850, 3
10854, 3
10858, 4
10862, 5
10866, 3
10870, 4
10874, 3
10878, 9
10886, 1
10890, 2
10894, 2
10898, 2
10902, 2
10906, 1
10910, 2
10914, 2
10918, 4
10922, 3
10926, 5
10930, 7
10934, 2
10938, 4
10942, 6
10946, 2
10950, 5
10954, 1
10958, 4
10966, 8
10970, 5
10974, 5
10978, 6
10982, 6
10986, 12
10990, 9
10994, 13
10998, 18
11002, 18
11006, 17
11010, 11
11014, 13
11018, 9
11022, 7
11026, 2
11030, 7
11034, 2
11038, 4
11042, 2
11046, 4
11050, 8
11054, 5
11058, 2
11062, 2
11066, 3
11070, 2
11074, 4
11078, 4
11082, 4
11086, 3
11090, 4
11094, 1
11098, 6
11102, 2
11106, 4
11110, 9
11114, 5
11118, 6
11122, 6
11126, 2
11130, 5
11134, 2
11138, 2
11142, 2
11146, 6
11150, 6
11154, 5
11158, 6
11162, 1
11166, 3
11170, 3
11174, 6
11178, 3
11182, 3
11186, 3
11190, 5
11194, 7
11198, 8
11202, 2
11206, 6
11210, 2
11214, 2
11218, 2
11222, 3
11226, 6
11230, 4
11234, 5
11238, 2
11242, 3
11246, 7
11250, 5
11254, 10
11258, 6
11262, 7
11266, 4
11270, 2
11274, 9
11278, 2
11282, 3
11286, 7
11290, 7
11294, 1
11298, 3
11302, 5
11310, 3
11314, 4
11318, 4
11322, 3
11326, 4
11330, 6
11334, 5
11338, 5
11342, 5
11346, 5
11350, 3
11354, 7
11358, 3
11362, 1
11366, 6
11370, 1
11374, 2
11378, 5
11382, 6
11386, 2
11390, 3
11394, 6
11398, 2
11402, 4
11406, 4
11410, 3
11414, 8
11418, 7
11422, 3
11430, 4
11434, 2
11438, 5
11442, 2
11446, 4
11450, 1
11454, 4
11458, 5
11462, 2
11466, 5
11470, 3
11474, 3
11478, 2
11482, 7
11486, 1
11490, 4
11494, 1
11498, 6
11502, 3
11506, 5
11510, 2
11514, 5
11518, 5
11522, 2
11526, 8
11530, 2
11534, 4
11538, 6
11542, 3
11546, 4
11550, 4
11554, 7
11558, 5
11562, 3
11566, 2
11570, 2
11574, 3
11578, 4
11582, 2
11586, 4
11590, 3
11594, 6
11598, 3
11602, 2
11606, 4
11610, 4
11614, 7
11618, 4
11622, 1
11626, 4
11630, 7
11634, 9
11638, 7
11642, 7
11646, 3
11650, 3
11654, 4
11658, 4
11662, 5
11666, 7
11670, 3
11674, 5
11678, 4
11682, 7
11686, 5
11690, 3
11694, 3
11698, 6
11702, 4
11706, 3
11710, 5
11714, 4
11718, 1
11722, 9
11726, 8
11730, 9
11734, 2
11738, 6
11742, 7
11746, 7
11750, 5
11754, 6
11758, 6
11762, 5
11766, 7
11770, 1
11774, 8
11778, 7
11782, 4
11786, 5
11790, 5
11794, 5
11798, 6
11802, 7
11806, 6
11810, 7
11814, 4
11818, 3
11822, 8
11826, 3
11830, 2
11834, 4
11838, 7
11842, 8
11846, 1
11850, 6
11854, 3
11858, 5
11862, 3
11866, 3
11870, 5
11874, 2
11878, 2
11886, 1
11890, 4
11894, 3
11898, 3
11902, 4
11906, 2
11910, 7
11914, 2
11918, 3
11922, 2
11926, 3
11930, 5
11934, 5
11938, 5
11942, 5
11946, 5
11950, 7
11954, 7
11958, 2
11962, 6
11966, 2
11970, 3
11974, 4
11978, 10
11982, 3
11986, 6
11990, 3
11994, 4
11998, 2
12002, 4
12006, 2
12010, 1
12014, 6
12018, 7
12022, 3
12026, 5
12030, 5
12034, 5
12038, 1
12042, 2
12046, 8
12050, 4
12054, 4
12058, 4
12062, 4
12066, 4
12070, 5
12074, 7
12078, 7
12082, 9
12086, 7
12090, 4
12094, 5
12098, 3
12102, 2
12106, 3
12110, 1
12114, 7
12118, 5
12122, 5
12126, 5
12130, 4
12134, 3
12138, 3
12142, 7
12146, 6
12150, 6
12154, 6
12158, 2
12162, 5
12166, 5
12170, 5
12174, 5
12178, 10
12182, 6
12186, 4
12190, 5
12194, 5
12198, 8
12202, 3
12206, 7
12210, 2
12214, 2
12218, 9
12222, 6
12226, 3
12230, 3
12234, 2
12238, 2
12242, 9
12246, 5
12250, 2
12254, 4
12258, 8
12262, 6
12266, 4
12270, 3
12274, 7
12278, 7
12282, 10
12286, 13
12290, 6
12294, 6
12298, 5
12302, 2
12306, 4
12310, 2
12314, 7
12318, 5
12322, 5
12326, 4
12330, 5
12334, 1
12338, 8
12342, 4
12346, 2
12350, 8
12354, 3
12358, 7
12362, 5
12366, 2
12370, 4
12374, 4
12378, 2
12382, 6
12386, 4
12390, 9
12394, 3
12398, 4
12402, 8
12406, 11
12410, 3
12414, 10
12418, 5
12422, 3
12426, 2
12430, 4
12434, 7
12438, 7
12442, 6
12446, 5
12450, 6
12454, 4
12458, 7
12462, 9
12466, 4
12470, 3
12474, 9
12478, 5
12482, 2
12486, 4
12490, 7
12494, 1
12498, 2
12502, 5
12506, 4
12510, 3
12514, 4
12518, 2
12522, 8
12526, 2
12530, 4
12534, 7
12538, 3
12542, 4
12546, 6
12550, 5
12554, 3
12558, 3
12562, 4
12566, 3
12574, 6
12578, 4
12582, 4
12586, 2
12590, 7
12594, 4
12598, 6
12602, 4
12606, 4
12610, 4
12614, 9
12618, 2
12622, 5
12626, 4
12630, 6
12634, 5
12638, 3
12642, 2
12646, 3
12650, 1
12654, 7
12658, 5
12662, 4
12666, 3
12670, 6
12674, 7
12678, 5
12682, 3
12686, 1
12690, 5
12694, 3
12698, 3
12702, 2
12706, 4
12710, 2
12714, 1
12718, 3
12722, 2
12726, 7
12730, 9
12734, 1
12738, 2
12742, 5
12746, 3
12754, 5
12758, 4
12762, 2
12766, 2
12770, 2
12774, 4
12778, 3
12782, 3
12786, 3
12790, 2
12794, 3
12798, 3
12802, 4
12806, 3
12810, 1
12814, 2
12818, 3
12822, 7
12826, 4
12830, 7
12834, 4
12838, 1
12842, 5
12846, 3
12850, 1
12854, 2
12858, 1
12862, 3
12866, 1
12870, 3
12874, 4
12878, 3
12890, 3
12894, 1
12898, 6
12902, 4
12906, 1
12910, 2
12914, 3
12918, 3
12922, 2
12926, 1
12930, 2
12934, 2
12938, 4
12942, 3
12946, 2
12950, 4
12954, 1
12958, 4
12962, 4
12970, 2
12974, 1
12978, 3
12982, 1
12986, 2
12990, 3
12994, 3
12998, 1
13014, 2
13022, 6
13026, 1
13030, 1
13034, 3
13042, 5
13050, 5
13054, 4
13062, 1
13070, 2
13074, 1
13082, 3
13086, 2
13090, 1
13094, 2
13098, 2
13102, 3
13110, 1
13114, 2
13118, 3
13126, 3
13130, 1
13134, 2
13138, 3
13142, 2
13146, 1
13150, 3
13158, 1
13162, 3
13166, 1
13170, 2
13174, 1
13182, 2
13190, 1
13202, 1
13210, 4
13222, 1
13226, 4
13230, 1
13234, 1
13238, 3
13246, 1
13254, 2
13258, 2
13270, 2
13278, 1
13286, 1
13290, 1
13294, 1
13302, 2
13306, 1
13314, 2
13322, 1
13326, 1
13330, 2
13334, 1
13338, 2
13342, 1
13346, 1
13350, 2
13366, 1
13370, 1
13378, 2
13382, 4
13386, 5
13390, 3
13394, 2
13402, 1
13410, 1
13414, 2
13418, 1
13422, 1
13434, 1
13446, 1
13454, 1
13458, 2
13466, 3
13470, 1
13474, 2
13486, 1
13502, 3
13506, 1
13510, 2
13514, 1
13518, 4
13538, 1
13542, 2
13550, 2
13562, 1
13570, 3
13578, 1
13582, 1
13594, 2
13598, 1
13602, 2
13610, 1
13614, 1
13618, 1
13622, 1
13626, 1
13630, 2
13634, 1
13638, 2
13642, 1
13646, 1
13670, 2
13674, 2
13678, 1
13682, 1
13686, 1
13690, 6
13694, 4
13698, 6
13702, 10
13706, 20
13710, 36
13714, 82
13718, 98
13722, 86
13726, 87
13730, 71
13734, 33
13738, 18
13742, 4
13746, 5
13754, 1
13758, 1
13762, 1
13770, 1
13778, 1
13786, 2
13794, 1
13798, 1
13802, 2
13806, 2
13810, 2
13818, 1
13822, 6
13826, 8
13830, 6
13834, 4
13838, 4
13842, 12
13846, 3
13850, 1
13866, 2
13874, 1
13878, 1
13890, 1
13894, 3
13902, 3
13906, 3
13910, 2
13914, 2
13918, 2
13922, 2
13938, 2
13942, 3
13946, 2
13954, 2
13970, 1
13974, 1
13982, 1
13994, 1
14002, 1
14022, 1
14038, 1
14042, 2
14062, 1
14070, 1
14082, 2
14090, 2
14094, 1
14098, 1
14106, 1
14122, 1
14130, 1
14150, 1
14154, 1
14166, 2
14170, 1
14178, 1
14186, 1
14198, 2
14202, 1
14210, 2
14214, 1
14218, 1
14222, 1
14242, 1
14266, 1
14270, 2
14298, 1
14302, 1
14318, 2
14330, 1
14342, 1
14346, 1
14358, 1
14366, 2
14370, 2
14378, 2
14382, 1
14394, 1
14398, 1
14402, 2
14406, 1
14414, 1
14418, 1
14430, 2
14442, 1
14454, 3
14458, 1
14482, 2
14490, 1
14506, 1
14510, 2
14514, 2
14522, 5
14526, 1
14538, 1
14550, 1
14554, 1
14562, 2
14570, 2
14574, 1
14582, 2
14586, 2
14598, 1
14610, 1
14618, 1
14622, 1
14626, 1
14630, 1
14634, 1
14638, 2
14674, 1
14682, 1
14690, 1
14702, 1
14714, 1
14722, 1
14726, 3
14734, 1
14742, 3
14750, 1
14758, 2
14770, 1
14786, 1
14790, 1
14794, 1
14810, 1
14866, 2
14886, 2
14890, 1
14898, 1
14926, 1
14930, 1
14938, 4
14946, 2
14954, 1
14966, 2
14990, 1
14994, 1
15026, 2
15042, 3
15046, 1
15062, 2
15074, 1
15082, 1
15086, 2
15090, 1
15114, 1
15118, 1
15126, 1
15130, 1
15134, 1
15146, 1
15150, 1
15158, 2
15174, 2
15182, 1
15194, 2
15198, 2
15202, 1
15210, 1
15214, 1
15222, 1
15226, 1
15246, 1
15262, 1
15266, 1
15274, 1
15282, 1
15294, 1
15302, 2
15306, 3
15310, 2
15314, 2
15318, 2
15322, 3
15330, 1
15334, 1
15358, 2
15398, 1
15402, 1
15406, 1
15414, 1
15430, 1
15434, 1
15450, 2
15466, 1
15470, 2
15486, 1
15502, 1
15538, 1
15542, 1
15578, 1
15582, 1
15586, 1
15590, 1
15602, 1
15622, 1
15642, 1
15650, 1
15654, 1
15658, 1
15674, 1
15690, 1
15706, 1
15742, 1
15766, 1
15782, 1
15790, 1
15794, 1
15810, 3
15834, 1
15858, 1
15878, 1
15894, 1
15942, 1
15958, 1
15970, 1
15978, 1
