2, 65421
6, 65
10, 104
14, 131
18, 215
22, 362
26, 646
30, 947
34, 1289
38, 1697
42, 2185
46, 2368
50, 2607
54, 2704
58, 2832
62, 2958
66, 3037
70, 3214
74, 3248
78, 3257
82, 3172
86, 3353
90, 3336
94, 3291
98, 3437
102, 3312
106, 3527
110, 3548
114, 3311
118, 3471
122, 3475
126, 3541
130, 3617
134, 3681
138, 3632
142, 3744
146, 3676
150, 3788
154, 3820
158, 3775
162, 3868
166, 3901
170, 3988
174, 3970
178, 4035
182, 4146
186, 4233
190, 4138
194, 4115
198, 4229
202, 4200
206, 4293
210, 4239
214, 4333
218, 4368
222, 4324
226, 4371
230, 4330
234, 4364
238, 4462
242, 4395
246, 4502
250, 4383
254, 4483
258, 4434
262, 4483
266, 4489
270, 4583
274, 4687
278, 4682
282, 4522
286, 4690
290, 4662
294, 4508
298, 4620
302, 4689
306, 4650
310, 4717
314, 4530
318, 4792
322, 4661
326, 4667
330, 4854
334, 4678
338, 4793
342, 4772
346, 4860
350, 4867
354, 4818
358, 4875
362, 4944
366, 4833
370, 4887
374, 5010
378, 4821
382, 5040
386, 5132
390, 4937
394, 5204
398, 5218
402, 5180
406, 5279
410, 5260
414, 5195
418, 5135
422, 5235
426, 5067
430, 5231
434, 5092
438, 5287
442, 5190
446, 5231
450, 5339
454, 5424
458, 5371
462, 5432
466, 5435
470, 5408
474, 5418
478, 5531
482, 5262
486, 5421
490, 5477
494, 5409
498, 5379
502, 5605
506, 5586
510, 5434
514, 5425
518, 5511
522, 5656
526, 5562
530, 5580
534, 5581
538, 5582
542, 5654
546, 5517
550, 5673
554, 5644
558, 5750
562, 5613
566, 5667
570, 5657
574, 5747
578, 5756
582, 5761
586, 5828
590, 5810
594, 5814
598, 5791
602, 5856
606, 5959
610, 6045
614, 6072
618, 5957
622, 6093
626, 6043
630, 5891
634, 6024
638, 6088
642, 6004
646, 5920
650, 6110
654, 6056
658, 6135
662, 6093
666, 6135
670, 5983
674, 6111
678, 6191
682, 6213
686, 6254
690, 6016
694, 6097
698, 6183
702, 6286
706, 6186
710, 6173
714, 6184
718, 6100
722, 6175
726, 6256
730, 6118
734, 6306
738, 6061
742, 6088
746, 6296
750, 6210
754, 6123
758, 6211
762, 6183
766, 6188
770, 6083
774, 6091
778, 6080
782, 6106
786, 6111
790, 6108
794, 6084
798, 6132
802, 6193
806, 6096
810, 6033
814, 6206
818, 5947
822, 6026
826, 6012
830, 6056
834, 6109
838, 6124
842, 5962
846, 5966
850, 5995
854, 5912
858, 5975
862, 6002
866, 5984
870, 5765
874, 5970
878, 5942
882, 5885
886, 5862
890, 5702
894, 5866
898, 5869
902, 5901
906, 5868
910, 5792
914, 5812
918, 5844
922, 5787
926, 5779
930, 5796
934, 5793
938, 5839
942, 5923
946, 5937
950, 6052
954, 5967
958, 5946
962, 5977
966, 6168
970, 6193
974, 6445
978, 6620
982, 6455
986, 6584
990, 6793
994, 6671
998, 6751
1002, 6703
1006, 6813
1010, 6774
1014, 6657
1018, 6660
1022, 6638
1026, 6682
1030, 6811
1034, 6608
1038, 6614
1042, 6518
1046, 6553
1050, 6496
1054, 6326
1058, 6503
1062, 6419
1066, 6388
1070, 6282
1074, 6388
1078, 6127
1082, 6348
1086, 6220
1090, 6070
1094, 6326
1098, 6144
1102, 6040
1106, 6128
1110, 6068
1114, 5874
1118, 5952
1122, 5930
1126, 5823
1130, 5841
1134, 5767
1138, 5770
1142, 5672
1146, 5643
1150, 5738
1154, 5673
1158, 5643
1162, 5558
1166, 5471
1170, 5497
1174, 5360
1178, 5419
1182, 5502
1186, 5387
1190, 5318
1194, 5289
1198, 5287
1202, 5281
1206, 5181
1210, 5216
1214, 5115
1218, 5182
1222, 5147
1226, 5152
1230, 5128
1234, 5080
1238, 5092
1242, 5035
1246, 5187
1250, 5095
1254, 5001
1258, 5038
1262, 5174
1266, 4978
1270, 4993
1274, 5005
1278, 4956
1282, 4988
1286, 5026
1290, 4983
1294, 4865
1298, 4867
1302, 4905
1306, 4972
1310, 4888
1314, 4834
1318, 4789
1322, 4690
1326, 4794
1330, 4752
1334, 4722
1338, 4675
1342, 4686
1346, 4645
1350, 4656
1354, 4533
1358, 4582
1362, 4560
1366, 4477
1370, 4509
1374, 4445
1378, 4326
1382, 4519
1386, 4373
1390, 4565
1394, 4600
1398, 4419
1402, 4391
1406, 4321
1410, 4418
1414, 4341
1418, 4345
1422, 4311
1426, 4245
1430, 4440
1434, 4257
1438, 4184
1442, 4163
1446, 4222
1450, 4078
1454, 4139
1458, 4162
1462, 4081
1466, 4054
1470, 4025
1474, 3992
1478, 3987
1482, 4012
1486, 4053
1490, 3990
1494, 3967
1498, 4047
1502, 4035
1506, 3889
1510, 4021
1514, 3907
1518, 3900
1522, 3787
1526, 3936
1530, 3788
1534, 3837
1538, 3845
1542, 3833
1546, 3853
1550, 3688
1554, 3688
1558, 3770
1562, 3712
1566, 3738
1570, 3645
1574, 3700
1578, 3768
1582, 3629
1586, 3753
1590, 3665
1594, 3600
1598, 3726
1602, 3458
1606, 3648
1610, 3585
1614, 3515
1618, 3577
1622, 3542
1626, 3537
1630, 3522
1634, 3450
1638, 3586
1642, 3502
1646, 3543
1650, 3469
1654, 3614
1658, 3456
1662, 3363
1666, 3396
1670, 3460
1674, 3408
1678, 3481
1682, 3494
1686, 3512
1690, 3467
1694, 3442
1698, 3359
1702, 3396
1706, 3415
1710, 3458
1714, 3472
1718, 3476
1722, 3358
1726, 3402
1730, 3269
1734, 3336
1738, 3443
1742, 3387
1746, 3348
1750, 3462
1754, 3386
1758, 3310
1762, 3299
1766, 3424
1770, 3412
1774, 3337
1778, 3429
1782, 3175
1786, 3261
1790, 3247
1794, 3374
1798, 3342
1802, 3307
1806, 3283
1810, 3325
1814, 3302
1818, 3236
1822, 3356
1826, 3211
1830, 3314
1834, 3318
1838, 3241
1842, 3308
1846, 3252
1850, 3304
1854, 3168
1858, 3289
1862, 3291
1866, 3203
1870, 3222
1874, 3258
1878, 3232
1882, 3232
1886, 3242
1890, 3271
1894, 3240
1898, 3161
1902, 3159
1906, 3240
1910, 3304
1914, 3180
1918, 3074
1922, 3320
1926, 3216
1930, 3254
1934, 3130
1938, 3318
1942, 3239
1946, 3278
1950, 3165
1954, 3291
1958, 3254
1962, 3319
1966, 3125
1970, 3247
1974, 3272
1978, 3249
1982, 3075
1986, 3281
1990, 3269
1994, 3291
1998, 3225
2002, 3275
2006, 3304
2010, 3260
2014, 3332
2018, 3259
2022, 3190
2026, 3370
2030, 3175
2034, 3308
2038, 3320
2042, 3320
2046, 3306
2050, 3344
2054, 3324
2058, 3433
2062, 3371
2066, 3322
2070, 3335
2074, 3324
2078, 3396
2082, 3302
2086, 3316
2090, 3316
2094, 3259
2098, 3406
2102, 3362
2106, 3380
2110, 3356
2114, 3369
2118, 3337
2122, 3387
2126, 3313
2130, 3337
2134, 3261
2138, 3326
2142, 3293
2146, 3350
2150, 3258
2154, 3275
2158, 3324
2162, 3208
2166, 3236
2170, 3281
2174, 3281
2178, 3395
2182, 3359
2186, 3222
2190, 3357
2194, 3122
2198, 3210
2202, 3208
2206, 3066
2210, 3167
2214, 3054
2218, 3016
2222, 3001
2226, 3016
2230, 2935
2234, 2880
2238, 2763
2242, 2683
2246, 2610
2250, 2548
2254, 2518
2258, 2404
2262, 2376
2266, 2371
2270, 2277
2274, 2294
2278, 2267
2282, 2146
2286, 2138
2290, 2208
2294, 2115
2298, 2054
2302, 2159
2306, 2079
2310, 2015
2314, 2094
2318, 2051
2322, 2113
2326, 2003
2330, 1951
2334, 1919
2338, 1915
2342, 1845
2346, 1896
2350, 1809
2354, 1928
2358, 1858
2362, 1771
2366, 1826
2370, 1843
2374, 1807
2378, 1781
2382, 1809
2386, 1798
2390, 1797
2394, 1730
2398, 1715
2402, 1635
2406, 1746
2410, 1604
2414, 1708
2418, 1609
2422, 1594
2426, 1614
2430, 1581
2434, 1613
2438, 1627
2442, 1612
2446, 1592
2450, 1493
2454, 1593
2458, 1504
2462, 1530
2466, 1488
2470, 1471
2474, 1411
2478, 1486
2482, 1459
2486, 1430
2490, 1370
2494, 1400
2498, 1441
2502, 1383
2506, 1413
2510, 1435
2514, 1411
2518, 1407
2522, 1367
2526, 1299
2530, 1398
2534, 1295
2538, 1309
2542, 1332
2546, 1287
2550, 1227
2554, 1293
2558, 1196
2562, 1201
2566, 1204
2570, 1239
2574, 1303
2578, 1165
2582, 1214
2586, 1184
2590, 1187
2594, 1210
2598, 1129
2602, 1192
2606, 1106
2610, 1144
2614, 1121
2618, 1079
2622, 1117
2626, 1089
2630, 1105
2634, 1053
2638, 1073
2642, 1071
2646, 1042
2650, 1049
2654, 1055
2658, 1041
2662, 1037
2666, 1024
2670, 1023
2674, 984
2678, 1016
2682, 1054
2686, 1020
2690, 1040
2694, 993
2698, 989
2702, 970
2706, 923
2710, 1008
2714, 938
2718, 996
2722, 1010
2726, 956
2730, 972
2734, 918
2738, 948
2742, 969
2746, 928
2750, 940
2754, 897
2758, 947
2762, 966
2766, 965
2770, 953
2774, 1048
2778, 960
2782, 1107
2786, 1201
2790, 1287
2794, 1617
2798, 1873
2802, 2008
2806, 2033
2810, 1910
2814, 1717
2818, 1507
2822, 1358
2826, 1169
2830, 976
2834, 971
2838, 932
2842, 935
2846, 844
2850, 867
2854, 814
2858, 871
2862, 868
2866, 775
2870, 849
2874, 808
2878, 814
2882, 748
2886, 795
2890, 749
2894, 773
2898, 833
2902, 801
2906, 790
2910, 831
2914, 853
2918, 787
2922, 779
2926, 815
2930, 737
2934, 766
2938, 765
2942, 760
2946, 787
2950, 770
2954, 724
2958, 737
2962, 774
2966, 809
2970, 732
2974, 788
2978, 733
2982, 749
2986, 741
2990, 741
2994, 804
2998, 729
3002, 785
3006, 693
3010, 750
3014, 755
3018, 738
3022, 727
3026, 715
3030, 726
3034, 756
3038, 763
3042, 738
3046, 705
3050, 783
3054, 777
3058, 779
3062, 761
3066, 827
3070, 846
3074, 885
3078, 972
3082, 1237
3086, 1488
3090, 2387
3094, 3955
3098, 6429
3102, 8585
3106, 9617
3110, 8636
3114, 6563
3118, 4344
3122, 2743
3126, 1716
3130, 1359
3134, 1173
3138, 1163
3142, 1098
3146, 1093
3150, 1049
3154, 1027
3158, 1021
3162, 1035
3166, 1107
3170, 1057
3174, 1154
3178, 1122
3182, 1263
3186, 1421
3190, 1643
3194, 2093
3198, 2759
3202, 4317
3206, 7802
3210, 15194
3214, 27134
3218, 42428
3222, 51922
3226, 51901
3230, 40659
3234, 25922
3238, 14150
3242, 7423
3246, 4268
3250, 3082
3254, 2740
3258, 2632
3262, 2321
3266, 2044
3270, 1664
3274, 1355
3278, 1189
3282, 1069
3286, 1111
3290, 1033
3294, 1041
3298, 916
3302, 891
3306, 848
3310, 752
3314, 776
3318, 714
3322, 660
3326, 585
3330, 586
3334, 530
3338, 485
3342, 500
3346, 477
3350, 486
3354, 468
3358, 507
3362, 448
3366, 488
3370, 528
3374, 545
3378, 570
3382, 582
3386, 573
3390, 597
3394, 497
3398, 462
3402, 447
3406, 477
3410, 455
3414, 428
3418, 403
3422, 443
3426, 436
3430, 409
3434, 438
3438, 409
3442, 401
3446, 423
3450, 416
3454, 417
3458, 409
3462, 432
3466, 433
3470, 389
3474, 423
3478, 417
3482, 405
3486, 476
3490, 364
3494, 424
3498, 388
3502, 407
3506, 410
3510, 420
3514, 397
3518, 391
3522, 380
3526, 406
3530, 426
3534, 438
3538, 411
3542, 398
3546, 413
3550, 444
3554, 408
3558, 393
3562, 429
3566, 391
3570, 376
3574, 373
3578, 401
3582, 391
3586, 388
3590, 430
3594, 426
3598, 414
3602, 391
3606, 399
3610, 413
3614, 405
3618, 432
3622, 400
3626, 366
3630, 410
3634, 434
3638, 389
3642, 415
3646, 422
3650, 394
3654, 396
3658, 400
3662, 395
3666, 397
3670, 404
3674, 404
3678, 361
3682, 398
3686, 385
3690, 454
3694, 432
3698, 403
3702, 407
3706, 423
3710, 425
3714, 412
3718, 428
3722, 410
3726, 397
3730, 385
3734, 389
3738, 378
3742, 383
3746, 423
3750, 396
3754, 401
3758, 440
3762, 362
3766, 383
3770, 402
3774, 375
3778, 360
3782, 397
3786, 363
3790, 384
3794, 420
3798, 369
3802, 389
3806, 409
3810, 389
3814, 361
3818, 376
3822, 423
3826, 411
3830, 378
3834, 372
3838, 372
3842, 370
3846, 403
3850, 361
3854, 361
3858, 381
3862, 401
3866, 366
3870, 389
3874, 377
3878, 360
3882, 378
3886, 375
3890, 364
3894, 362
3898, 363
3902, 411
3906, 386
3910, 369
3914, 384
3918, 411
3922, 408
3926, 365
3930, 377
3934, 360
3938, 360
3942, 406
3946, 389
3950, 389
3954, 358
3958, 366
3962, 390
3966, 391
3970, 356
3974, 346
3978, 362
3982, 393
3986, 334
3990, 374
3994, 361
3998, 371
4002, 344
4006, 395
4010, 359
4014, 366
4018, 360
4022, 377
4026, 353
4030, 348
4034, 366
4038, 360
4042, 356
4046, 364
4050, 364
4054, 401
4058, 341
4062, 374
4066, 410
4070, 348
4074, 393
4078, 376
4082, 385
4086, 355
4090, 365
4094, 325
4098, 364
4102, 354
4106, 361
4110, 371
4114, 382
4118, 357
4122, 382
4126, 368
4130, 378
4134, 379
4138, 378
4142, 363
4146, 326
4150, 388
4154, 395
4158, 399
4162, 349
4166, 359
4170, 341
4174, 347
4178, 395
4182, 313
4186, 364
4190, 355
4194, 365
4198, 349
4202, 356
4206, 371
4210, 343
4214, 347
4218, 377
4222, 331
4226, 341
4230, 358
4234, 346
4238, 352
4242, 335
4246, 351
4250, 325
4254, 353
4258, 352
4262, 346
4266, 333
4270, 354
4274, 337
4278, 326
4282, 345
4286, 346
4290, 389
4294, 352
4298, 363
4302, 392
4306, 331
4310, 362
4314, 370
4318, 380
4322, 349
4326, 352
4330, 348
4334, 335
4338, 340
4342, 349
4346, 342
4350, 357
4354, 369
4358, 348
4362, 376
4366, 347
4370, 349
4374, 342
4378, 348
4382, 360
4386, 332
4390, 356
4394, 336
4398, 362
4402, 381
4406, 366
4410, 341
4414, 333
4418, 361
4422, 347
4426, 367
4430, 386
4434, 360
4438, 337
4442, 377
4446, 394
4450, 363
4454, 364
4458, 352
4462, 356
4466, 354
4470, 362
4474, 374
4478, 331
4482, 342
4486, 357
4490, 346
4494, 370
4498, 388
4502, 331
4506, 348
4510, 391
4514, 346
4518, 356
4522, 357
4526, 337
4530, 359
4534, 335
4538, 326
4542, 338
4546, 349
4550, 372
4554, 337
4558, 392
4562, 331
4566, 341
4570, 340
4574, 351
4578, 357
4582, 324
4586, 359
4590, 337
4594, 329
4598, 342
4602, 343
4606, 347
4610, 326
4614, 356
4618, 348
4622, 360
4626, 330
4630, 326
4634, 339
4638, 366
4642, 327
4646, 323
4650, 323
4654, 324
4658, 353
4662, 354
4666, 374
4670, 367
4674, 365
4678, 339
4682, 341
4686, 386
4690, 315
4694, 356
4698, 315
4702, 366
4706, 334
4710, 365
4714, 331
4718, 312
4722, 374
4726, 360
4730, 371
4734, 382
4738, 369
4742, 357
4746, 340
4750, 336
4754, 341
4758, 352
4762, 336
4766, 337
4770, 329
4774, 348
4778, 314
4782, 335
4786, 329
4790, 316
4794, 341
4798, 336
4802, 349
4806, 333
4810, 323
4814, 319
4818, 339
4822, 324
4826, 338
4830, 292
4834, 328
4838, 312
4842, 339
4846, 337
4850, 321
4854, 347
4858, 359
4862, 367
4866, 301
4870, 366
4874, 340
4878, 320
4882, 307
4886, 326
4890, 337
4894, 334
4898, 333
4902, 384
4906, 368
4910, 339
4914, 351
4918, 344
4922, 365
4926, 334
4930, 357
4934, 370
4938, 305
4942, 320
4946, 355
4950, 342
4954, 325
4958, 326
4962, 356
4966, 331
4970, 347
4974, 323
4978, 322
4982, 351
4986, 349
4990, 344
4994, 335
4998, 325
5002, 323
5006, 322
5010, 346
5014, 320
5018, 296
5022, 316
5026, 350
5030, 330
5034, 332
5038, 300
5042, 339
5046, 320
5050, 320
5054, 353
5058, 340
5062, 328
5066, 336
5070, 342
5074, 323
5078, 327
5082, 339
5086, 314
5090, 339
5094, 317
5098, 320
5102, 364
5106, 339
5110, 344
5114, 322
5118, 365
5122, 324
5126, 288
5130, 332
5134, 345
5138, 349
5142, 331
5146, 309
5150, 330
5154, 310
5158, 345
5162, 323
5166, 320
5170, 326
5174, 314
5178, 340
5182, 334
5186, 363
5190, 342
5194, 341
5198, 324
5202, 305
5206, 314
5210, 333
5214, 385
5218, 319
5222, 332
5226, 317
5230, 325
5234, 344
5238, 328
5242, 330
5246, 326
5250, 339
5254, 320
5258, 347
5262, 320
5266, 297
5270, 316
5274, 328
5278, 319
5282, 332
5286, 311
5290, 347
5294, 316
5298, 310
5302, 316
5306, 325
5310, 334
5314, 300
5318, 318
5322, 369
5326, 325
5330, 336
5334, 328
5338, 324
5342, 360
5346, 323
5350, 357
5354, 329
5358, 325
5362, 288
5366, 341
5370, 320
5374, 332
5378, 352
5382, 357
5386, 318
5390, 363
5394, 316
5398, 348
5402, 351
5406, 340
5410, 343
5414, 342
5418, 381
5422, 352
5426, 359
5430, 400
5434, 458
5438, 573
5442, 793
5446, 1070
5450, 1403
5454, 1440
5458, 1366
5462, 1083
5466, 783
5470, 663
5474, 520
5478, 481
5482, 408
5486, 447
5490, 391
5494, 374
5498, 378
5502, 343
5506, 383
5510, 332
5514, 344
5518, 363
5522, 349
5526, 379
5530, 322
5534, 375
5538, 368
5542, 374
5546, 366
5550, 338
5554, 358
5558, 347
5562, 388
5566, 335
5570, 360
5574, 377
5578, 350
5582, 398
5586, 337
5590, 358
5594, 351
5598, 345
5602, 360
5606, 363
5610, 359
5614, 358
5618, 379
5622, 350
5626, 351
5630, 335
5634, 370
5638, 326
5642, 361
5646, 376
5650, 387
5654, 388
5658, 347
5662, 342
5666, 334
5670, 389
5674, 377
5678, 326
5682, 351
5686, 360
5690, 360
5694, 391
5698, 360
5702, 362
5706, 342
5710, 398
5714, 405
5718, 366
5722, 340
5726, 388
5730, 372
5734, 329
5738, 384
5742, 376
5746, 329
5750, 353
5754, 364
5758, 338
5762, 327
5766, 385
5770, 355
5774, 373
5778, 355
5782, 358
5786, 366
5790, 341
5794, 358
5798, 346
5802, 360
5806, 343
5810, 390
5814, 350
5818, 373
5822, 369
5826, 385
5830, 404
5834, 377
5838, 353
5842, 344
5846, 369
5850, 331
5854, 380
5858, 371
5862, 398
5866, 375
5870, 348
5874, 366
5878, 360
5882, 370
5886, 360
5890, 336
5894, 395
5898, 328
5902, 352
5906, 370
5910, 347
5914, 354
5918, 355
5922, 375
5926, 391
5930, 361
5934, 374
5938, 349
5942, 344
5946, 350
5950, 358
5954, 367
5958, 379
5962, 336
5966, 316
5970, 376
5974, 365
5978, 385
5982, 326
5986, 353
5990, 378
5994, 388
5998, 379
6002, 328
6006, 365
6010, 390
6014, 348
6018, 358
6022, 363
6026, 374
6030, 369
6034, 389
6038, 374
6042, 375
6046, 397
6050, 367
6054, 351
6058, 377
6062, 346
6066, 369
6070, 355
6074, 354
6078, 379
6082, 345
6086, 356
6090, 346
6094, 369
6098, 372
6102, 337
6106, 351
6110, 351
6114, 376
6118, 389
6122, 384
6126, 351
6130, 384
6134, 336
6138, 377
6142, 368
6146, 387
6150, 372
6154, 380
6158, 368
6162, 358
6166, 352
6170, 399
6174, 376
6178, 362
6182, 395
6186, 319
6190, 372
6194, 338
6198, 373
6202, 378
6206, 350
6210, 324
6214, 387
6218, 395
6222, 377
6226, 402
6230, 362
6234, 359
6238, 346
6242, 342
6246, 385
6250, 384
6254, 354
6258, 393
6262, 372
6266, 365
6270, 383
6274, 353
6278, 372
6282, 376
6286, 411
6290, 355
6294, 353
6298, 338
6302, 375
6306, 359
6310, 375
6314, 366
6318, 353
6322, 363
6326, 399
6330, 359
6334, 367
6338, 396
6342, 361
6346, 357
6350, 370
6354, 354
6358, 358
6362, 383
6366, 360
6370, 379
6374, 370
6378, 371
6382, 347
6386, 364
6390, 347
6394, 366
6398, 410
6402, 396
6406, 359
6410, 346
6414, 336
6418, 376
6422, 368
6426, 367
6430, 375
6434, 367
6438, 351
6442, 365
6446, 358
6450, 391
6454, 370
6458, 346
6462, 378
6466, 374
6470, 362
6474, 389
6478, 385
6482, 385
6486, 415
6490, 369
6494, 370
6498, 373
6502, 407
6506, 359
6510, 388
6514, 364
6518, 417
6522, 418
6526, 388
6530, 383
6534, 361
6538, 353
6542, 350
6546, 365
6550, 376
6554, 369
6558, 375
6562, 354
6566, 396
6570, 361
6574, 360
6578, 374
6582, 375
6586, 370
6590, 363
6594, 374
6598, 368
6602, 393
6606, 382
6610, 386
6614, 392
6618, 345
6622, 390
6626, 381
6630, 367
6634, 370
6638, 414
6642, 383
6646, 391
6650, 380
6654, 363
6658, 362
6662, 356
6666, 394
6670, 402
6674, 371
6678, 350
6682, 394
6686, 385
6690, 401
6694, 387
6698, 372
6702, 366
6706, 378
6710, 379
6714, 386
6718, 407
6722, 356
6726, 378
6730, 391
6734, 393
6738, 435
6742, 423
6746, 391
6750, 414
6754, 362
6758, 348
6762, 393
6766, 387
6770, 397
6774, 379
6778, 352
6782, 366
6786, 390
6790, 379
6794, 354
6798, 373
6802, 387
6806, 375
6810, 374
6814, 387
6818, 411
6822, 362
6826, 393
6830, 341
6834, 342
6838, 393
6842, 412
6846, 381
6850, 417
6854, 391
6858, 403
6862, 370
6866, 362
6870, 348
6874, 368
6878, 385
6882, 366
6886, 418
6890, 379
6894, 354
6898, 395
6902, 436
6906, 390
6910, 377
6914, 400
6918, 407
6922, 399
6926, 374
6930, 371
6934, 410
6938, 359
6942, 390
6946, 374
6950, 390
6954, 383
6958, 387
6962, 379
6966, 392
6970, 384
6974, 369
6978, 390
6982, 409
6986, 412
6990, 389
6994, 394
6998, 410
7002, 408
7006, 398
7010, 378
7014, 420
7018, 406
7022, 388
7026, 386
7030, 406
7034, 400
7038, 390
7042, 438
7046, 399
7050, 379
7054, 385
7058, 402
7062, 382
7066, 398
7070, 406
7074, 398
7078, 417
7082, 399
7086, 375
7090, 407
7094, 376
7098, 421
7102, 433
7106, 413
7110, 433
7114, 386
7118, 406
7122, 395
7126, 458
7130, 423
7134, 476
7138, 441
7142, 443
7146, 442
7150, 409
7154, 404
7158, 445
7162, 383
7166, 433
7170, 403
7174, 386
7178, 442
7182, 389
7186, 397
7190, 377
7194, 392
7198, 405
7202, 417
7206, 378
7210, 426
7214, 408
7218, 432
7222, 395
7226, 429
7230, 405
7234, 418
7238, 411
7242, 447
7246, 465
7250, 397
7254, 379
7258, 396
7262, 413
7266, 400
7270, 397
7274, 427
7278, 416
7282, 431
7286, 415
7290, 437
7294, 415
7298, 403
7302, 404
7306, 398
7310, 443
7314, 425
7318, 421
7322, 400
7326, 379
7330, 396
7334, 422
7338, 403
7342, 403
7346, 394
7350, 401
7354, 383
7358, 419
7362, 416
7366, 376
7370, 440
7374, 394
7378, 414
7382, 389
7386, 411
7390, 403
7394, 416
7398, 396
7402, 409
7406, 408
7410, 401
7414, 383
7418, 424
7422, 386
7426, 456
7430, 420
7434, 427
7438, 414
7442, 413
7446, 439
7450, 440
7454, 433
7458, 406
7462, 411
7466, 426
7470, 404
7474, 396
7478, 402
7482, 408
7486, 402
7490, 426
7494, 382
7498, 422
7502, 422
7506, 360
7510, 460
7514, 386
7518, 377
7522, 384
7526, 400
7530, 444
7534, 432
7538, 405
7542, 418
7546, 438
7550, 428
7554, 417
7558, 441
7562, 476
7566, 406
7570, 440
7574, 435
7578, 406
7582, 394
7586, 416
7590, 405
7594, 411
7598, 419
7602, 413
7606, 403
7610, 423
7614, 430
7618, 413
7622, 426
7626, 438
7630, 404
7634, 415
7638, 402
7642, 399
7646, 409
7650, 425
7654, 413
7658, 439
7662, 408
7666, 417
7670, 407
7674, 434
7678, 455
7682, 411
7686, 421
7690, 400
7694, 425
7698, 407
7702, 442
7706, 412
7710, 405
7714, 389
7718, 415
7722, 390
7726, 424
7730, 462
7734, 414
7738, 416
7742, 442
7746, 462
7750, 416
7754, 404
7758, 457
7762, 400
7766, 421
7770, 395
7774, 383
7778, 378
7782, 410
7786, 412
7790, 402
7794, 438
7798, 404
7802, 402
7806, 435
7810, 449
7814, 426
7818, 427
7822, 399
7826, 408
7830, 433
7834, 426
7838, 443
7842, 427
7846, 400
7850, 439
7854, 455
7858, 440
7862, 429
7866, 436
7870, 414
7874, 445
7878, 465
7882, 435
7886, 403
7890, 435
7894, 413
7898, 449
7902, 454
7906, 453
7910, 447
7914, 465
7918, 432
7922, 411
7926, 446
7930, 422
7934, 441
7938, 461
7942, 424
7946, 432
7950, 458
7954, 429
7958, 448
7962, 460
7966, 486
7970, 422
7974, 416
7978, 441
7982, 437
7986, 434
7990, 431
7994, 475
7998, 406
8002, 403
8006, 461
8010, 447
8014, 406
8018, 435
8022, 456
8026, 445
8030, 441
8034, 418
8038, 445
8042, 498
8046, 426
8050, 406
8054, 417
8058, 467
8062, 466
8066, 452
8070, 509
8074, 439
8078, 469
8082, 441
8086, 463
8090, 446
8094, 461
8098, 448
8102, 459
8106, 404
8110, 461
8114, 433
8118, 415
8122, 425
8126, 442
8130, 443
8134, 469
8138, 450
8142, 452
8146, 441
8150, 472
8154, 484
8158, 444
8162, 470
8166, 479
8170, 489
8174, 477
8178, 455
8182, 477
8186, 456
8190, 443
8194, 458
8198, 482
8202, 498
8206, 491
8210, 446
8214, 469
8218, 450
8222, 509
8226, 485
8230, 519
8234, 476
8238, 545
8242, 596
8246, 713
8250, 850
8254, 1017
8258, 1255
8262, 1357
8266, 1450
8270, 1282
8274, 1139
8278, 974
8282, 811
8286, 741
8290, 606
8294, 592
8298, 528
8302, 597
8306, 552
8310, 567
8314, 492
8318, 532
8322, 445
8326, 512
8330, 497
8334, 504
8338, 496
8342, 484
8346, 490
8350, 487
8354, 473
8358, 489
8362, 478
8366, 484
8370, 499
8374, 538
8378, 496
8382, 512
8386, 489
8390, 529
8394, 479
8398, 497
8402, 510
8406, 486
8410, 449
8414, 479
8418, 521
8422, 464
8426, 496
8430, 510
8434, 513
8438, 529
8442, 473
8446, 450
8450, 526
8454, 492
8458, 522
8462, 492
8466, 507
8470, 465
8474, 462
8478, 505
8482, 524
8486, 502
8490, 530
8494, 523
8498, 494
8502, 499
8506, 511
8510, 500
8514, 505
8518, 501
8522, 503
8526, 492
8530, 557
8534, 525
8538, 519
8542, 589
8546, 555
8550, 600
8554, 565
8558, 609
8562, 620
8566, 664
8570, 586
8574, 558
8578, 528
8582, 538
8586, 511
8590, 538
8594, 526
8598, 551
8602, 520
8606, 555
8610, 522
8614, 537
8618, 557
8622, 540
8626, 505
8630, 533
8634, 540
8638, 541
8642, 513
8646, 536
8650, 536
8654, 516
8658, 522
8662, 537
8666, 533
8670, 553
8674, 586
8678, 606
8682, 518
8686, 557
8690, 514
8694, 571
8698, 537
8702, 500
8706, 554
8710, 529
8714, 545
8718, 537
8722, 544
8726, 542
8730, 525
8734, 534
8738, 517
8742, 578
8746, 524
8750, 550
8754, 525
8758, 523
8762, 548
8766, 532
8770, 524
8774, 543
8778, 561
8782, 578
8786, 562
8790, 551
8794, 563
8798, 551
8802, 578
8806, 575
8810, 533
8814, 521
8818, 551
8822, 581
8826, 565
8830, 557
8834, 608
8838, 569
8842, 580
8846, 586
8850, 569
8854, 560
8858, 579
8862, 603
8866, 594
8870, 614
8874, 587
8878, 539
8882, 556
8886, 561
8890, 538
8894, 560
8898, 617
8902, 581
8906, 586
8910, 593
8914, 574
8918, 593
8922, 537
8926, 564
8930, 609
8934, 610
8938, 605
8942, 602
8946, 568
8950, 601
8954, 585
8958, 605
8962, 581
8966, 645
8970, 621
8974, 648
8978, 611
8982, 638
8986, 622
8990, 564
8994, 632
8998, 617
9002, 616
9006, 602
9010, 620
9014, 604
9018, 635
9022, 558
9026, 633
9030, 620
9034, 636
9038, 649
9042, 607
9046, 600
9050, 636
9054, 623
9058, 602
9062, 666
9066, 604
9070, 618
9074, 654
9078, 627
9082, 583
9086, 637
9090, 631
9094, 655
9098, 629
9102, 638
9106, 665
9110, 624
9114, 674
9118, 643
9122, 645
9126, 676
9130, 698
9134, 681
9138, 632
9142, 642
9146, 616
9150, 622
9154, 658
9158, 653
9162, 609
9166, 661
9170, 695
9174, 665
9178, 698
9182, 705
9186, 694
9190, 630
9194, 673
9198, 673
9202, 646
9206, 679
9210, 663
9214, 713
9218, 718
9222, 698
9226, 680
9230, 687
9234, 644
9238, 657
9242, 647
9246, 667
9250, 695
9254, 699
9258, 713
9262, 713
9266, 697
9270, 736
9274, 675
9278, 715
9282, 679
9286, 726
9290, 725
9294, 706
9298, 712
9302, 675
9306, 728
9310, 690
9314, 686
9318, 694
9322, 755
9326, 738
9330, 694
9334, 733
9338, 702
9342, 755
9346, 721
9350, 719
9354, 732
9358, 734
9362, 762
9366, 743
9370, 736
9374, 760
9378, 770
9382, 685
9386, 759
9390, 775
9394, 737
9398, 742
9402, 746
9406, 709
9410, 792
9414, 777
9418, 735
9422, 771
9426, 798
9430, 806
9434, 768
9438, 754
9442, 792
9446, 737
9450, 798
9454, 776
9458, 778
9462, 749
9466, 772
9470, 770
9474, 800
9478, 754
9482, 746
9486, 815
9490, 791
9494, 779
9498, 830
9502, 818
9506, 854
9510, 772
9514, 817
9518, 835
9522, 839
9526, 811
9530, 865
9534, 788
9538, 851
9542, 822
9546, 836
9550, 912
9554, 816
9558, 842
9562, 872
9566, 856
9570, 797
9574, 827
9578, 840
9582, 809
9586, 873
9590, 828
9594, 854
9598, 816
9602, 844
9606, 854
9610, 807
9614, 859
9618, 900
9622, 875
9626, 821
9630, 862
9634, 876
9638, 874
9642, 859
9646, 891
9650, 892
9654, 858
9658, 928
9662, 889
9666, 821
9670, 886
9674, 853
9678, 891
9682, 965
9686, 899
9690, 905
9694, 850
9698, 926
9702, 890
9706, 908
9710, 877
9714, 927
9718, 915
9722, 922
9726, 931
9730, 910
9734, 841
9738, 893
9742, 949
9746, 943
9750, 909
9754, 895
9758, 929
9762, 920
9766, 900
9770, 900
9774, 882
9778, 888
9782, 932
9786, 868
9790, 884
9794, 910
9798, 854
9802, 818
9806, 850
9810, 862
9814, 817
9818, 872
9822, 808
9826, 783
9830, 756
9834, 719
9838, 736
9842, 719
9846, 708
9850, 689
9854, 685
9858, 675
9862, 717
9866, 669
9870, 689
9874, 635
9878, 621
9882, 648
9886, 614
9890, 636
9894, 603
9898, 559
9902, 599
9906, 596
9910, 599
9914, 559
9918, 562
9922, 555
9926, 566
9930, 523
9934, 553
9938, 546
9942, 565
9946, 549
9950, 577
9954, 556
9958, 572
9962, 512
9966, 547
9970, 564
9974, 530
9978, 506
9982, 548
9986, 524
9990, 530
9994, 487
9998, 501
10002, 508
10006, 534
10010, 546
10014, 488
10018, 501
10022, 501
10026, 528
10030, 507
10034, 542
10038, 472
10042, 492
10046, 521
10050, 531
10054, 470
10058, 496
10062, 527
10066, 509
10070, 486
10074, 505
10078, 466
10082, 499
10086, 443
10090, 463
10094, 487
10098, 538
10102, 481
10106, 477
10110, 435
10114, 501
10118, 452
10122, 464
10126, 462
10130, 486
10134, 446
10138, 427
10142, 429
10146, 430
10150, 441
10154, 444
10158, 495
10162, 475
10166, 435
10170, 447
10174, 425
10178, 470
10182, 432
10186, 439
10190, 410
10194, 405
10198, 417
10202, 422
10206, 390
10210, 433
10214, 405
10218, 395
10222, 400
10226, 386
10230, 424
10234, 412
10238, 415
10242, 344
10246, 370
10250, 374
10254, 360
10258, 392
10262, 389
10266, 436
10270, 355
10274, 341
10278, 359
10282, 396
10286, 380
10290, 347
10294, 364
10298, 323
10302, 351
10306, 354
10310, 324
10314, 358
10318, 337
10322, 340
10326, 333
10330, 344
10334, 322
10338, 349
10342, 314
10346, 301
10350, 309
10354, 301
10358, 294
10362, 304
10366, 274
10370, 280
10374, 300
10378, 274
10382, 292
10386, 265
10390, 258
10394, 265
10398, 278
10402, 254
10406, 218
10410, 264
10414, 274
10418, 262
10422, 256
10426, 242
10430, 257
10434, 237
10438, 231
10442, 225
10446, 227
10450, 195
10454, 219
10458, 233
10462, 214
10466, 209
10470, 199
10474, 206
10478, 196
10482, 203
10486, 222
10490, 166
10494, 185
10498, 194
10502, 199
10506, 170
10510, 192
10514, 190
10518, 189
10522, 166
10526, 174
10530, 155
10534, 168
10538, 164
10542, 149
10546, 162
10550, 142
10554, 168
10558, 136
10562, 147
10566, 165
10570, 134
10574, 166
10578, 142
10582, 156
10586, 154
10590, 134
10594, 146
10598, 144
10602, 149
10606, 125
10610, 143
10614, 145
10618, 125
10622, 142
10626, 144
10630, 171
10634, 149
10638, 153
10642, 142
10646, 137
10650, 144
10654, 118
10658, 125
10662, 99
10666, 129
10670, 147
10674, 129
10678, 106
10682, 130
10686, 107
10690, 120
10694, 116
10698, 117
10702, 128
10706, 111
10710, 99
10714, 107
10718, 110
10722, 72
10726, 102
10730, 118
10734, 99
10738, 120
10742, 95
10746, 125
10750, 102
10754, 113
10758, 109
10762, 109
10766, 96
10770, 104
10774, 90
10778, 112
10782, 105
10786, 98
10790, 93
10794, 113
10798, 112
10802, 113
10806, 104
10810, 94
10814, 95
10818, 102
10822, 101
10826, 95
10830, 105
10834, 93
10838, 95
10842, 92
10846, 92
10850, 110
10854, 95
10858, 107
10862, 97
10866, 96
10870, 105
10874, 105
10878, 83
10882, 110
10886, 87
10890, 80
10894, 91
10898, 93
10902, 87
10906, 92
10910, 100
10914, 77
10918, 92
10922, 100
10926, 89
10930, 100
10934, 97
10938, 80
10942, 85
10946, 93
10950, 88
10954, 90
10958, 76
10962, 90
10966, 109
10970, 89
10974, 85
10978, 81
10982, 88
10986, 104
10990, 100
10994, 108
10998, 110
11002, 95
11006, 98
11010, 111
11014, 117
11018, 137
11022, 108
11026, 131
11030, 126
11034, 152
11038, 135
11042, 156
11046, 133
11050, 166
11054, 175
11058, 206
11062, 206
11066, 257
11070, 242
11074, 271
11078, 332
11082, 373
11086, 527
11090, 719
11094, 1151
11098, 2019
11102, 3533
11106, 6181
11110, 9724
11114, 13307
11118, 15769
11122, 16931
11126, 15414
11130, 12559
11134, 9381
11138, 6379
11142, 4207
11146, 3045
11150, 2122
11154, 1673
11158, 1332
11162, 1101
11166, 897
11170, 732
11174, 596
11178, 469
11182, 388
11186, 317
11190, 361
11194, 291
11198, 275
11202, 273
11206, 261
11210, 220
11214, 226
11218, 190
11222, 192
11226, 163
11230, 127
11234, 133
11238, 104
11242, 103
11246, 104
11250, 92
11254, 77
11258, 77
11262, 80
11266, 94
11270, 54
11274, 75
11278, 59
11282, 68
11286, 49
11290, 43
11294, 47
11298, 39
11302, 51
11306, 42
11310, 45
11314, 39
11318, 50
11322, 30
11326, 51
11330, 42
11334, 46
11338, 35
11342, 36
11346, 28
11350, 46
11354, 37
11358, 54
11362, 47
11366, 33
11370, 37
11374, 55
11378, 57
11382, 54
11386, 73
11390, 67
11394, 75
11398, 69
11402, 88
11406, 91
11410, 113
11414, 120
11418, 131
11422, 147
11426, 117
11430, 114
11434, 121
11438, 85
11442, 64
11446, 59
11450, 45
11454, 41
11458, 46
11462, 52
11466, 55
11470, 40
11474, 37
11478, 43
11482, 46
11486, 44
11490, 51
11494, 41
11498, 46
11502, 41
11506, 44
11510, 41
11514, 41
11518, 38
11522, 33
11526, 48
11530, 42
11534, 43
11538, 57
11542, 52
11546, 47
11550, 54
11554, 58
11558, 37
11562, 42
11566, 43
11570, 34
11574, 57
11578, 44
11582, 38
11586, 37
11590, 43
11594, 51
11598, 46
11602, 45
11606, 32
11610, 37
11614, 42
11618, 48
11622, 58
11626, 42
11630, 37
11634, 43
11638, 30
11642, 39
11646, 45
11650, 30
11654, 54
11658, 43
11662, 47
11666, 43
11670, 51
11674, 37
11678, 40
11682, 42
11686, 42
11690, 28
11694, 34
11698, 36
11702, 49
11706, 49
11710, 34
11714, 45
11718, 38
11722, 42
11726, 41
11730, 43
11734, 41
11738, 47
11742, 42
11746, 39
11750, 36
11754, 40
11758, 52
11762, 41
11766, 51
11770, 36
11774, 36
11778, 43
11782, 48
11786, 41
11790, 43
11794, 43
11798, 44
11802, 31
11806, 48
11810, 41
11814, 46
11818, 35
11822, 57
11826, 55
11830, 52
11834, 46
11838, 43
11842, 42
11846, 42
11850, 54
11854, 60
11858, 47
11862, 40
11866, 48
11870, 39
11874, 54
11878, 52
11882, 33
11886, 36
11890, 48
11894, 44
11898, 39
11902, 40
11906, 43
11910, 30
11914, 52
11918, 51
11922, 43
11926, 42
11930, 61
11934, 43
11938, 47
11942, 45
11946, 40
11950, 48
11954, 51
11958, 44
11962, 41
11966, 45
11970, 45
11974, 51
11978, 41
11982, 45
11986, 42
11990, 51
11994, 41
11998, 36
12002, 39
12006, 43
12010, 50
12014, 49
12018, 51
12022, 56
12026, 41
12030, 45
12034, 51
12038, 44
12042, 39
12046, 42
12050, 53
12054, 50
12058, 41
12062, 44
12066, 48
12070, 42
12074, 47
12078, 51
12082, 59
12086, 43
12090, 52
12094, 40
12098, 49
12102, 42
12106, 41
12110, 45
12114, 49
12118, 44
12122, 52
12126, 46
12130, 41
12134, 46
12138, 45
12142, 45
12146, 50
12150, 40
12154, 57
12158, 52
12162, 40
12166, 53
12170, 50
12174, 61
12178, 46
12182, 47
12186, 60
12190, 66
12194, 36
12198, 43
12202, 42
12206, 50
12210, 48
12214, 43
12218, 53
12222, 31
12226, 48
12230, 41
12234, 38
12238, 49
12242, 49
12246, 50
12250, 48
12254, 55
12258, 43
12262, 56
12266, 38
12270, 56
12274, 46
12278, 57
12282, 47
12286, 59
12290, 53
12294, 48
12298, 32
12302, 46
12306, 50
12310, 50
12314, 33
12318, 48
12322, 42
12326, 47
12330, 48
12334, 43
12338, 42
12342, 46
12346, 34
12350, 41
12354, 46
12358, 45
12362, 62
12366, 44
12370, 61
12374, 44
12378, 43
12382, 56
12386, 58
12390, 47
12394, 52
12398, 59
12402, 44
12406, 49
12410, 41
12414, 53
12418, 44
12422, 47
12426, 52
12430, 53
12434, 43
12438, 45
12442, 48
12446, 49
12450, 43
12454, 44
12458, 54
12462, 43
12466, 33
12470, 52
12474, 50
12478, 50
12482, 44
12486, 47
12490, 41
12494, 40
12498, 59
12502, 53
12506, 53
12510, 41
12514, 50
12518, 37
12522, 43
12526, 50
12530, 43
12534, 59
12538, 42
12542, 60
12546, 54
12550, 60
12554, 52
12558, 45
12562, 50
12566, 49
12570, 54
12574, 53
12578, 34
12582, 61
12586, 54
12590, 47
12594, 52
12598, 50
12602, 45
12606, 39
12610, 47
12614, 39
12618, 52
12622, 46
12626, 49
12630, 57
12634, 58
12638, 69
12642, 38
12646, 62
12650, 50
12654, 47
12658, 41
12662, 45
12666, 50
12670, 59
12674, 41
12678, 54
12682, 47
12686, 47
12690, 47
12694, 58
12698, 53
12702, 53
12706, 50
12710, 48
12714, 61
12718, 47
12722, 53
12726, 67
12730, 52
12734, 51
12738, 48
12742, 48
12746, 47
12750, 55
12754, 54
12758, 66
12762, 51
12766, 60
12770, 47
12774, 53
12778, 43
12782, 57
12786, 60
12790, 49
12794, 48
12798, 56
12802, 54
12806, 57
12810, 42
12814, 45
12818, 62
12822, 45
12826, 59
12830, 56
12834, 53
12838, 59
12842, 60
12846, 61
12850, 50
12854, 41
12858, 52
12862, 68
12866, 59
12870, 52
12874, 52
12878, 45
12882, 53
12886, 47
12890, 52
12894, 58
12898, 47
12902, 65
12906, 51
12910, 56
12914, 46
12918, 71
12922, 49
12926, 44
12930, 53
12934, 53
12938, 62
12942, 47
12946, 50
12950, 49
12954, 48
12958, 61
12962, 54
12966, 37
12970, 43
12974, 39
12978, 40
12982, 38
12986, 42
12990, 39
12994, 35
12998, 44
13002, 41
13006, 39
13010, 48
13014, 29
13018, 40
13022, 44
13026, 43
13030, 24
13034, 41
13038, 41
13042, 50
13046, 37
13050, 34
13054, 39
13058, 45
13062, 46
13066, 40
13070, 48
13074, 39
13078, 39
13082, 46
13086, 35
13090, 40
13094, 29
13098, 40
13102, 32
13106, 37
13110, 34
13114, 37
13118, 35
13122, 28
13126, 26
13130, 33
13134, 36
13138, 49
13142, 34
13146, 33
13150, 30
13154, 34
13158, 29
13162, 38
13166, 25
13170, 29
13174, 38
13178, 29
13182, 29
13186, 45
13190, 30
13194, 26
13198, 46
13202, 27
13206, 29
13210, 37
13214, 29
13218, 49
13222, 39
13226, 34
13230, 36
13234, 47
13238, 35
13242, 38
13246, 23
13250, 27
13254, 31
13258, 37
13262, 45
13266, 27
13270, 36
13274, 26
13278, 33
13282, 25
13286, 29
13290, 29
13294, 43
13298, 26
13302, 35
13306, 36
13310, 43
13314, 35
13318, 37
13322, 33
13326, 31
13330, 29
13334, 27
13338, 30
13342, 34
13346, 29
13350, 22
13354, 35
13358, 31
13362, 28
13366, 33
13370, 26
13374, 31
13378, 31
13382, 33
13386, 26
13390, 15
13394, 23
13398, 29
13402, 20
13406, 31
13410, 22
13414, 37
13418, 27
13422, 28
13426, 36
13430, 37
13434, 24
13438, 28
13442, 28
13446, 25
13450, 26
13454, 22
13458, 29
13462, 27
13466, 23
13470, 31
13474, 18
13478, 23
13482, 19
13486, 24
13490, 26
13494, 20
13498, 20
13502, 16
13506, 24
13510, 26
13514, 20
13518, 23
13522, 14
13526, 22
13530, 25
13534, 24
13538, 17
13542, 23
13546, 18
13550, 28
13554, 14
13558, 19
13562, 22
13566, 21
13570, 18
13574, 18
13578, 21
13582, 16
13586, 16
13590, 13
13594, 10
13598, 17
13602, 12
13606, 22
13610, 18
13614, 18
13618, 17
13622, 14
13626, 16
13630, 13
13634, 23
13638, 13
13642, 11
13646, 19
13650, 19
13654, 10
13658, 16
13662, 16
13666, 12
13670, 8
13674, 10
13678, 6
13682, 11
13686, 14
13690, 12
13694, 13
13698, 8
13702, 13
13706, 8
13710, 7
13714, 7
13718, 18
13722, 9
13726, 9
13730, 11
13734, 13
13738, 11
13742, 15
13746, 11
13750, 10
13754, 10
13758, 8
13762, 10
13766, 20
13770, 12
13774, 8
13778, 10
13782, 3
13786, 9
13790, 11
13794, 6
13798, 18
13802, 7
13806, 8
13810, 10
13814, 14
13818, 14
13822, 5
13826, 8
13830, 6
13834, 17
13838, 13
13842, 11
13846, 7
13850, 12
13854, 10
13858, 6
13862, 14
13866, 7
13870, 16
13874, 9
13878, 24
13882, 25
13886, 21
13890, 24
13894, 21
13898, 24
13902, 13
13906, 16
13910, 9
13914, 15
13918, 8
13922, 7
13926, 10
13930, 7
13934, 11
13938, 7
13942, 6
13946, 10
13950, 13
13954, 9
13958, 5
13962, 12
13966, 8
13970, 10
13974, 8
13978, 14
13982, 7
13986, 10
13990, 8
13994, 9
13998, 10
14002, 11
14006, 6
14010, 12
14014, 8
14018, 12
14022, 10
14026, 8
14030, 12
14034, 4
14038, 18
14042, 7
14046, 6
14050, 10
14054, 9
14058, 8
14062, 12
14066, 8
14070, 10
14074, 8
14078, 5
14082, 4
14086, 8
14090, 7
14094, 9
14098, 5
14102, 9
14106, 6
14110, 12
14114, 8
14118, 5
14122, 9
14126, 9
14130, 9
14134, 9
14138, 9
14142, 14
14146, 15
14150, 9
14154, 15
14158, 14
14162, 7
14166, 10
14170, 12
14174, 16
14178, 13
14182, 14
14186, 24
14190, 24
14194, 47
14198, 50
14202, 57
14206, 64
14210, 131
14214, 185
14218, 255
14222, 384
14226, 526
14230, 662
14234, 789
14238, 665
14242, 600
14246, 489
14250, 333
14254, 218
14258, 124
14262, 82
14266, 58
14270, 59
14274, 42
14278, 48
14282, 33
14286, 29
14290, 26
14294, 18
14298, 25
14302, 20
14306, 14
14310, 19
14314, 17
14318, 14
14322, 28
14326, 18
14330, 32
14334, 45
14338, 77
14342, 59
14346, 89
14350, 114
14354, 101
14358, 91
14362, 78
14366, 65
14370, 42
14374, 14
14378, 21
14382, 13
14386, 11
14390, 12
14394, 12
14398, 5
14402, 10
14406, 11
14410, 4
14414, 3
14418, 8
14422, 5
14426, 7
14430, 2
14434, 7
14438, 8
14442, 5
14446, 6
14450, 6
14454, 6
14458, 4
14462, 4
14466, 8
14470, 10
14474, 4
14478, 7
14482, 6
14486, 7
14490, 7
14494, 5
14498, 8
14502, 9
14506, 3
14510, 4
14514, 6
14518, 4
14522, 6
14526, 3
14530, 6
14534, 2
14538, 7
14542, 7
14546, 4
14550, 7
14554, 8
14558, 3
14562, 8
14566, 3
14570, 3
14574, 8
14578, 3
14582, 4
14586, 5
14590, 7
14594, 5
14598, 7
14602, 5
14606, 4
14610, 4
14614, 7
14618, 3
14622, 6
14626, 7
14630, 7
14634, 6
14638, 3
14642, 5
14646, 2
14650, 7
14654, 7
14658, 3
14662, 5
14666, 7
14670, 3
14674, 7
14678, 7
14682, 4
14686, 5
14690, 2
14694, 2
14698, 8
14702, 3
14710, 5
14714, 5
14718, 3
14722, 7
14726, 8
14730, 9
14734, 8
14738, 2
14742, 2
14746, 4
14750, 5
14754, 1
14758, 7
14762, 7
14766, 9
14770, 3
14774, 3
14778, 8
14782, 9
14786, 5
14790, 7
14794, 7
14798, 7
14802, 5
14806, 5
14810, 5
14814, 2
14818, 6
14822, 6
14826, 7
14830, 7
14834, 8
14838, 6
14842, 4
14846, 4
14850, 5
14854, 6
14858, 4
14862, 8
14866, 3
14870, 5
14874, 3
14878, 6
14882, 5
14886, 4
14890, 2
14894, 3
14898, 3
14902, 1
14906, 3
14910, 6
14914, 7
14918, 6
14922, 5
14926, 11
14930, 7
14934, 8
14938, 8
14942, 7
14946, 5
14950, 9
14954, 8
14958, 6
14962, 5
14966, 8
14970, 4
14974, 4
14978, 3
14982, 8
14986, 2
14990, 4
14994, 5
14998, 8
15002, 7
15006, 5
15010, 7
15014, 8
15018, 4
15022, 9
15026, 6
15030, 5
15034, 7
15038, 11
15042, 5
15046, 8
15050, 5
15054, 3
15058, 10
15062, 9
15066, 12
15070, 7
15074, 4
15078, 5
15082, 2
15086, 7
15090, 4
15094, 5
15098, 2
15102, 3
15106, 4
15110, 3
15114, 5
15118, 3
15122, 3
15126, 6
15130, 10
15134, 6
15138, 4
15142, 5
15146, 7
15150, 2
15154, 6
15158, 3
15162, 6
15166, 8
15170, 4
15174, 2
15178, 6
15182, 6
15186, 4
15190, 4
15194, 6
15198, 7
15202, 6
15206, 4
15210, 7
15214, 7
15218, 10
15222, 4
15226, 5
15230, 6
15234, 3
15238, 7
15242, 4
15246, 4
15250, 3
15254, 3
15258, 4
15262, 5
15266, 5
15270, 3
15274, 4
15278, 3
15282, 6
15286, 4
15290, 2
15294, 2
15298, 6
15302, 4
15306, 2
15310, 3
15314, 7
15318, 5
15322, 7
15326, 4
15330, 5
15334, 3
15338, 6
15342, 8
15346, 8
15350, 8
15354, 6
15358, 4
15362, 8
15366, 5
15370, 4
15374, 3
15378, 6
15382, 2
15386, 6
15390, 3
15394, 7
15398, 2
15402, 5
15406, 6
15410, 5
15414, 3
15418, 2
15422, 5
15426, 5
15430, 5
15434, 6
15438, 11
15442, 5
15446, 10
15450, 8
15454, 5
15458, 2
15462, 4
15466, 7
15470, 2
15474, 3
15478, 4
15482, 5
15486, 4
15490, 3
15494, 4
15498, 5
15502, 2
15506, 4
15510, 7
15514, 6
15518, 5
15522, 3
15526, 6
15530, 3
15534, 6
15538, 4
15542, 1
15546, 2
15550, 6
15554, 6
15558, 5
15562, 1
15566, 5
15570, 8
15574, 3
15578, 4
15582, 5
15586, 5
15590, 1
15594, 8
15598, 4
15602, 7
15606, 3
15610, 1
15614, 4
15618, 5
15622, 6
15626, 4
15630, 4
15634, 4
15638, 6
15642, 2
15646, 4
15650, 1
15654, 7
15658, 7
15662, 1
15666, 3
15670, 6
15674, 5
15682, 10
15686, 3
15690, 2
15694, 11
15698, 8
15702, 4
15706, 8
15710, 6
15714, 6
15718, 3
15722, 3
15726, 10
15730, 6
15734, 5
15738, 7
15742, 8
15746, 4
15750, 6
15754, 11
15758, 10
15762, 9
15766, 18
15770, 15
15774, 3
15778, 6
15782, 7
15786, 7
15790, 3
15794, 2
15798, 6
15802, 3
15806, 3
15810, 9
15814, 2
15818, 3
15822, 3
15826, 2
15830, 6
15834, 5
15838, 8
15842, 4
15846, 4
15850, 6
15854, 4
15858, 7
15862, 6
15866, 4
15870, 10
15874, 9
15878, 10
15882, 15
15886, 16
15890, 10
15894, 12
15898, 10
15902, 4
15906, 4
15910, 4
15914, 2
15918, 3
15922, 4
15926, 4
15930, 4
15934, 4
15938, 1
15946, 3
15950, 3
15954, 1
15958, 9
15962, 3
15966, 2
15970, 5
15974, 3
15978, 5
15982, 4
15986, 4
15990, 9
15994, 6
15998, 2
