2, 6712
6, 750
10, 422
14, 235
18, 218
22, 145
26, 135
30, 153
34, 243
38, 298
42, 383
46, 393
50, 395
54, 444
58, 508
62, 477
66, 474
70, 465
74, 529
78, 526
82, 548
86, 513
90, 482
94, 581
98, 514
102, 552
106, 514
110, 497
114, 586
118, 543
122, 579
126, 539
130, 535
134, 599
138, 574
142, 630
146, 609
150, 579
154, 599
158, 660
162, 621
166, 602
170, 618
174, 603
178, 629
182, 619
186, 670
190, 663
194, 593
198, 636
202, 641
206, 617
210, 642
214, 628
218, 639
222, 601
226, 630
230, 620
234, 662
238, 642
242, 694
246, 634
250, 651
254, 688
258, 687
262, 671
266, 670
270, 699
274, 693
278, 714
282, 734
286, 694
290, 756
294, 698
298, 725
302, 733
306, 769
310, 817
314, 754
318, 800
322, 809
326, 823
330, 812
334, 819
338, 811
342, 829
346, 908
350, 844
354, 817
358, 885
362, 858
366, 857
370, 888
374, 950
378, 966
382, 928
386, 928
390, 987
394, 1024
398, 1059
402, 1013
406, 1031
410, 1042
414, 1025
418, 1071
422, 1028
426, 985
430, 1032
434, 992
438, 1019
442, 981
446, 1007
450, 1087
454, 1065
458, 1132
462, 1083
466, 1122
470, 1107
474, 1033
478, 1021
482, 1096
486, 1094
490, 1010
494, 1064
498, 1088
502, 1095
506, 1022
510, 1046
514, 1051
518, 1095
522, 1080
526, 1091
530, 1128
534, 1124
538, 1067
542, 1121
546, 1061
550, 1050
554, 1112
558, 1103
562, 1081
566, 1171
570, 1152
574, 1168
578, 1161
582, 1190
586, 1185
590, 1093
594, 1174
598, 1117
602, 1079
606, 1097
610, 1090
614, 1160
618, 1128
622, 1127
626, 1161
630, 1064
634, 1161
638, 1139
642, 1114
646, 1120
650, 1079
654, 1060
658, 1139
662, 1200
666, 1138
670, 1142
674, 1100
678, 1082
682, 1097
686, 1057
690, 1063
694, 1094
698, 1103
702, 1062
706, 1075
710, 1056
714, 1074
718, 1074
722, 1020
726, 1061
730, 1055
734, 1005
738, 1050
742, 999
746, 965
750, 1003
754, 988
758, 1024
762, 992
766, 1014
770, 973
774, 1028
778, 1051
782, 984
786, 1020
790, 979
794, 1044
798, 996
802, 950
806, 953
810, 974
814, 956
818, 994
822, 904
826, 965
830, 964
834, 1002
838, 930
842, 954
846, 896
850, 924
854, 924
858, 1013
862, 897
866, 925
870, 881
874, 927
878, 876
882, 946
886, 946
890, 913
894, 949
898, 922
902, 878
906, 942
910, 933
914, 882
918, 892
922, 867
926, 861
930, 916
934, 921
938, 892
942, 914
946, 896
950, 861
954, 949
958, 911
962, 906
966, 907
970, 902
974, 941
978, 948
982, 894
986, 893
990, 911
994, 958
998, 914
1002, 921
1006, 955
1010, 864
1014, 858
1018, 847
1022, 898
1026, 878
1030, 890
1034, 845
1038, 878
1042, 926
1046, 895
1050, 824
1054, 813
1058, 844
1062, 836
1066, 890
1070, 849
1074, 830
1078, 818
1082, 830
1086, 790
1090, 822
1094, 848
1098, 812
1102, 795
1106, 797
1110, 839
1114, 771
1118, 761
1122, 802
1126, 755
1130, 718
1134, 770
1138, 771
1142, 732
1146, 749
1150, 755
1154, 704
1158, 751
1162, 795
1166, 718
1170, 698
1174, 723
1178, 793
1182, 712
1186, 767
1190, 695
1194, 701
1198, 681
1202, 702
1206, 675
1210, 685
1214, 678
1218, 674
1222, 701
1226, 676
1230, 664
1234, 725
1238, 678
1242, 672
1246, 711
1250, 721
1254, 663
1258, 697
1262, 681
1266, 617
1270, 691
1274, 677
1278, 628
1282, 681
1286, 652
1290, 653
1294, 660
1298, 672
1302, 660
1306, 581
1310, 669
1314, 617
1318, 683
1322, 655
1326, 606
1330, 662
1334, 624
1338, 584
1342, 601
1346, 632
1350, 618
1354, 645
1358, 592
1362, 633
1366, 625
1370, 579
1374, 602
1378, 633
1382, 603
1386, 612
1390, 563
1394, 575
1398, 603
1402, 611
1406, 566
1410, 592
1414, 570
1418, 562
1422, 626
1426, 575
1430, 551
1434, 585
1438, 576
1442, 548
1446, 585
1450, 559
1454, 630
1458, 527
1462, 541
1466, 565
1470, 544
1474, 559
1478, 533
1482, 558
1486, 523
1490, 558
1494, 527
1498, 562
1502, 524
1506, 528
1510, 548
1514, 541
1518, 537
1522, 535
1526, 553
1530, 510
1534, 553
1538, 492
1542, 492
1546, 548
1550, 508
1554, 541
1558, 544
1562, 511
1566, 492
1570, 494
1574, 487
1578, 481
1582, 508
1586, 534
1590, 491
1594, 487
1598, 506
1602, 498
1606, 494
1610, 503
1614, 507
1618, 515
1622, 502
1626, 494
1630, 497
1634, 472
1638, 512
1642, 486
1646, 497
1650, 462
1654, 488
1658, 494
1662, 483
1666, 472
1670, 460
1674, 507
1678, 473
1682, 522
1686, 488
1690, 469
1694, 492
1698, 499
1702, 488
1706, 431
1710, 447
1714, 443
1718, 465
1722, 469
1726, 493
1730, 433
1734, 502
1738, 461
1742, 439
1746, 444
1750, 465
1754, 470
1758, 486
1762, 475
1766, 441
1770, 444
1774, 478
1778, 466
1782, 468
1786, 415
1790, 479
1794, 435
1798, 449
1802, 455
1806, 447
1810, 481
1814, 484
1818, 464
1822, 441
1826, 463
1830, 444
1834, 458
1838, 464
1842, 452
1846, 463
1850, 428
1854, 469
1858, 424
1862, 452
1866, 437
1870, 495
1874, 449
1878, 435
1882, 443
1886, 428
1890, 478
1894, 460
1898, 487
1902, 428
1906, 477
1910, 482
1914, 420
1918, 488
1922, 491
1926, 463
1930, 445
1934, 463
1938, 456
1942, 502
1946, 490
1950, 462
1954, 433
1958, 449
1962, 459
1966, 487
1970, 475
1974, 442
1978, 497
1982, 491
1986, 475
1990, 481
1994, 471
1998, 483
2002, 450
2006, 435
2010, 468
2014, 482
2018, 440
2022, 462
2026, 465
2030, 490
2034, 481
2038, 460
2042, 496
2046, 443
2050, 458
2054, 426
2058, 469
2062, 518
2066, 472
2070, 422
2074, 501
2078, 455
2082, 449
2086, 484
2090, 489
2094, 456
2098, 455
2102, 433
2106, 470
2110, 453
2114, 478
2118, 471
2122, 475
2126, 453
2130, 461
2134, 474
2138, 500
2142, 473
2146, 438
2150, 415
2154, 428
2158, 462
2162, 414
2166, 404
2170, 442
2174, 476
2178, 425
2182, 469
2186, 408
2190, 483
2194, 408
2198, 423
2202, 387
2206, 429
2210, 350
2214, 423
2218, 400
2222, 385
2226, 374
2230, 349
2234, 345
2238, 364
2242, 348
2246, 368
2250, 339
2254, 344
2258, 338
2262, 348
2266, 346
2270, 298
2274, 345
2278, 328
2282, 327
2286, 361
2290, 332
2294, 304
2298, 298
2302, 330
2306, 303
2310, 302
2314, 310
2318, 281
2322, 306
2326, 324
2330, 325
2334, 276
2338, 293
2342, 277
2346, 309
2350, 297
2354, 320
2358, 304
2362, 299
2366, 277
2370, 271
2374, 293
2378, 286
2382, 296
2386, 240
2390, 257
2394, 271
2398, 271
2402, 286
2406, 266
2410, 273
2414, 278
2418, 263
2422, 273
2426, 288
2430, 275
2434, 239
2438, 266
2442, 275
2446, 290
2450, 273
2454, 263
2458, 227
2462, 256
2466, 240
2470, 232
2474, 280
2478, 245
2482, 255
2486, 250
2490, 241
2494, 277
2498, 245
2502, 247
2506, 221
2510, 251
2514, 251
2518, 231
2522, 229
2526, 221
2530, 256
2534, 237
2538, 212
2542, 225
2546, 229
2550, 231
2554, 224
2558, 221
2562, 248
2566, 242
2570, 224
2574, 199
2578, 218
2582, 214
2586, 203
2590, 236
2594, 183
2598, 192
2602, 189
2606, 182
2610, 196
2614, 191
2618, 196
2622, 211
2626, 196
2630, 196
2634, 209
2638, 183
2642, 199
2646, 190
2650, 180
2654, 199
2658, 206
2662, 192
2666, 202
2670, 191
2674, 190
2678, 213
2682, 196
2686, 160
2690, 168
2694, 192
2698, 175
2702, 198
2706, 176
2710, 177
2714, 160
2718, 177
2722, 172
2726, 166
2730, 184
2734, 180
2738, 197
2742, 172
2746, 161
2750, 203
2754, 208
2758, 210
2762, 238
2766, 309
2770, 363
2774, 344
2778, 322
2782, 315
2786, 265
2790, 227
2794, 178
2798, 169
2802, 165
2806, 160
2810, 157
2814, 117
2818, 163
2822, 150
2826, 138
2830, 170
2834, 146
2838, 182
2842, 151
2846, 153
2850, 159
2854, 168
2858, 155
2862, 143
2866, 156
2870, 158
2874, 133
2878, 130
2882, 135
2886, 153
2890, 157
2894, 118
2898, 152
2902, 146
2906, 135
2910, 151
2914, 126
2918, 111
2922, 128
2926, 109
2930, 153
2934, 119
2938, 124
2942, 123
2946, 132
2950, 121
2954, 159
2958, 133
2962, 137
2966, 144
2970, 125
2974, 130
2978, 126
2982, 127
2986, 152
2990, 129
2994, 133
2998, 111
3002, 145
3006, 128
3010, 131
3014, 127
3018, 130
3022, 111
3026, 116
3030, 128
3034, 114
3038, 115
3042, 137
3046, 201
3050, 342
3054, 519
3058, 836
3062, 1204
3066, 1262
3070, 888
3074, 412
3078, 214
3082, 133
3086, 160
3090, 124
3094, 120
3098, 133
3102, 109
3106, 123
3110, 112
3114, 105
3118, 125
3122, 115
3126, 123
3130, 128
3134, 119
3138, 116
3142, 112
3146, 111
3150, 126
3154, 146
3158, 303
3162, 652
3166, 1524
3170, 2822
3174, 4808
3178, 6651
3182, 6335
3186, 3790
3190, 1658
3194, 645
3198, 225
3202, 148
3206, 117
3210, 108
3214, 88
3218, 103
3222, 89
3226, 86
3230, 79
3234, 105
3238, 101
3242, 75
3246, 93
3250, 82
3254, 81
3258, 88
3262, 85
3266, 92
3270, 87
3274, 78
3278, 105
3282, 86
3286, 76
3290, 83
3294, 96
3298, 102
3302, 97
3306, 93
3310, 90
3314, 86
3318, 85
3322, 78
3326, 78
3330, 81
3334, 74
3338, 73
3342, 87
3346, 78
3350, 90
3354, 73
3358, 87
3362, 80
3366, 70
3370, 77
3374, 73
3378, 68
3382, 76
3386, 67
3390, 66
3394, 63
3398, 86
3402, 87
3406, 68
3410, 61
3414, 80
3418, 76
3422, 54
3426, 80
3430, 84
3434, 84
3438, 67
3442, 90
3446, 67
3450, 74
3454, 84
3458, 54
3462, 72
3466, 90
3470, 63
3474, 76
3478, 73
3482, 68
3486, 69
3490, 65
3494, 78
3498, 85
3502, 88
3506, 77
3510, 67
3514, 88
3518, 75
3522, 100
3526, 70
3530, 67
3534, 76
3538, 70
3542, 62
3546, 80
3550, 61
3554, 74
3558, 71
3562, 66
3566, 78
3570, 78
3574, 92
3578, 66
3582, 88
3586, 68
3590, 88
3594, 69
3598, 57
3602, 75
3606, 80
3610, 57
3614, 63
3618, 65
3622, 78
3626, 82
3630, 70
3634, 71
3638, 79
3642, 69
3646, 91
3650, 72
3654, 80
3658, 60
3662, 70
3666, 78
3670, 83
3674, 68
3678, 83
3682, 65
3686, 77
3690, 59
3694, 84
3698, 70
3702, 93
3706, 66
3710, 71
3714, 76
3718, 70
3722, 68
3726, 48
3730, 64
3734, 67
3738, 65
3742, 55
3746, 67
3750, 88
3754, 62
3758, 66
3762, 78
3766, 63
3770, 66
3774, 74
3778, 75
3782, 66
3786, 80
3790, 67
3794, 88
3798, 50
3802, 55
3806, 77
3810, 63
3814, 73
3818, 68
3822, 62
3826, 63
3830, 68
3834, 53
3838, 61
3842, 78
3846, 62
3850, 68
3854, 71
3858, 69
3862, 86
3866, 71
3870, 69
3874, 85
3878, 53
3882, 88
3886, 69
3890, 70
3894, 71
3898, 78
3902, 79
3906, 70
3910, 57
3914, 63
3918, 63
3922, 61
3926, 82
3930, 71
3934, 68
3938, 53
3942, 61
3946, 80
3950, 58
3954, 60
3958, 66
3962, 65
3966, 60
3970, 80
3974, 55
3978, 61
3982, 77
3986, 53
3990, 56
3994, 59
3998, 68
4002, 65
4006, 64
4010, 61
4014, 73
4018, 49
4022, 70
4026, 50
4030, 74
4034, 66
4038, 48
4042, 74
4046, 65
4050, 75
4054, 67
4058, 68
4062, 79
4066, 60
4070, 62
4074, 59
4078, 77
4082, 56
4086, 62
4090, 66
4094, 50
4098, 61
4102, 53
4106, 77
4110, 75
4114, 55
4118, 66
4122, 61
4126, 64
4130, 64
4134, 52
4138, 54
4142, 58
4146, 59
4150, 63
4154, 62
4158, 65
4162, 50
4166, 57
4170, 66
4174, 68
4178, 57
4182, 63
4186, 57
4190, 62
4194, 67
4198, 74
4202, 68
4206, 66
4210, 69
4214, 52
4218, 69
4222, 62
4226, 61
4230, 55
4234, 73
4238, 45
4242, 64
4246, 53
4250, 68
4254, 60
4258, 52
4262, 53
4266, 69
4270, 56
4274, 56
4278, 60
4282, 64
4286, 43
4290, 60
4294, 70
4298, 60
4302, 52
4306, 56
4310, 56
4314, 56
4318, 67
4322, 64
4326, 59
4330, 47
4334, 56
4338, 54
4342, 56
4346, 59
4350, 53
4354, 53
4358, 56
4362, 62
4366, 59
4370, 62
4374, 51
4378, 59
4382, 64
4386, 42
4390, 61
4394, 63
4398, 42
4402, 39
4406, 61
4410, 54
4414, 54
4418, 48
4422, 59
4426, 61
4430, 72
4434, 59
4438, 57
4442, 63
4446, 62
4450, 55
4454, 66
4458, 54
4462, 62
4466, 53
4470, 53
4474, 63
4478, 47
4482, 67
4486, 54
4490, 61
4494, 50
4498, 52
4502, 53
4506, 56
4510, 62
4514, 62
4518, 62
4522, 60
4526, 64
4530, 44
4534, 49
4538, 54
4542, 63
4546, 60
4550, 64
4554, 48
4558, 64
4562, 61
4566, 60
4570, 69
4574, 47
4578, 57
4582, 46
4586, 58
4590, 60
4594, 45
4598, 51
4602, 57
4606, 53
4610, 51
4614, 55
4618, 56
4622, 48
4626, 55
4630, 59
4634, 48
4638, 43
4642, 56
4646, 46
4650, 69
4654, 65
4658, 65
4662, 51
4666, 48
4670, 60
4674, 57
4678, 61
4682, 52
4686, 59
4690, 54
4694, 57
4698, 52
4702, 57
4706, 53
4710, 57
4714, 52
4718, 62
4722, 50
4726, 54
4730, 51
4734, 69
4738, 48
4742, 45
4746, 63
4750, 53
4754, 73
4758, 53
4762, 56
4766, 61
4770, 45
4774, 64
4778, 61
4782, 56
4786, 51
4790, 48
4794, 72
4798, 50
4802, 53
4806, 44
4810, 55
4814, 64
4818, 43
4822, 48
4826, 57
4830, 59
4834, 51
4838, 55
4842, 53
4846, 59
4850, 55
4854, 55
4858, 52
4862, 54
4866, 34
4870, 55
4874, 46
4878, 53
4882, 55
4886, 58
4890, 49
4894, 58
4898, 47
4902, 65
4906, 53
4910, 44
4914, 54
4918, 37
4922, 39
4926, 51
4930, 46
4934, 58
4938, 38
4942, 57
4946, 52
4950, 59
4954, 37
4958, 52
4962, 54
4966, 45
4970, 63
4974, 47
4978, 50
4982, 56
4986, 59
4990, 40
4994, 55
4998, 52
5002, 56
5006, 49
5010, 52
5014, 37
5018, 54
5022, 64
5026, 42
5030, 56
5034, 52
5038, 54
5042, 65
5046, 51
5050, 57
5054, 49
5058, 44
5062, 45
5066, 49
5070, 48
5074, 49
5078, 54
5082, 47
5086, 39
5090, 51
5094, 52
5098, 55
5102, 46
5106, 58
5110, 45
5114, 52
5118, 42
5122, 57
5126, 53
5130, 62
5134, 43
5138, 56
5142, 49
5146, 51
5150, 48
5154, 51
5158, 47
5162, 43
5166, 34
5170, 50
5174, 31
5178, 51
5182, 43
5186, 39
5190, 63
5194, 51
5198, 38
5202, 56
5206, 43
5210, 55
5214, 46
5218, 49
5222, 46
5226, 68
5230, 51
5234, 57
5238, 57
5242, 43
5246, 46
5250, 51
5254, 45
5258, 56
5262, 49
5266, 47
5270, 48
5274, 37
5278, 47
5282, 50
5286, 38
5290, 40
5294, 50
5298, 48
5302, 39
5306, 47
5310, 50
5314, 45
5318, 48
5322, 46
5326, 44
5330, 44
5334, 54
5338, 50
5342, 52
5346, 42
5350, 47
5354, 52
5358, 41
5362, 59
5366, 86
5370, 123
5374, 175
5378, 195
5382, 218
5386, 149
5390, 78
5394, 62
5398, 61
5402, 48
5406, 43
5410, 40
5414, 42
5418, 44
5422, 44
5426, 49
5430, 59
5434, 40
5438, 43
5442, 59
5446, 47
5450, 41
5454, 50
5458, 42
5462, 36
5466, 54
5470, 45
5474, 52
5478, 37
5482, 60
5486, 46
5490, 56
5494, 46
5498, 43
5502, 57
5506, 58
5510, 48
5514, 45
5518, 46
5522, 48
5526, 53
5530, 53
5534, 53
5538, 53
5542, 44
5546, 55
5550, 48
5554, 28
5558, 55
5562, 59
5566, 43
5570, 47
5574, 49
5578, 56
5582, 52
5586, 55
5590, 56
5594, 34
5598, 57
5602, 46
5606, 47
5610, 42
5614, 40
5618, 50
5622, 46
5626, 56
5630, 51
5634, 42
5638, 51
5642, 59
5646, 53
5650, 38
5654, 54
5658, 54
5662, 39
5666, 50
5670, 45
5674, 49
5678, 56
5682, 52
5686, 41
5690, 45
5694, 46
5698, 45
5702, 57
5706, 60
5710, 54
5714, 46
5718, 56
5722, 47
5726, 59
5730, 53
5734, 45
5738, 61
5742, 48
5746, 53
5750, 35
5754, 42
5758, 54
5762, 47
5766, 46
5770, 61
5774, 56
5778, 53
5782, 46
5786, 36
5790, 47
5794, 46
5798, 45
5802, 49
5806, 52
5810, 41
5814, 37
5818, 47
5822, 51
5826, 51
5830, 55
5834, 59
5838, 59
5842, 59
5846, 54
5850, 47
5854, 36
5858, 42
5862, 50
5866, 56
5870, 33
5874, 40
5878, 41
5882, 45
5886, 48
5890, 41
5894, 44
5898, 42
5902, 46
5906, 54
5910, 48
5914, 55
5918, 44
5922, 43
5926, 49
5930, 50
5934, 52
5938, 45
5942, 43
5946, 43
5950, 45
5954, 38
5958, 55
5962, 43
5966, 40
5970, 51
5974, 56
5978, 45
5982, 46
5986, 55
5990, 33
5994, 44
5998, 48
6002, 50
6006, 34
6010, 50
6014, 50
6018, 49
6022, 40
6026, 43
6030, 59
6034, 54
6038, 50
6042, 50
6046, 49
6050, 43
6054, 29
6058, 41
6062, 48
6066, 62
6070, 40
6074, 38
6078, 50
6082, 45
6086, 44
6090, 47
6094, 45
6098, 40
6102, 44
6106, 44
6110, 37
6114, 33
6118, 41
6122, 51
6126, 44
6130, 51
6134, 40
6138, 56
6142, 41
6146, 43
6150, 58
6154, 54
6158, 42
6162, 50
6166, 44
6170, 39
6174, 48
6178, 41
6182, 47
6186, 45
6190, 41
6194, 47
6198, 53
6202, 47
6206, 46
6210, 49
6214, 41
6218, 40
6222, 56
6226, 38
6230, 48
6234, 36
6238, 51
6242, 58
6246, 51
6250, 52
6254, 52
6258, 36
6262, 45
6266, 42
6270, 57
6274, 55
6278, 39
6282, 40
6286, 39
6290, 39
6294, 48
6298, 44
6302, 44
6306, 44
6310, 52
6314, 45
6318, 55
6322, 39
6326, 43
6330, 40
6334, 60
6338, 53
6342, 48
6346, 39
6350, 45
6354, 38
6358, 49
6362, 48
6366, 54
6370, 45
6374, 45
6378, 59
6382, 42
6386, 57
6390, 45
6394, 50
6398, 42
6402, 52
6406, 54
6410, 55
6414, 43
6418, 38
6422, 32
6426, 49
6430, 45
6434, 46
6438, 39
6442, 51
6446, 47
6450, 42
6454, 46
6458, 42
6462, 44
6466, 52
6470, 57
6474, 47
6478, 48
6482, 46
6486, 47
6490, 38
6494, 46
6498, 56
6502, 50
6506, 40
6510, 43
6514, 40
6518, 40
6522, 37
6526, 61
6530, 43
6534, 44
6538, 49
6542, 49
6546, 56
6550, 45
6554, 47
6558, 48
6562, 52
6566, 36
6570, 42
6574, 51
6578, 47
6582, 36
6586, 38
6590, 54
6594, 45
6598, 42
6602, 37
6606, 44
6610, 37
6614, 51
6618, 47
6622, 44
6626, 40
6630, 41
6634, 34
6638, 33
6642, 44
6646, 33
6650, 51
6654, 54
6658, 42
6662, 38
6666, 53
6670, 46
6674, 37
6678, 48
6682, 49
6686, 47
6690, 43
6694, 52
6698, 51
6702, 49
6706, 39
6710, 50
6714, 64
6718, 38
6722, 43
6726, 49
6730, 47
6734, 47
6738, 44
6742, 38
6746, 60
6750, 36
6754, 55
6758, 51
6762, 47
6766, 33
6770, 41
6774, 48
6778, 56
6782, 60
6786, 44
6790, 47
6794, 54
6798, 42
6802, 49
6806, 50
6810, 39
6814, 49
6818, 50
6822, 38
6826, 50
6830, 43
6834, 48
6838, 51
6842, 42
6846, 40
6850, 35
6854, 33
6858, 61
6862, 40
6866, 51
6870, 54
6874, 40
6878, 57
6882, 46
6886, 50
6890, 48
6894, 39
6898, 47
6902, 43
6906, 46
6910, 44
6914, 49
6918, 43
6922, 44
6926, 43
6930, 58
6934, 47
6938, 52
6942, 52
6946, 31
6950, 37
6954, 53
6958, 51
6962, 49
6966, 28
6970, 42
6974, 31
6978, 52
6982, 45
6986, 50
6990, 50
6994, 40
6998, 40
7002, 39
7006, 56
7010, 52
7014, 36
7018, 49
7022, 45
7026, 50
7030, 52
7034, 56
7038, 62
7042, 45
7046, 47
7050, 43
7054, 45
7058, 52
7062, 42
7066, 48
7070, 51
7074, 39
7078, 42
7082, 57
7086, 51
7090, 48
7094, 41
7098, 45
7102, 37
7106, 37
7110, 51
7114, 43
7118, 43
7122, 46
7126, 56
7130, 53
7134, 51
7138, 48
7142, 56
7146, 47
7150, 46
7154, 54
7158, 44
7162, 49
7166, 50
7170, 53
7174, 50
7178, 53
7182, 40
7186, 51
7190, 51
7194, 44
7198, 49
7202, 39
7206, 41
7210, 51
7214, 50
7218, 53
7222, 52
7226, 38
7230, 38
7234, 48
7238, 53
7242, 48
7246, 33
7250, 50
7254, 35
7258, 38
7262, 40
7266, 49
7270, 40
7274, 45
7278, 46
7282, 39
7286, 45
7290, 58
7294, 46
7298, 33
7302, 40
7306, 45
7310, 43
7314, 54
7318, 37
7322, 40
7326, 46
7330, 47
7334, 42
7338, 49
7342, 45
7346, 45
7350, 52
7354, 40
7358, 41
7362, 48
7366, 50
7370, 44
7374, 46
7378, 42
7382, 52
7386, 34
7390, 47
7394, 39
7398, 57
7402, 35
7406, 45
7410, 43
7414, 30
7418, 43
7422, 45
7426, 45
7430, 39
7434, 61
7438, 52
7442, 43
7446, 51
7450, 48
7454, 47
7458, 45
7462, 46
7466, 51
7470, 47
7474, 43
7478, 55
7482, 41
7486, 40
7490, 49
7494, 63
7498, 50
7502, 46
7506, 49
7510, 49
7514, 61
7518, 46
7522, 43
7526, 43
7530, 35
7534, 61
7538, 39
7542, 40
7546, 38
7550, 44
7554, 43
7558, 41
7562, 54
7566, 46
7570, 62
7574, 51
7578, 56
7582, 62
7586, 35
7590, 51
7594, 46
7598, 48
7602, 48
7606, 61
7610, 40
7614, 42
7618, 32
7622, 40
7626, 47
7630, 43
7634, 54
7638, 54
7642, 50
7646, 45
7650, 44
7654, 41
7658, 47
7662, 46
7666, 63
7670, 47
7674, 50
7678, 44
7682, 42
7686, 47
7690, 43
7694, 34
7698, 53
7702, 51
7706, 38
7710, 46
7714, 39
7718, 50
7722, 43
7726, 54
7730, 42
7734, 53
7738, 47
7742, 58
7746, 60
7750, 55
7754, 52
7758, 45
7762, 38
7766, 38
7770, 39
7774, 45
7778, 61
7782, 53
7786, 40
7790, 46
7794, 46
7798, 52
7802, 56
7806, 55
7810, 33
7814, 50
7818, 50
7822, 51
7826, 54
7830, 47
7834, 35
7838, 49
7842, 50
7846, 39
7850, 35
7854, 48
7858, 59
7862, 34
7866, 45
7870, 36
7874, 46
7878, 38
7882, 46
7886, 48
7890, 58
7894, 51
7898, 51
7902, 44
7906, 56
7910, 48
7914, 70
7918, 53
7922, 57
7926, 51
7930, 54
7934, 52
7938, 44
7942, 56
7946, 50
7950, 46
7954, 52
7958, 48
7962, 46
7966, 48
7970, 42
7974, 50
7978, 49
7982, 46
7986, 44
7990, 45
7994, 41
7998, 57
8002, 46
8006, 42
8010, 54
8014, 45
8018, 52
8022, 46
8026, 46
8030, 55
8034, 34
8038, 55
8042, 41
8046, 47
8050, 53
8054, 54
8058, 35
8062, 46
8066, 46
8070, 43
8074, 54
8078, 54
8082, 50
8086, 59
8090, 60
8094, 35
8098, 64
8102, 59
8106, 41
8110, 50
8114, 53
8118, 45
8122, 50
8126, 58
8130, 44
8134, 83
8138, 101
8142, 133
8146, 150
8150, 184
8154, 152
8158, 108
8162, 95
8166, 74
8170, 57
8174, 47
8178, 54
8182, 48
8186, 49
8190, 69
8194, 57
8198, 63
8202, 50
8206, 44
8210, 46
8214, 47
8218, 48
8222, 44
8226, 57
8230, 52
8234, 71
8238, 49
8242, 63
8246, 51
8250, 52
8254, 39
8258, 52
8262, 51
8266, 50
8270, 40
8274, 53
8278, 48
8282, 47
8286, 48
8290, 66
8294, 54
8298, 55
8302, 50
8306, 52
8310, 51
8314, 56
8318, 49
8322, 49
8326, 57
8330, 55
8334, 57
8338, 59
8342, 71
8346, 44
8350, 53
8354, 65
8358, 51
8362, 38
8366, 43
8370, 55
8374, 63
8378, 45
8382, 62
8386, 43
8390, 40
8394, 52
8398, 66
8402, 50
8406, 51
8410, 69
8414, 59
8418, 67
8422, 46
8426, 52
8430, 75
8434, 65
8438, 71
8442, 85
8446, 66
8450, 58
8454, 58
8458, 57
8462, 52
8466, 55
8470, 53
8474, 47
8478, 47
8482, 58
8486, 60
8490, 60
8494, 55
8498, 61
8502, 58
8506, 53
8510, 50
8514, 60
8518, 60
8522, 52
8526, 46
8530, 50
8534, 57
8538, 51
8542, 46
8546, 66
8550, 57
8554, 71
8558, 73
8562, 67
8566, 57
8570, 65
8574, 57
8578, 54
8582, 52
8586, 50
8590, 55
8594, 65
8598, 53
8602, 49
8606, 55
8610, 50
8614, 53
8618, 61
8622, 47
8626, 69
8630, 59
8634, 67
8638, 58
8642, 46
8646, 39
8650, 60
8654, 51
8658, 61
8662, 68
8666, 59
8670, 66
8674, 65
8678, 55
8682, 56
8686, 53
8690, 75
8694, 52
8698, 62
8702, 72
8706, 49
8710, 43
8714, 54
8718, 66
8722, 51
8726, 58
8730, 80
8734, 56
8738, 70
8742, 70
8746, 61
8750, 59
8754, 70
8758, 65
8762, 50
8766, 52
8770, 58
8774, 55
8778, 55
8782, 62
8786, 67
8790, 60
8794, 64
8798, 63
8802, 69
8806, 50
8810, 81
8814, 72
8818, 58
8822, 54
8826, 57
8830, 55
8834, 68
8838, 72
8842, 53
8846, 54
8850, 75
8854, 56
8858, 66
8862, 67
8866, 79
8870, 55
8874, 63
8878, 80
8882, 63
8886, 52
8890, 61
8894, 83
8898, 63
8902, 65
8906, 57
8910, 71
8914, 64
8918, 84
8922, 54
8926, 59
8930, 71
8934, 61
8938, 66
8942, 51
8946, 64
8950, 75
8954, 60
8958, 61
8962, 62
8966, 80
8970, 56
8974, 81
8978, 72
8982, 67
8986, 57
8990, 60
8994, 67
8998, 57
9002, 77
9006, 70
9010, 72
9014, 62
9018, 56
9022, 52
9026, 66
9030, 81
9034, 68
9038, 76
9042, 61
9046, 65
9050, 69
9054, 71
9058, 78
9062, 71
9066, 67
9070, 66
9074, 83
9078, 61
9082, 64
9086, 68
9090, 81
9094, 79
9098, 81
9102, 75
9106, 82
9110, 74
9114, 82
9118, 68
9122, 69
9126, 67
9130, 73
9134, 60
9138, 69
9142, 75
9146, 71
9150, 84
9154, 67
9158, 92
9162, 93
9166, 73
9170, 95
9174, 86
9178, 67
9182, 85
9186, 72
9190, 88
9194, 86
9198, 74
9202, 65
9206, 81
9210, 72
9214, 64
9218, 73
9222, 78
9226, 75
9230, 78
9234, 63
9238, 70
9242, 81
9246, 89
9250, 66
9254, 80
9258, 89
9262, 69
9266, 71
9270, 72
9274, 88
9278, 81
9282, 84
9286, 75
9290, 84
9294, 71
9298, 81
9302, 80
9306, 62
9310, 69
9314, 87
9318, 86
9322, 78
9326, 84
9330, 75
9334, 84
9338, 80
9342, 75
9346, 60
9350, 91
9354, 84
9358, 78
9362, 90
9366, 69
9370, 76
9374, 85
9378, 89
9382, 73
9386, 84
9390, 91
9394, 77
9398, 88
9402, 77
9406, 92
9410, 73
9414, 67
9418, 81
9422, 77
9426, 95
9430, 95
9434, 80
9438, 76
9442, 92
9446, 83
9450, 85
9454, 84
9458, 96
9462, 71
9466, 66
9470, 85
9474, 69
9478, 85
9482, 92
9486, 94
9490, 96
9494, 108
9498, 107
9502, 101
9506, 74
9510, 84
9514, 91
9518, 104
9522, 94
9526, 88
9530, 87
9534, 90
9538, 86
9542, 82
9546, 77
9550, 86
9554, 99
9558, 96
9562, 76
9566, 100
9570, 96
9574, 78
9578, 81
9582, 91
9586, 90
9590, 96
9594, 99
9598, 83
9602, 94
9606, 87
9610, 81
9614, 79
9618, 102
9622, 70
9626, 101
9630, 87
9634, 87
9638, 90
9642, 82
9646, 75
9650, 96
9654, 82
9658, 96
9662, 84
9666, 88
9670, 77
9674, 81
9678, 82
9682, 89
9686, 64
9690, 78
9694, 64
9698, 81
9702, 62
9706, 72
9710, 69
9714, 63
9718, 65
9722, 67
9726, 63
9730, 56
9734, 63
9738, 65
9742, 58
9746, 55
9750, 63
9754, 56
9758, 57
9762, 43
9766, 51
9770, 49
9774, 46
9778, 43
9782, 67
9786, 56
9790, 60
9794, 64
9798, 53
9802, 52
9806, 54
9810, 45
9814, 52
9818, 43
9822, 59
9826, 49
9830, 54
9834, 63
9838, 56
9842, 49
9846, 50
9850, 62
9854, 43
9858, 45
9862, 54
9866, 59
9870, 48
9874, 47
9878, 52
9882, 59
9886, 53
9890, 39
9894, 48
9898, 44
9902, 54
9906, 34
9910, 49
9914, 56
9918, 47
9922, 61
9926, 36
9930, 57
9934, 50
9938, 63
9942, 33
9946, 47
9950, 46
9954, 48
9958, 44
9962, 52
9966, 43
9970, 54
9974, 44
9978, 41
9982, 53
9986, 60
9990, 39
9994, 54
9998, 48
10002, 47
10006, 43
10010, 49
10014, 47
10018, 37
10022, 47
10026, 46
10030, 44
10034, 52
10038, 41
10042, 42
10046, 40
10050, 43
10054, 42
10058, 47
10062, 44
10066, 58
10070, 37
10074, 47
10078, 26
10082, 49
10086, 40
10090, 30
10094, 50
10098, 37
10102, 25
10106, 36
10110, 29
10114, 34
10118, 26
10122, 41
10126, 40
10130, 38
10134, 35
10138, 39
10142, 43
10146, 38
10150, 34
10154, 30
10158, 29
10162, 46
10166, 37
10170, 25
10174, 30
10178, 36
10182, 24
10186, 21
10190, 28
10194, 37
10198, 39
10202, 26
10206, 34
10210, 31
10214, 24
10218, 28
10222, 36
10226, 24
10230, 27
10234, 22
10238, 27
10242, 25
10246, 29
10250, 37
10254, 28
10258, 23
10262, 22
10266, 26
10270, 26
10274, 27
10278, 16
10282, 29
10286, 14
10290, 19
10294, 26
10298, 22
10302, 24
10306, 22
10310, 14
10314, 20
10318, 16
10322, 20
10326, 12
10330, 17
10334, 20
10338, 19
10342, 18
10346, 13
10350, 21
10354, 19
10358, 14
10362, 11
10366, 13
10370, 13
10374, 17
10378, 22
10382, 16
10386, 10
10390, 16
10394, 15
10398, 18
10402, 13
10406, 27
10410, 11
10414, 15
10418, 8
10422, 11
10426, 19
10430, 15
10434, 9
10438, 8
10442, 13
10446, 16
10450, 11
10454, 13
10458, 21
10462, 17
10466, 23
10470, 14
10474, 15
10478, 6
10482, 16
10486, 9
10490, 11
10494, 9
10498, 14
10502, 11
10506, 8
10510, 11
10514, 19
10518, 13
10522, 10
10526, 7
10530, 9
10534, 10
10538, 8
10542, 9
10546, 11
10550, 13
10554, 5
10558, 10
10562, 16
10566, 8
10570, 11
10574, 10
10578, 12
10582, 8
10586, 8
10590, 12
10594, 17
10598, 16
10602, 9
10606, 11
10610, 15
10614, 9
10618, 9
10622, 10
10626, 9
10630, 9
10634, 11
10638, 8
10642, 7
10646, 8
10650, 8
10654, 7
10658, 13
10662, 4
10666, 9
10670, 11
10674, 8
10678, 5
10682, 11
10686, 10
10690, 10
10694, 13
10698, 12
10702, 12
10706, 6
10710, 9
10714, 10
10718, 11
10722, 12
10726, 7
10730, 20
10734, 7
10738, 8
10742, 6
10746, 9
10750, 6
10754, 12
10758, 6
10762, 8
10766, 12
10770, 4
10774, 13
10778, 12
10782, 7
10786, 8
10790, 12
10794, 19
10798, 11
10802, 6
10806, 14
10810, 11
10814, 7
10818, 5
10822, 9
10826, 9
10830, 8
10834, 8
10838, 4
10842, 12
10846, 9
10850, 10
10854, 9
10858, 10
10862, 6
10866, 6
10870, 11
10874, 17
10878, 12
10882, 21
10886, 21
10890, 40
10894, 101
10898, 184
10902, 365
10906, 737
10910, 1298
10914, 1892
10918, 2361
10922, 2373
10926, 1681
10930, 1034
10934, 439
10938, 181
10942, 63
10946, 32
10950, 12
10954, 10
10958, 7
10962, 9
10966, 8
10970, 7
10974, 3
10978, 4
10982, 3
10986, 7
10990, 7
10994, 4
10998, 2
11002, 6
11006, 7
11010, 5
11014, 4
11018, 2
11022, 2
11030, 2
11034, 3
11038, 3
11042, 9
11046, 1
11050, 3
11058, 4
11062, 4
11066, 6
11070, 2
11074, 6
11078, 6
11082, 1
11086, 2
11090, 1
11094, 3
11098, 4
11102, 5
11106, 4
11110, 2
11114, 3
11122, 3
11126, 2
11130, 5
11134, 4
11138, 4
11142, 3
11146, 1
11150, 4
11154, 1
11158, 3
11162, 2
11166, 1
11170, 6
11174, 6
11178, 3
11182, 6
11186, 3
11190, 7
11194, 8
11198, 13
11202, 13
11206, 22
11210, 11
11214, 16
11218, 11
11222, 12
11226, 7
11230, 3
11234, 3
11238, 7
11242, 5
11246, 3
11250, 4
11254, 2
11258, 5
11262, 2
11266, 4
11270, 3
11274, 4
11282, 3
11286, 1
11290, 2
11294, 2
11298, 3
11302, 6
11306, 3
11310, 1
11314, 1
11318, 6
11322, 3
11326, 7
11330, 3
11334, 4
11338, 6
11342, 3
11346, 5
11350, 1
11354, 6
11358, 3
11362, 2
11366, 3
11370, 2
11374, 5
11378, 3
11382, 2
11386, 4
11390, 4
11394, 5
11398, 5
11402, 4
11406, 6
11410, 5
11414, 3
11418, 4
11422, 1
11426, 4
11430, 2
11434, 1
11442, 4
11446, 2
11450, 3
11454, 3
11458, 6
11462, 1
11466, 5
11470, 7
11474, 4
11478, 3
11482, 4
11486, 2
11490, 4
11494, 2
11498, 5
11502, 4
11506, 5
11510, 6
11514, 4
11518, 8
11522, 4
11526, 3
11530, 2
11534, 6
11538, 4
11542, 6
11546, 4
11550, 1
11554, 5
11558, 2
11562, 5
11566, 2
11570, 4
11574, 3
11578, 3
11582, 1
11586, 5
11590, 3
11594, 3
11598, 3
11602, 1
11606, 2
11610, 4
11614, 5
11618, 4
11622, 7
11626, 3
11630, 7
11638, 3
11642, 2
11646, 1
11650, 4
11654, 4
11658, 4
11662, 2
11666, 4
11674, 9
11678, 5
11682, 3
11686, 3
11690, 4
11694, 5
11698, 1
11702, 3
11706, 2
11710, 1
11714, 2
11718, 1
11722, 3
11726, 2
11730, 4
11734, 2
11738, 2
11742, 5
11746, 2
11750, 6
11754, 1
11758, 2
11762, 6
11766, 5
11770, 1
11774, 4
11778, 3
11782, 3
11786, 4
11790, 7
11794, 3
11798, 6
11802, 3
11806, 2
11810, 3
11814, 5
11818, 3
11822, 8
11826, 3
11830, 4
11834, 4
11838, 1
11846, 7
11850, 5
11854, 1
11858, 3
11862, 2
11866, 1
11870, 8
11874, 4
11878, 6
11882, 2
11886, 3
11890, 4
11894, 3
11898, 3
11902, 4
11906, 1
11910, 4
11914, 2
11918, 7
11922, 1
11926, 6
11930, 7
11934, 6
11938, 4
11942, 3
11946, 3
11950, 5
11954, 3
11958, 6
11962, 4
11966, 1
11970, 7
11974, 7
11978, 4
11982, 4
11986, 6
11990, 6
11994, 4
11998, 1
12002, 1
12006, 4
12010, 3
12014, 4
12018, 8
12022, 3
12026, 4
12030, 3
12034, 2
12038, 3
12042, 1
12046, 9
12050, 3
12054, 1
12058, 4
12062, 4
12066, 6
12070, 4
12074, 2
12078, 1
12082, 5
12086, 3
12090, 6
12094, 4
12098, 5
12102, 6
12106, 1
12110, 5
12114, 3
12118, 3
12122, 7
12126, 3
12130, 6
12134, 3
12138, 2
12142, 2
12146, 5
12150, 5
12154, 3
12158, 2
12162, 4
12166, 2
12170, 2
12174, 4
12178, 2
12182, 6
12186, 3
12190, 3
12194, 2
12198, 8
12202, 2
12206, 5
12210, 5
12214, 7
12218, 4
12222, 4
12226, 7
12230, 3
12234, 5
12238, 5
12242, 5
12250, 4
12254, 5
12258, 5
12262, 7
12266, 3
12270, 2
12274, 7
12278, 4
12282, 1
12286, 8
12290, 5
12294, 2
12298, 7
12302, 5
12306, 11
12310, 5
12314, 6
12318, 6
12322, 1
12326, 5
12330, 4
12334, 4
12338, 5
12342, 8
12346, 6
12350, 4
12354, 3
12358, 5
12362, 6
12366, 6
12370, 4
12374, 4
12378, 5
12382, 2
12386, 5
12390, 7
12394, 7
12398, 6
12402, 7
12406, 9
12410, 9
12414, 7
12418, 4
12422, 6
12426, 2
12430, 5
12434, 3
12438, 3
12442, 7
12446, 5
12450, 5
12454, 5
12458, 7
12462, 1
12466, 1
12470, 2
12474, 2
12478, 5
12482, 7
12486, 8
12490, 2
12494, 4
12498, 2
12502, 1
12506, 4
12510, 6
12514, 5
12518, 3
12522, 4
12526, 4
12530, 5
12534, 3
12538, 6
12542, 5
12546, 6
12550, 10
12554, 6
12558, 4
12562, 6
12566, 4
12570, 4
12574, 3
12578, 7
12582, 11
12586, 3
12590, 4
12594, 10
12598, 5
12602, 4
12606, 5
12610, 5
12614, 4
12618, 2
12622, 4
12626, 4
12630, 4
12634, 2
12638, 5
12642, 4
12646, 4
12650, 7
12654, 4
12658, 4
12662, 4
12666, 3
12670, 4
12674, 3
12678, 5
12682, 4
12686, 5
12690, 3
12694, 3
12698, 5
12702, 8
12706, 7
12710, 4
12714, 3
12718, 5
12722, 3
12726, 4
12730, 3
12734, 4
12738, 4
12742, 5
12746, 5
12750, 4
12754, 8
12758, 6
12762, 2
12766, 1
12770, 2
12774, 2
12778, 2
12782, 6
12786, 6
12790, 6
12794, 2
12802, 3
12806, 4
12810, 3
12814, 5
12818, 5
12822, 4
12826, 5
12830, 3
12834, 4
12838, 3
12842, 3
12846, 2
12850, 3
12854, 4
12858, 4
12862, 3
12866, 3
12870, 3
12874, 1
12878, 2
12882, 3
12886, 4
12890, 2
12894, 4
12898, 1
12902, 3
12906, 4
12910, 1
12922, 3
12926, 3
12930, 4
12934, 1
12938, 3
12942, 4
12946, 6
12950, 1
12954, 5
12962, 1
12966, 3
12970, 3
12974, 3
12978, 1
12982, 3
12986, 2
12990, 2
12994, 4
12998, 2
13002, 1
13006, 2
13010, 2
13014, 2
13018, 5
13022, 2
13026, 2
13030, 3
13034, 2
13038, 1
13042, 2
13046, 4
13050, 1
13058, 2
13062, 2
13066, 3
13070, 3
13074, 2
13078, 3
13082, 3
13086, 3
13090, 5
13094, 2
13098, 4
13102, 7
13106, 4
13110, 3
13114, 6
13118, 1
13122, 1
13126, 3
13130, 1
13134, 1
13138, 1
13142, 1
13146, 5
13150, 3
13154, 6
13158, 1
13162, 1
13166, 2
13170, 2
13174, 2
13178, 4
13182, 3
13190, 2
13194, 5
13206, 3
13210, 1
13218, 1
13222, 3
13226, 4
13230, 3
13234, 7
13238, 3
13242, 4
13246, 2
13254, 1
13258, 3
13262, 1
13266, 4
13270, 2
13274, 4
13278, 6
13286, 4
13290, 2
13298, 1
13302, 2
13306, 3
13318, 1
13322, 1
13326, 2
13334, 2
13338, 3
13342, 2
13346, 1
13350, 2
13354, 2
13358, 2
13362, 2
13366, 3
13370, 3
13378, 2
13382, 1
13394, 1
13406, 3
13414, 1
13418, 2
13422, 1
13430, 2
13434, 2
13442, 1
13446, 3
13454, 3
13458, 3
13462, 1
13466, 1
13470, 2
13478, 1
13482, 2
13486, 1
13490, 1
13494, 1
13498, 1
13502, 2
13506, 3
13510, 3
13518, 1
13522, 1
13526, 1
13530, 1
13538, 1
13546, 2
13550, 1
13554, 1
13562, 1
13566, 1
13574, 1
13578, 1
13594, 1
13606, 1
13610, 1
13614, 2
13618, 2
13622, 2
13626, 1
13630, 1
13634, 1
13638, 3
13642, 1
13646, 3
13650, 2
13654, 1
13662, 1
13666, 1
13670, 1
13678, 1
13682, 1
13690, 2
13694, 1
13706, 1
13710, 1
13730, 1
13734, 3
13738, 1
13750, 1
13758, 1
13766, 1
13774, 1
13778, 2
13782, 1
13794, 1
13798, 1
13806, 1
13810, 1
13818, 1
13826, 1
13830, 1
13834, 1
13846, 1
13850, 1
13858, 1
13862, 2
13866, 2
13870, 1
13874, 3
13882, 1
13886, 3
13890, 1
13906, 2
13922, 2
13926, 3
13934, 4
13946, 5
13950, 12
13954, 3
13958, 8
13962, 28
13966, 15
13970, 55
13974, 65
13978, 83
13982, 86
13986, 89
13990, 56
13994, 29
13998, 10
14002, 8
14006, 3
14026, 1
14034, 2
14038, 1
14046, 1
14062, 1
14066, 1
14074, 1
14078, 6
14082, 3
14086, 3
14090, 6
14094, 8
14098, 8
14102, 5
14106, 6
14110, 2
14114, 2
14118, 3
14122, 1
14138, 1
14142, 1
14146, 1
14158, 1
14162, 2
14166, 4
14170, 2
14174, 6
14178, 3
14182, 3
14186, 2
14190, 1
14198, 1
14206, 1
14210, 1
14214, 1
14222, 1
14234, 1
14266, 2
14278, 1
14282, 1
14290, 1
14298, 1
14302, 1
14306, 2
14334, 1
14338, 1
14350, 1
14390, 1
14398, 2
14402, 1
14430, 1
14434, 2
14438, 1
14450, 1
14458, 1
14466, 3
14470, 1
14474, 1
14478, 1
14494, 1
14502, 1
14510, 2
14514, 1
14518, 2
14522, 4
14530, 2
14538, 2
14546, 1
14550, 2
14554, 2
14562, 1
14566, 2
14574, 1
14578, 1
14582, 1
14610, 1
14614, 1
14618, 2
14622, 1
14626, 1
14646, 1
14670, 1
14678, 1
14682, 1
14686, 1
14690, 2
14746, 1
14754, 2
14758, 1
14762, 1
14770, 1
14774, 2
14782, 1
14790, 2
14794, 2
14798, 3
14802, 2
14806, 2
14818, 1
14830, 1
14834, 1
14838, 2
14850, 1
14866, 1
14870, 1
14874, 1
14878, 2
14882, 1
14890, 1
14894, 1
14898, 1
14902, 1
14910, 1
14930, 1
14942, 1
14946, 1
14954, 1
14962, 1
14966, 2
14974, 1
14978, 1
14994, 1
15002, 1
15006, 1
15022, 1
15034, 2
15038, 1
15042, 1
15046, 2
15054, 1
15058, 1
15062, 2
15066, 2
15070, 1
15078, 1
15098, 3
15106, 1
15118, 1
15122, 1
15126, 2
15130, 1
15134, 1
15142, 1
15150, 3
15154, 2
15170, 1
15174, 1
15178, 1
15182, 1
15186, 2
15190, 2
15194, 1
15218, 1
15230, 2
15234, 1
15238, 1
15258, 2
15278, 1
15282, 1
15294, 2
15298, 1
15306, 1
15314, 1
15318, 1
15322, 1
15326, 1
15330, 1
15338, 2
15342, 1
15346, 1
15358, 2
15366, 2
15370, 1
15374, 1
15394, 1
15406, 1
15418, 2
15422, 2
15426, 1
15430, 1
15434, 1
15442, 2
15446, 3
15454, 1
15458, 1
15466, 1
15486, 2
15490, 2
15494, 3
15498, 3
15510, 1
15554, 1
15570, 1
15578, 1
15586, 1
15590, 1
15598, 2
15602, 2
15606, 1
15610, 2
15614, 1
15618, 1
15622, 1
15630, 1
15642, 2
15654, 1
15666, 1
15678, 1
15690, 1
15694, 1
15698, 1
15730, 1
15734, 1
15738, 1
15754, 1
15758, 1
15762, 1
15766, 1
15774, 1
15790, 1
15802, 1
15814, 1
15838, 1
15842, 1
15858, 1
15874, 1
15882, 2
15894, 1
15910, 1
15918, 1
15978, 1
