2, 80680
6, 1237
10, 330
14, 354
18, 905
22, 1384
26, 1461
30, 1686
34, 2186
38, 2756
42, 3086
46, 3407
50, 3698
54, 3661
58, 3900
62, 3969
66, 4026
70, 4011
74, 3927
78, 3961
82, 4038
86, 4120
90, 4189
94, 4200
98, 4082
102, 4226
106, 4299
110, 4198
114, 4215
118, 4365
122, 4485
126, 4489
130, 4468
134, 4445
138, 4615
142, 4607
146, 4670
150, 4681
154, 4803
158, 4778
162, 4769
166, 4809
170, 4934
174, 4947
178, 4995
182, 4958
186, 5055
190, 5110
194, 5067
198, 5046
202, 5208
206, 5326
210, 5123
214, 5225
218, 5280
222, 5244
226, 5392
230, 5268
234, 5300
238, 5300
242, 5445
246, 5364
250, 5486
254, 5351
258, 5380
262, 5381
266, 5453
270, 5551
274, 5489
278, 5506
282, 5516
286, 5608
290, 5406
294, 5423
298, 5565
302, 5509
306, 5417
310, 5619
314, 5736
318, 5687
322, 5632
326, 5530
330, 5534
334, 5637
338, 5680
342, 5750
346, 5803
350, 5713
354, 5868
358, 5758
362, 5890
366, 5761
370, 5777
374, 5879
378, 5955
382, 6005
386, 6212
390, 6058
394, 6003
398, 5978
402, 6105
406, 5966
410, 5992
414, 6029
418, 6112
422, 6288
426, 6017
430, 6204
434, 6185
438, 6224
442, 6341
446, 6119
450, 6079
454, 6180
458, 6105
462, 6237
466, 6366
470, 6249
474, 6276
478, 6274
482, 6414
486, 6346
490, 6228
494, 6285
498, 6338
502, 6263
506, 6351
510, 6469
514, 6371
518, 6458
522, 6413
526, 6423
530, 6538
534, 6375
538, 6635
542, 6493
546, 6555
550, 6572
554, 6561
558, 6593
562, 6694
566, 6610
570, 6820
574, 6811
578, 7035
582, 6990
586, 6828
590, 6939
594, 6948
598, 6912
602, 7015
606, 6882
610, 7061
614, 7091
618, 7054
622, 6991
626, 7088
630, 7014
634, 6957
638, 7052
642, 7265
646, 7174
650, 7249
654, 7080
658, 7192
662, 7060
666, 7116
670, 7231
674, 7121
678, 7005
682, 7176
686, 7197
690, 7193
694, 7068
698, 7156
702, 7206
706, 7304
710, 7207
714, 7088
718, 7121
722, 7147
726, 6995
730, 7070
734, 7034
738, 6996
742, 7124
746, 6918
750, 6967
754, 7049
758, 7075
762, 7006
766, 7065
770, 7025
774, 7012
778, 7240
782, 6991
786, 7043
790, 6826
794, 6879
798, 6848
802, 6899
806, 6952
810, 6903
814, 6789
818, 6814
822, 6795
826, 6964
830, 6958
834, 6672
838, 6964
842, 6900
846, 6908
850, 6800
854, 6689
858, 6860
862, 6692
866, 6693
870, 6807
874, 6806
878, 6911
882, 6732
886, 6816
890, 6917
894, 6763
898, 6913
902, 6963
906, 7121
910, 7005
914, 7240
918, 7571
922, 7519
926, 7695
930, 7602
934, 8049
938, 7965
942, 7890
946, 7909
950, 8015
954, 8139
958, 8056
962, 7854
966, 7941
970, 7845
974, 7931
978, 7873
982, 7915
986, 7693
990, 7852
994, 7536
998, 7508
1002, 7472
1006, 7429
1010, 7380
1014, 7299
1018, 7305
1022, 7305
1026, 7055
1030, 7273
1034, 7122
1038, 7015
1042, 7144
1046, 7135
1050, 6839
1054, 6877
1058, 6795
1062, 6820
1066, 6751
1070, 6693
1074, 6628
1078, 6634
1082, 6358
1086, 6546
1090, 6373
1094, 6371
1098, 6394
1102, 6422
1106, 6227
1110, 6130
1114, 6179
1118, 6327
1122, 6066
1126, 6031
1130, 6028
1134, 6021
1138, 6043
1142, 5952
1146, 5689
1150, 5974
1154, 5965
1158, 5942
1162, 5823
1166, 5872
1170, 5935
1174, 5742
1178, 5884
1182, 5945
1186, 5882
1190, 5787
1194, 5987
1198, 5930
1202, 5839
1206, 5837
1210, 5765
1214, 5820
1218, 5707
1222, 5942
1226, 5815
1230, 5604
1234, 5701
1238, 5795
1242, 5453
1246, 5682
1250, 5545
1254, 5578
1258, 5499
1262, 5575
1266, 5317
1270, 5377
1274, 5438
1278, 5450
1282, 5422
1286, 5303
1290, 5349
1294, 5315
1298, 5296
1302, 5184
1306, 5222
1310, 5203
1314, 5268
1318, 5096
1322, 5105
1326, 5168
1330, 5222
1334, 4988
1338, 5086
1342, 5037
1346, 4847
1350, 5127
1354, 4940
1358, 4766
1362, 4876
1366, 4831
1370, 4904
1374, 4793
1378, 4818
1382, 4870
1386, 4758
1390, 4609
1394, 4692
1398, 4651
1402, 4578
1406, 4649
1410, 4597
1414, 4531
1418, 4626
1422, 4428
1426, 4589
1430, 4511
1434, 4432
1438, 4436
1442, 4497
1446, 4380
1450, 4401
1454, 4533
1458, 4493
1462, 4413
1466, 4336
1470, 4324
1474, 4340
1478, 4272
1482, 4230
1486, 4344
1490, 4308
1494, 4360
1498, 4267
1502, 4364
1506, 4249
1510, 4232
1514, 4183
1518, 4149
1522, 4267
1526, 4102
1530, 4291
1534, 4169
1538, 4097
1542, 4183
1546, 4167
1550, 4063
1554, 4094
1558, 4006
1562, 3999
1566, 4052
1570, 4045
1574, 4090
1578, 4129
1582, 3999
1586, 3909
1590, 4026
1594, 3981
1598, 3965
1602, 3998
1606, 4076
1610, 4056
1614, 4058
1618, 4008
1622, 4030
1626, 3951
1630, 3930
1634, 3911
1638, 3945
1642, 3896
1646, 3931
1650, 3901
1654, 3949
1658, 4018
1662, 3993
1666, 3927
1670, 3927
1674, 3778
1678, 3785
1682, 3961
1686, 3843
1690, 3943
1694, 3947
1698, 3964
1702, 3942
1706, 3826
1710, 3953
1714, 3849
1718, 3802
1722, 3827
1726, 3839
1730, 3873
1734, 3875
1738, 3793
1742, 3949
1746, 3882
1750, 3962
1754, 3920
1758, 3884
1762, 3760
1766, 3881
1770, 3883
1774, 3905
1778, 3940
1782, 3966
1786, 3862
1790, 3905
1794, 3780
1798, 3951
1802, 3905
1806, 3854
1810, 3790
1814, 3917
1818, 3837
1822, 3943
1826, 3901
1830, 3872
1834, 3803
1838, 3964
1842, 3780
1846, 3883
1850, 3811
1854, 3891
1858, 3873
1862, 3882
1866, 4030
1870, 3961
1874, 3862
1878, 3958
1882, 3906
1886, 3977
1890, 3888
1894, 3841
1898, 3928
1902, 4033
1906, 3982
1910, 3957
1914, 3939
1918, 3914
1922, 4027
1926, 3968
1930, 4013
1934, 4008
1938, 3965
1942, 3938
1946, 3993
1950, 4013
1954, 4048
1958, 4073
1962, 4026
1966, 3994
1970, 4100
1974, 4095
1978, 4124
1982, 3982
1986, 3921
1990, 4060
1994, 4056
1998, 4167
2002, 3990
2006, 4059
2010, 4089
2014, 4070
2018, 3933
2022, 4027
2026, 3990
2030, 4106
2034, 3837
2038, 3964
2042, 3964
2046, 3974
2050, 3909
2054, 3958
2058, 3977
2062, 3936
2066, 3959
2070, 3895
2074, 3918
2078, 3837
2082, 3942
2086, 3890
2090, 3848
2094, 3791
2098, 3643
2102, 3687
2106, 3578
2110, 3331
2114, 3367
2118, 3184
2122, 3162
2126, 3054
2130, 2994
2134, 2812
2138, 2943
2142, 2661
2146, 2663
2150, 2588
2154, 2690
2158, 2656
2162, 2559
2166, 2449
2170, 2453
2174, 2579
2178, 2480
2182, 2400
2186, 2427
2190, 2358
2194, 2402
2198, 2327
2202, 2381
2206, 2325
2210, 2298
2214, 2308
2218, 2235
2222, 2303
2226, 2276
2230, 2232
2234, 2230
2238, 2177
2242, 2085
2246, 2156
2250, 2047
2254, 2151
2258, 2175
2262, 2105
2266, 2134
2270, 1995
2274, 2052
2278, 2027
2282, 1954
2286, 1993
2290, 2005
2294, 1966
2298, 1938
2302, 1919
2306, 1966
2310, 1857
2314, 1874
2318, 1896
2322, 1817
2326, 1848
2330, 1829
2334, 1831
2338, 1826
2342, 1759
2346, 1709
2350, 1748
2354, 1657
2358, 1712
2362, 1721
2366, 1684
2370, 1707
2374, 1697
2378, 1642
2382, 1623
2386, 1645
2390, 1680
2394, 1652
2398, 1616
2402, 1573
2406, 1579
2410, 1524
2414, 1537
2418, 1542
2422, 1483
2426, 1473
2430, 1467
2434, 1519
2438, 1427
2442, 1509
2446, 1431
2450, 1436
2454, 1413
2458, 1450
2462, 1378
2466, 1392
2470, 1396
2474, 1341
2478, 1274
2482, 1383
2486, 1338
2490, 1288
2494, 1314
2498, 1231
2502, 1276
2506, 1233
2510, 1301
2514, 1284
2518, 1221
2522, 1257
2526, 1212
2530, 1206
2534, 1202
2538, 1234
2542, 1167
2546, 1152
2550, 1227
2554, 1167
2558, 1158
2562, 1169
2566, 1116
2570, 1144
2574, 1104
2578, 1131
2582, 1136
2586, 1114
2590, 1083
2594, 1121
2598, 1132
2602, 1119
2606, 1138
2610, 1119
2614, 1077
2618, 1145
2622, 1099
2626, 1162
2630, 1259
2634, 1289
2638, 1591
2642, 1993
2646, 2492
2650, 2757
2654, 2549
2658, 2168
2662, 1745
2666, 1579
2670, 1291
2674, 1253
2678, 1066
2682, 1060
2686, 1019
2690, 1073
2694, 1015
2698, 954
2702, 985
2706, 958
2710, 1012
2714, 963
2718, 955
2722, 974
2726, 960
2730, 1060
2734, 993
2738, 961
2742, 908
2746, 934
2750, 925
2754, 927
2758, 905
2762, 978
2766, 934
2770, 909
2774, 845
2778, 906
2782, 888
2786, 935
2790, 915
2794, 948
2798, 882
2802, 878
2806, 872
2810, 920
2814, 851
2818, 885
2822, 887
2826, 851
2830, 843
2834, 895
2838, 857
2842, 876
2846, 889
2850, 881
2854, 809
2858, 866
2862, 914
2866, 889
2870, 864
2874, 888
2878, 892
2882, 872
2886, 870
2890, 839
2894, 863
2898, 925
2902, 946
2906, 1137
2910, 1384
2914, 2041
2918, 3287
2922, 6951
2926, 13833
2930, 17937
2934, 12372
2938, 5027
2942, 1881
2946, 1216
2950, 1095
2954, 974
2958, 925
2962, 894
2966, 876
2970, 846
2974, 851
2978, 811
2982, 870
2986, 863
2990, 855
2994, 844
2998, 878
3002, 880
3006, 1028
3010, 1236
3014, 1861
3018, 3229
3022, 5722
3026, 10722
3030, 23648
3034, 54937
3038, 92438
3042, 88943
3046, 45590
3050, 13428
3054, 4207
3058, 2685
3062, 2063
3066, 1515
3070, 1200
3074, 1069
3078, 1056
3082, 867
3086, 784
3090, 830
3094, 785
3098, 717
3102, 711
3106, 681
3110, 700
3114, 717
3118, 684
3122, 630
3126, 582
3130, 609
3134, 575
3138, 621
3142, 620
3146, 590
3150, 562
3154, 608
3158, 562
3162, 524
3166, 567
3170, 560
3174, 560
3178, 513
3182, 516
3186, 511
3190, 521
3194, 547
3198, 505
3202, 530
3206, 506
3210, 522
3214, 518
3218, 505
3222, 491
3226, 510
3230, 483
3234, 499
3238, 556
3242, 506
3246, 515
3250, 500
3254, 523
3258, 510
3262, 501
3266, 526
3270, 469
3274, 502
3278, 473
3282, 482
3286, 498
3290, 526
3294, 531
3298, 502
3302, 520
3306, 487
3310, 472
3314, 453
3318, 506
3322, 480
3326, 519
3330, 509
3334, 477
3338, 485
3342, 488
3346, 517
3350, 497
3354, 455
3358, 511
3362, 484
3366, 503
3370, 454
3374, 449
3378, 495
3382, 489
3386, 455
3390, 477
3394, 484
3398, 527
3402, 470
3406, 513
3410, 477
3414, 459
3418, 458
3422, 478
3426, 514
3430, 495
3434, 479
3438, 473
3442, 478
3446, 471
3450, 475
3454, 484
3458, 492
3462, 437
3466, 482
3470, 462
3474, 482
3478, 470
3482, 473
3486, 484
3490, 482
3494, 470
3498, 501
3502, 448
3506, 450
3510, 481
3514, 489
3518, 454
3522, 499
3526, 459
3530, 460
3534, 471
3538, 444
3542, 468
3546, 457
3550, 472
3554, 442
3558, 498
3562, 510
3566, 458
3570, 425
3574, 485
3578, 505
3582, 473
3586, 477
3590, 513
3594, 496
3598, 489
3602, 482
3606, 450
3610, 465
3614, 440
3618, 461
3622, 469
3626, 414
3630, 471
3634, 478
3638, 502
3642, 460
3646, 460
3650, 427
3654, 457
3658, 471
3662, 420
3666, 428
3670, 459
3674, 498
3678, 450
3682, 478
3686, 473
3690, 444
3694, 457
3698, 459
3702, 446
3706, 448
3710, 431
3714, 434
3718, 438
3722, 454
3726, 457
3730, 457
3734, 501
3738, 464
3742, 448
3746, 450
3750, 482
3754, 415
3758, 495
3762, 489
3766, 441
3770, 494
3774, 443
3778, 443
3782, 460
3786, 441
3790, 459
3794, 421
3798, 415
3802, 449
3806, 446
3810, 493
3814, 474
3818, 446
3822, 421
3826, 478
3830, 473
3834, 486
3838, 452
3842, 467
3846, 435
3850, 439
3854, 433
3858, 469
3862, 453
3866, 459
3870, 475
3874, 462
3878, 457
3882, 459
3886, 438
3890, 455
3894, 450
3898, 460
3902, 438
3906, 436
3910, 508
3914, 453
3918, 436
3922, 448
3926, 443
3930, 418
3934, 440
3938, 487
3942, 439
3946, 458
3950, 394
3954, 453
3958, 420
3962, 426
3966, 473
3970, 454
3974, 419
3978, 480
3982, 450
3986, 451
3990, 434
3994, 430
3998, 442
4002, 430
4006, 440
4010, 461
4014, 481
4018, 448
4022, 432
4026, 434
4030, 430
4034, 442
4038, 413
4042, 438
4046, 426
4050, 451
4054, 410
4058, 430
4062, 431
4066, 440
4070, 410
4074, 441
4078, 436
4082, 429
4086, 434
4090, 420
4094, 420
4098, 454
4102, 445
4106, 427
4110, 406
4114, 411
4118, 447
4122, 431
4126, 437
4130, 374
4134, 403
4138, 404
4142, 379
4146, 431
4150, 440
4154, 407
4158, 449
4162, 441
4166, 431
4170, 448
4174, 421
4178, 404
4182, 444
4186, 419
4190, 450
4194, 458
4198, 444
4202, 451
4206, 432
4210, 433
4214, 437
4218, 463
4222, 419
4226, 447
4230, 445
4234, 459
4238, 400
4242, 433
4246, 407
4250, 409
4254, 441
4258, 408
4262, 415
4266, 385
4270, 462
4274, 396
4278, 423
4282, 425
4286, 431
4290, 437
4294, 434
4298, 409
4302, 407
4306, 419
4310, 410
4314, 454
4318, 417
4322, 407
4326, 466
4330, 364
4334, 431
4338, 403
4342, 441
4346, 415
4350, 409
4354, 455
4358, 376
4362, 426
4366, 452
4370, 410
4374, 413
4378, 464
4382, 446
4386, 389
4390, 419
4394, 390
4398, 368
4402, 413
4406, 427
4410, 432
4414, 374
4418, 405
4422, 408
4426, 406
4430, 415
4434, 422
4438, 393
4442, 416
4446, 409
4450, 407
4454, 452
4458, 416
4462, 433
4466, 428
4470, 488
4474, 447
4478, 462
4482, 431
4486, 379
4490, 400
4494, 418
4498, 438
4502, 424
4506, 422
4510, 426
4514, 421
4518, 394
4522, 401
4526, 352
4530, 420
4534, 413
4538, 414
4542, 399
4546, 400
4550, 414
4554, 407
4558, 437
4562, 413
4566, 407
4570, 378
4574, 401
4578, 414
4582, 412
4586, 413
4590, 405
4594, 444
4598, 432
4602, 406
4606, 413
4610, 425
4614, 397
4618, 418
4622, 377
4626, 428
4630, 413
4634, 426
4638, 409
4642, 440
4646, 429
4650, 368
4654, 426
4658, 396
4662, 388
4666, 431
4670, 417
4674, 404
4678, 417
4682, 412
4686, 405
4690, 425
4694, 408
4698, 420
4702, 365
4706, 373
4710, 389
4714, 422
4718, 396
4722, 372
4726, 425
4730, 392
4734, 429
4738, 424
4742, 401
4746, 388
4750, 393
4754, 416
4758, 426
4762, 364
4766, 417
4770, 397
4774, 392
4778, 411
4782, 401
4786, 419
4790, 382
4794, 400
4798, 426
4802, 428
4806, 401
4810, 406
4814, 372
4818, 423
4822, 427
4826, 398
4830, 403
4834, 413
4838, 402
4842, 418
4846, 408
4850, 417
4854, 402
4858, 428
4862, 392
4866, 405
4870, 386
4874, 434
4878, 406
4882, 424
4886, 395
4890, 418
4894, 433
4898, 395
4902, 438
4906, 426
4910, 380
4914, 372
4918, 419
4922, 416
4926, 410
4930, 427
4934, 396
4938, 392
4942, 373
4946, 406
4950, 440
4954, 400
4958, 408
4962, 417
4966, 411
4970, 398
4974, 397
4978, 381
4982, 404
4986, 397
4990, 396
4994, 396
4998, 389
5002, 386
5006, 438
5010, 393
5014, 388
5018, 400
5022, 411
5026, 417
5030, 413
5034, 415
5038, 451
5042, 450
5046, 422
5050, 386
5054, 390
5058, 383
5062, 453
5066, 369
5070, 398
5074, 387
5078, 411
5082, 401
5086, 418
5090, 433
5094, 403
5098, 397
5102, 412
5106, 432
5110, 420
5114, 427
5118, 433
5122, 533
5126, 544
5130, 775
5134, 1176
5138, 1906
5142, 2310
5146, 2153
5150, 1470
5154, 854
5158, 598
5162, 476
5166, 498
5170, 483
5174, 493
5178, 434
5182, 455
5186, 411
5190, 389
5194, 417
5198, 427
5202, 452
5206, 437
5210, 451
5214, 442
5218, 433
5222, 434
5226, 450
5230, 474
5234, 436
5238, 452
5242, 425
5246, 457
5250, 409
5254, 438
5258, 459
5262, 446
5266, 430
5270, 429
5274, 450
5278, 411
5282, 428
5286, 422
5290, 454
5294, 445
5298, 419
5302, 470
5306, 440
5310, 463
5314, 411
5318, 463
5322, 437
5326, 428
5330, 419
5334, 426
5338, 468
5342, 405
5346, 436
5350, 433
5354, 401
5358, 455
5362, 460
5366, 432
5370, 498
5374, 494
5378, 482
5382, 469
5386, 473
5390, 464
5394, 457
5398, 483
5402, 435
5406, 401
5410, 460
5414, 428
5418, 407
5422, 429
5426, 408
5430, 432
5434, 423
5438, 409
5442, 441
5446, 463
5450, 484
5454, 410
5458, 427
5462, 440
5466, 415
5470, 423
5474, 461
5478, 431
5482, 433
5486, 442
5490, 446
5494, 457
5498, 422
5502, 402
5506, 434
5510, 433
5514, 387
5518, 455
5522, 423
5526, 441
5530, 444
5534, 442
5538, 406
5542, 444
5546, 465
5550, 425
5554, 427
5558, 431
5562, 466
5566, 429
5570, 453
5574, 417
5578, 406
5582, 455
5586, 423
5590, 445
5594, 417
5598, 442
5602, 408
5606, 463
5610, 434
5614, 424
5618, 446
5622, 412
5626, 435
5630, 448
5634, 419
5638, 448
5642, 414
5646, 478
5650, 435
5654, 466
5658, 415
5662, 431
5666, 449
5670, 424
5674, 413
5678, 418
5682, 448
5686, 422
5690, 441
5694, 440
5698, 439
5702, 399
5706, 460
5710, 416
5714, 450
5718, 450
5722, 471
5726, 463
5730, 391
5734, 451
5738, 434
5742, 435
5746, 442
5750, 417
5754, 405
5758, 444
5762, 436
5766, 433
5770, 457
5774, 462
5778, 435
5782, 440
5786, 420
5790, 422
5794, 449
5798, 446
5802, 428
5806, 472
5810, 441
5814, 428
5818, 452
5822, 442
5826, 447
5830, 412
5834, 420
5838, 462
5842, 435
5846, 404
5850, 451
5854, 456
5858, 446
5862, 423
5866, 434
5870, 438
5874, 440
5878, 421
5882, 404
5886, 429
5890, 447
5894, 427
5898, 429
5902, 463
5906, 477
5910, 428
5914, 426
5918, 465
5922, 481
5926, 426
5930, 425
5934, 404
5938, 467
5942, 481
5946, 457
5950, 425
5954, 453
5958, 421
5962, 461
5966, 481
5970, 467
5974, 422
5978, 482
5982, 443
5986, 453
5990, 445
5994, 465
5998, 448
6002, 427
6006, 438
6010, 477
6014, 486
6018, 481
6022, 472
6026, 468
6030, 478
6034, 486
6038, 491
6042, 448
6046, 443
6050, 433
6054, 482
6058, 453
6062, 507
6066, 497
6070, 438
6074, 451
6078, 481
6082, 425
6086, 448
6090, 469
6094, 475
6098, 466
6102, 406
6106, 461
6110, 453
6114, 449
6118, 458
6122, 455
6126, 425
6130, 437
6134, 400
6138, 453
6142, 455
6146, 436
6150, 448
6154, 427
6158, 421
6162, 420
6166, 487
6170, 448
6174, 459
6178, 424
6182, 408
6186, 439
6190, 424
6194, 438
6198, 450
6202, 443
6206, 470
6210, 458
6214, 457
6218, 435
6222, 465
6226, 476
6230, 462
6234, 440
6238, 492
6242, 450
6246, 456
6250, 463
6254, 466
6258, 443
6262, 473
6266, 446
6270, 468
6274, 481
6278, 450
6282, 445
6286, 431
6290, 502
6294, 482
6298, 416
6302, 470
6306, 478
6310, 447
6314, 438
6318, 461
6322, 448
6326, 496
6330, 456
6334, 472
6338, 463
6342, 442
6346, 454
6350, 493
6354, 438
6358, 454
6362, 457
6366, 450
6370, 478
6374, 447
6378, 433
6382, 475
6386, 432
6390, 464
6394, 441
6398, 472
6402, 477
6406, 463
6410, 435
6414, 449
6418, 487
6422, 447
6426, 462
6430, 483
6434, 453
6438, 464
6442, 444
6446, 472
6450, 471
6454, 460
6458, 489
6462, 450
6466, 484
6470, 443
6474, 436
6478, 440
6482, 479
6486, 474
6490, 467
6494, 439
6498, 449
6502, 445
6506, 444
6510, 443
6514, 499
6518, 437
6522, 439
6526, 515
6530, 499
6534, 464
6538, 478
6542, 474
6546, 470
6550, 454
6554, 455
6558, 482
6562, 428
6566, 493
6570, 462
6574, 470
6578, 482
6582, 498
6586, 478
6590, 478
6594, 462
6598, 493
6602, 434
6606, 466
6610, 463
6614, 431
6618, 462
6622, 445
6626, 424
6630, 471
6634, 504
6638, 491
6642, 471
6646, 496
6650, 449
6654, 443
6658, 472
6662, 520
6666, 459
6670, 489
6674, 515
6678, 498
6682, 475
6686, 499
6690, 441
6694, 502
6698, 473
6702, 484
6706, 517
6710, 512
6714, 470
6718, 498
6722, 552
6726, 540
6730, 558
6734, 535
6738, 487
6742, 492
6746, 504
6750, 519
6754, 473
6758, 480
6762, 503
6766, 481
6770, 476
6774, 501
6778, 489
6782, 483
6786, 482
6790, 490
6794, 484
6798, 504
6802, 495
6806, 489
6810, 516
6814, 470
6818, 487
6822, 516
6826, 569
6830, 486
6834, 477
6838, 496
6842, 519
6846, 475
6850, 473
6854, 515
6858, 482
6862, 494
6866, 492
6870, 523
6874, 515
6878, 507
6882, 504
6886, 506
6890, 452
6894, 506
6898, 507
6902, 478
6906, 509
6910, 464
6914, 454
6918, 499
6922, 519
6926, 532
6930, 448
6934, 451
6938, 404
6942, 460
6946, 475
6950, 446
6954, 470
6958, 478
6962, 490
6966, 484
6970, 483
6974, 451
6978, 434
6982, 516
6986, 490
6990, 500
6994, 488
6998, 498
7002, 463
7006, 460
7010, 496
7014, 459
7018, 561
7022, 485
7026, 500
7030, 474
7034, 475
7038, 527
7042, 511
7046, 515
7050, 443
7054, 456
7058, 457
7062, 503
7066, 472
7070, 478
7074, 516
7078, 512
7082, 482
7086, 488
7090, 478
7094, 508
7098, 504
7102, 498
7106, 507
7110, 483
7114, 524
7118, 506
7122, 533
7126, 530
7130, 528
7134, 476
7138, 535
7142, 474
7146, 477
7150, 494
7154, 526
7158, 494
7162, 500
7166, 452
7170, 459
7174, 489
7178, 466
7182, 524
7186, 517
7190, 523
7194, 552
7198, 496
7202, 494
7206, 486
7210, 485
7214, 529
7218, 499
7222, 464
7226, 500
7230, 511
7234, 454
7238, 501
7242, 560
7246, 479
7250, 511
7254, 508
7258, 509
7262, 493
7266, 550
7270, 522
7274, 493
7278, 450
7282, 522
7286, 503
7290, 524
7294, 494
7298, 516
7302, 485
7306, 512
7310, 504
7314, 469
7318, 526
7322, 519
7326, 528
7330, 501
7334, 496
7338, 515
7342, 465
7346, 541
7350, 527
7354, 526
7358, 516
7362, 516
7366, 524
7370, 476
7374, 517
7378, 524
7382, 495
7386, 511
7390, 538
7394, 510
7398, 528
7402, 507
7406, 520
7410, 512
7414, 547
7418, 490
7422, 516
7426, 503
7430, 507
7434, 513
7438, 536
7442, 549
7446, 504
7450, 508
7454, 496
7458, 529
7462, 550
7466, 531
7470, 536
7474, 561
7478, 518
7482, 551
7486, 508
7490, 546
7494, 516
7498, 497
7502, 578
7506, 510
7510, 531
7514, 570
7518, 532
7522, 520
7526, 514
7530, 511
7534, 545
7538, 530
7542, 512
7546, 562
7550, 552
7554, 564
7558, 544
7562, 551
7566, 525
7570, 530
7574, 524
7578, 546
7582, 539
7586, 538
7590, 545
7594, 571
7598, 542
7602, 530
7606, 533
7610, 508
7614, 520
7618, 558
7622, 541
7626, 583
7630, 525
7634, 544
7638, 524
7642, 539
7646, 545
7650, 535
7654, 550
7658, 561
7662, 539
7666, 540
7670, 554
7674, 544
7678, 570
7682, 552
7686, 571
7690, 566
7694, 528
7698, 554
7702, 502
7706, 553
7710, 521
7714, 499
7718, 551
7722, 562
7726, 549
7730, 547
7734, 565
7738, 543
7742, 568
7746, 560
7750, 583
7754, 626
7758, 619
7762, 642
7766, 628
7770, 739
7774, 785
7778, 896
7782, 1299
7786, 1662
7790, 1875
7794, 1963
7798, 1709
7802, 1272
7806, 992
7810, 747
7814, 698
7818, 605
7822, 615
7826, 576
7830, 599
7834, 563
7838, 566
7842, 553
7846, 583
7850, 569
7854, 577
7858, 565
7862, 558
7866, 599
7870, 555
7874, 587
7878, 597
7882, 595
7886, 595
7890, 585
7894, 622
7898, 591
7902, 570
7906, 604
7910, 592
7914, 590
7918, 577
7922, 568
7926, 539
7930, 617
7934, 603
7938, 588
7942, 600
7946, 599
7950, 561
7954, 579
7958, 588
7962, 585
7966, 563
7970, 581
7974, 575
7978, 615
7982, 562
7986, 605
7990, 604
7994, 614
7998, 633
8002, 622
8006, 631
8010, 581
8014, 630
8018, 595
8022, 576
8026, 594
8030, 669
8034, 603
8038, 618
8042, 615
8046, 631
8050, 590
8054, 635
8058, 658
8062, 695
8066, 744
8070, 830
8074, 743
8078, 793
8082, 703
8086, 679
8090, 676
8094, 621
8098, 599
8102, 586
8106, 598
8110, 641
8114, 670
8118, 643
8122, 627
8126, 686
8130, 650
8134, 609
8138, 627
8142, 605
8146, 633
8150, 658
8154, 661
8158, 654
8162, 686
8166, 653
8170, 633
8174, 624
8178, 671
8182, 664
8186, 675
8190, 663
8194, 693
8198, 675
8202, 635
8206, 691
8210, 626
8214, 666
8218, 687
8222, 608
8226, 644
8230, 670
8234, 660
8238, 706
8242, 674
8246, 669
8250, 730
8254, 697
8258, 708
8262, 689
8266, 692
8270, 684
8274, 714
8278, 647
8282, 640
8286, 675
8290, 671
8294, 708
8298, 653
8302, 693
8306, 676
8310, 685
8314, 678
8318, 734
8322, 696
8326, 693
8330, 668
8334, 741
8338, 703
8342, 699
8346, 643
8350, 722
8354, 678
8358, 707
8362, 712
8366, 655
8370, 689
8374, 714
8378, 708
8382, 712
8386, 707
8390, 653
8394, 702
8398, 653
8402, 728
8406, 727
8410, 748
8414, 689
8418, 653
8422, 723
8426, 684
8430, 711
8434, 721
8438, 768
8442, 733
8446, 723
8450, 697
8454, 683
8458, 736
8462, 755
8466, 727
8470, 671
8474, 737
8478, 761
8482, 714
8486, 716
8490, 705
8494, 739
8498, 765
8502, 687
8506, 760
8510, 748
8514, 762
8518, 751
8522, 702
8526, 780
8530, 703
8534, 766
8538, 729
8542, 703
8546, 812
8550, 790
8554, 795
8558, 728
8562, 791
8566, 722
8570, 796
8574, 784
8578, 761
8582, 740
8586, 715
8590, 815
8594, 800
8598, 782
8602, 770
8606, 754
8610, 703
8614, 801
8618, 721
8622, 786
8626, 773
8630, 804
8634, 777
8638, 770
8642, 873
8646, 797
8650, 779
8654, 774
8658, 799
8662, 816
8666, 792
8670, 801
8674, 843
8678, 889
8682, 816
8686, 788
8690, 819
8694, 821
8698, 797
8702, 806
8706, 822
8710, 843
8714, 827
8718, 843
8722, 819
8726, 886
8730, 887
8734, 785
8738, 856
8742, 794
8746, 910
8750, 858
8754, 849
8758, 821
8762, 896
8766, 891
8770, 901
8774, 846
8778, 866
8782, 901
8786, 896
8790, 881
8794, 875
8798, 872
8802, 892
8806, 863
8810, 874
8814, 853
8818, 883
8822, 851
8826, 899
8830, 885
8834, 896
8838, 950
8842, 887
8846, 919
8850, 877
8854, 916
8858, 873
8862, 921
8866, 914
8870, 878
8874, 905
8878, 924
8882, 924
8886, 849
8890, 926
8894, 970
8898, 967
8902, 932
8906, 922
8910, 944
8914, 923
8918, 975
8922, 1010
8926, 978
8930, 910
8934, 965
8938, 943
8942, 917
8946, 983
8950, 947
8954, 999
8958, 968
8962, 968
8966, 1045
8970, 962
8974, 1013
8978, 998
8982, 987
8986, 966
8990, 998
8994, 1018
8998, 1048
9002, 984
9006, 1031
9010, 1014
9014, 1014
9018, 1033
9022, 996
9026, 1056
9030, 986
9034, 1008
9038, 986
9042, 1020
9046, 1080
9050, 1054
9054, 1067
9058, 1034
9062, 1084
9066, 1021
9070, 1020
9074, 1077
9078, 1057
9082, 1104
9086, 1024
9090, 1082
9094, 1031
9098, 1021
9102, 1095
9106, 1031
9110, 1126
9114, 1052
9118, 1077
9122, 1006
9126, 1020
9130, 1115
9134, 1039
9138, 1061
9142, 1097
9146, 1052
9150, 1116
9154, 1136
9158, 1095
9162, 1112
9166, 1094
9170, 1103
9174, 1137
9178, 1085
9182, 1165
9186, 1060
9190, 1112
9194, 1113
9198, 1122
9202, 1127
9206, 1080
9210, 1078
9214, 1157
9218, 1157
9222, 1080
9226, 1069
9230, 1092
9234, 1077
9238, 1069
9242, 1067
9246, 1013
9250, 1019
9254, 1021
9258, 985
9262, 935
9266, 937
9270, 798
9274, 880
9278, 822
9282, 846
9286, 804
9290, 758
9294, 709
9298, 738
9302, 717
9306, 760
9310, 746
9314, 701
9318, 717
9322, 720
9326, 706
9330, 740
9334, 651
9338, 692
9342, 681
9346, 627
9350, 674
9354, 725
9358, 704
9362, 670
9366, 672
9370, 680
9374, 648
9378, 677
9382, 634
9386, 651
9390, 633
9394, 599
9398, 640
9402, 677
9406, 617
9410, 602
9414, 697
9418, 613
9422, 607
9426, 621
9430, 593
9434, 608
9438, 626
9442, 605
9446, 606
9450, 627
9454, 610
9458, 618
9462, 611
9466, 587
9470, 630
9474, 564
9478, 530
9482, 636
9486, 596
9490, 621
9494, 614
9498, 634
9502, 572
9506, 567
9510, 567
9514, 570
9518, 572
9522, 593
9526, 581
9530, 608
9534, 539
9538, 543
9542, 549
9546, 519
9550, 539
9554, 566
9558, 500
9562, 533
9566, 540
9570, 529
9574, 530
9578, 537
9582, 507
9586, 542
9590, 553
9594, 538
9598, 489
9602, 549
9606, 483
9610, 535
9614, 505
9618, 480
9622, 461
9626, 495
9630, 520
9634, 481
9638, 465
9642, 509
9646, 469
9650, 494
9654, 455
9658, 493
9662, 457
9666, 496
9670, 398
9674, 480
9678, 479
9682, 415
9686, 410
9690, 429
9694, 435
9698, 405
9702, 435
9706, 403
9710, 456
9714, 412
9718, 388
9722, 439
9726, 410
9730, 372
9734, 391
9738, 367
9742, 386
9746, 375
9750, 378
9754, 353
9758, 345
9762, 341
9766, 347
9770, 348
9774, 341
9778, 325
9782, 360
9786, 321
9790, 350
9794, 296
9798, 345
9802, 336
9806, 286
9810, 299
9814, 299
9818, 295
9822, 298
9826, 301
9830, 298
9834, 278
9838, 282
9842, 261
9846, 250
9850, 262
9854, 238
9858, 258
9862, 241
9866, 243
9870, 202
9874, 269
9878, 229
9882, 232
9886, 217
9890, 212
9894, 237
9898, 213
9902, 229
9906, 222
9910, 227
9914, 207
9918, 200
9922, 223
9926, 186
9930, 200
9934, 209
9938, 208
9942, 186
9946, 171
9950, 186
9954, 148
9958, 178
9962, 180
9966, 150
9970, 176
9974, 190
9978, 152
9982, 160
9986, 156
9990, 173
9994, 193
9998, 186
10002, 159
10006, 185
10010, 172
10014, 157
10018, 177
10022, 172
10026, 156
10030, 150
10034, 140
10038, 165
10042, 131
10046, 141
10050, 143
10054, 148
10058, 146
10062, 156
10066, 135
10070, 147
10074, 137
10078, 147
10082, 128
10086, 140
10090, 124
10094, 137
10098, 121
10102, 117
10106, 142
10110, 126
10114, 139
10118, 125
10122, 139
10126, 141
10130, 152
10134, 118
10138, 132
10142, 130
10146, 130
10150, 129
10154, 101
10158, 138
10162, 145
10166, 116
10170, 130
10174, 122
10178, 121
10182, 135
10186, 136
10190, 129
10194, 123
10198, 135
10202, 118
10206, 120
10210, 139
10214, 135
10218, 117
10222, 126
10226, 117
10230, 131
10234, 100
10238, 146
10242, 129
10246, 143
10250, 123
10254, 132
10258, 143
10262, 110
10266, 120
10270, 123
10274, 127
10278, 115
10282, 90
10286, 132
10290, 107
10294, 123
10298, 109
10302, 102
10306, 112
10310, 125
10314, 103
10318, 134
10322, 123
10326, 122
10330, 130
10334, 113
10338, 81
10342, 127
10346, 102
10350, 125
10354, 111
10358, 107
10362, 106
10366, 125
10370, 138
10374, 162
10378, 157
10382, 173
10386, 281
10390, 420
10394, 583
10398, 747
10402, 916
10406, 1089
10410, 1294
10414, 1805
10418, 3228
10422, 6201
10426, 11657
10430, 17471
10434, 22232
10438, 23960
10442, 21856
10446, 15648
10450, 8326
10454, 3277
10458, 1212
10462, 546
10466, 405
10470, 334
10474, 258
10478, 222
10482, 198
10486, 156
10490, 143
10494, 131
10498, 135
10502, 122
10506, 116
10510, 115
10514, 94
10518, 115
10522, 101
10526, 82
10530, 93
10534, 77
10538, 78
10542, 83
10546, 59
10550, 74
10554, 77
10558, 64
10562, 75
10566, 55
10570, 61
10574, 45
10578, 56
10582, 61
10586, 54
10590, 51
10594, 46
10598, 58
10602, 51
10606, 55
10610, 55
10614, 55
10618, 64
10622, 54
10626, 51
10630, 56
10634, 56
10638, 43
10642, 39
10646, 46
10650, 52
10654, 64
10658, 63
10662, 44
10666, 63
10670, 60
10674, 57
10678, 53
10682, 79
10686, 89
10690, 83
10694, 90
10698, 109
10702, 114
10706, 135
10710, 169
10714, 179
10718, 161
10722, 153
10726, 127
10730, 108
10734, 93
10738, 64
10742, 63
10746, 56
10750, 54
10754, 65
10758, 43
10762, 48
10766, 43
10770, 53
10774, 54
10778, 50
10782, 50
10786, 67
10790, 52
10794, 60
10798, 54
10802, 41
10806, 59
10810, 49
10814, 75
10818, 64
10822, 59
10826, 71
10830, 57
10834, 59
10838, 71
10842, 64
10846, 60
10850, 59
10854, 63
10858, 57
10862, 66
10866, 46
10870, 55
10874, 49
10878, 48
10882, 48
10886, 59
10890, 43
10894, 52
10898, 56
10902, 58
10906, 62
10910, 64
10914, 49
10918, 60
10922, 64
10926, 67
10930, 53
10934, 56
10938, 62
10942, 51
10946, 46
10950, 56
10954, 53
10958, 62
10962, 64
10966, 48
10970, 49
10974, 71
10978, 52
10982, 44
10986, 56
10990, 70
10994, 46
10998, 59
11002, 61
11006, 53
11010, 53
11014, 31
11018, 64
11022, 60
11026, 60
11030, 49
11034, 40
11038, 44
11042, 52
11046, 57
11050, 51
11054, 61
11058, 59
11062, 49
11066, 49
11070, 60
11074, 44
11078, 59
11082, 52
11086, 57
11090, 64
11094, 52
11098, 56
11102, 48
11106, 65
11110, 60
11114, 61
11118, 61
11122, 66
11126, 52
11130, 49
11134, 51
11138, 63
11142, 53
11146, 53
11150, 56
11154, 51
11158, 57
11162, 48
11166, 55
11170, 52
11174, 60
11178, 57
11182, 59
11186, 61
11190, 53
11194, 50
11198, 61
11202, 52
11206, 48
11210, 51
11214, 55
11218, 46
11222, 74
11226, 71
11230, 54
11234, 60
11238, 57
11242, 47
11246, 64
11250, 41
11254, 54
11258, 61
11262, 63
11266, 45
11270, 63
11274, 52
11278, 51
11282, 60
11286, 46
11290, 49
11294, 57
11298, 59
11302, 62
11306, 75
11310, 58
11314, 44
11318, 50
11322, 49
11326, 61
11330, 40
11334, 59
11338, 75
11342, 61
11346, 66
11350, 62
11354, 56
11358, 68
11362, 53
11366, 49
11370, 52
11374, 59
11378, 57
11382, 59
11386, 49
11390, 56
11394, 65
11398, 66
11402, 67
11406, 69
11410, 53
11414, 60
11418, 71
11422, 55
11426, 51
11430, 58
11434, 54
11438, 56
11442, 59
11446, 44
11450, 48
11454, 59
11458, 66
11462, 59
11466, 60
11470, 47
11474, 50
11478, 48
11482, 51
11486, 66
11490, 57
11494, 50
11498, 52
11502, 54
11506, 53
11510, 51
11514, 59
11518, 54
11522, 52
11526, 45
11530, 56
11534, 56
11538, 55
11542, 51
11546, 57
11550, 62
11554, 49
11558, 73
11562, 57
11566, 50
11570, 49
11574, 54
11578, 50
11582, 54
11586, 57
11590, 57
11594, 59
11598, 50
11602, 45
11606, 45
11610, 71
11614, 71
11618, 70
11622, 54
11626, 68
11630, 59
11634, 56
11638, 42
11642, 59
11646, 52
11650, 71
11654, 69
11658, 63
11662, 58
11666, 63
11670, 62
11674, 63
11678, 38
11682, 67
11686, 63
11690, 47
11694, 64
11698, 67
11702, 50
11706, 50
11710, 69
11714, 58
11718, 59
11722, 56
11726, 59
11730, 68
11734, 57
11738, 57
11742, 60
11746, 54
11750, 57
11754, 61
11758, 53
11762, 53
11766, 67
11770, 68
11774, 56
11778, 55
11782, 69
11786, 64
11790, 52
11794, 72
11798, 69
11802, 59
11806, 61
11810, 55
11814, 55
11818, 55
11822, 63
11826, 54
11830, 57
11834, 58
11838, 50
11842, 58
11846, 62
11850, 73
11854, 62
11858, 63
11862, 71
11866, 61
11870, 53
11874, 65
11878, 55
11882, 60
11886, 61
11890, 61
11894, 60
11898, 46
11902, 61
11906, 54
11910, 65
11914, 54
11918, 79
11922, 72
11926, 58
11930, 61
11934, 56
11938, 65
11942, 50
11946, 59
11950, 61
11954, 57
11958, 74
11962, 68
11966, 63
11970, 76
11974, 60
11978, 77
11982, 71
11986, 69
11990, 47
11994, 52
11998, 79
12002, 71
12006, 70
12010, 60
12014, 55
12018, 60
12022, 85
12026, 64
12030, 72
12034, 73
12038, 77
12042, 59
12046, 53
12050, 65
12054, 51
12058, 70
12062, 68
12066, 75
12070, 65
12074, 65
12078, 59
12082, 73
12086, 54
12090, 70
12094, 70
12098, 61
12102, 68
12106, 58
12110, 53
12114, 71
12118, 56
12122, 74
12126, 74
12130, 57
12134, 47
12138, 63
12142, 76
12146, 63
12150, 68
12154, 49
12158, 53
12162, 56
12166, 68
12170, 57
12174, 49
12178, 55
12182, 59
12186, 53
12190, 63
12194, 46
12198, 55
12202, 46
12206, 54
12210, 53
12214, 53
12218, 38
12222, 41
12226, 41
12230, 48
12234, 35
12238, 51
12242, 38
12246, 45
12250, 49
12254, 53
12258, 44
12262, 41
12266, 48
12270, 43
12274, 40
12278, 47
12282, 48
12286, 63
12290, 54
12294, 55
12298, 55
12302, 45
12306, 39
12310, 40
12314, 32
12318, 42
12322, 37
12326, 45
12330, 39
12334, 49
12338, 36
12342, 42
12346, 46
12350, 44
12354, 48
12358, 29
12362, 41
12366, 50
12370, 45
12374, 49
12378, 48
12382, 47
12386, 51
12390, 41
12394, 33
12398, 49
12402, 44
12406, 47
12410, 43
12414, 46
12418, 44
12422, 45
12426, 50
12430, 50
12434, 31
12438, 34
12442, 45
12446, 42
12450, 35
12454, 28
12458, 51
12462, 37
12466, 35
12470, 34
12474, 39
12478, 32
12482, 46
12486, 43
12490, 45
12494, 48
12498, 38
12502, 53
12506, 30
12510, 38
12514, 38
12518, 39
12522, 30
12526, 36
12530, 33
12534, 37
12538, 37
12542, 31
12546, 36
12550, 25
12554, 29
12558, 40
12562, 28
12566, 47
12570, 36
12574, 33
12578, 33
12582, 25
12586, 25
12590, 35
12594, 38
12598, 35
12602, 38
12606, 36
12610, 25
12614, 33
12618, 42
12622, 27
12626, 23
12630, 22
12634, 27
12638, 24
12642, 24
12646, 29
12650, 29
12654, 27
12658, 34
12662, 38
12666, 30
12670, 23
12674, 22
12678, 24
12682, 27
12686, 25
12690, 18
12694, 18
12698, 33
12702, 28
12706, 18
12710, 21
12714, 29
12718, 19
12722, 28
12726, 21
12730, 20
12734, 21
12738, 30
12742, 20
12746, 22
12750, 18
12754, 20
12758, 20
12762, 19
12766, 23
12770, 24
12774, 23
12778, 25
12782, 19
12786, 24
12790, 21
12794, 17
12798, 21
12802, 14
12806, 15
12810, 21
12814, 16
12818, 19
12822, 19
12826, 17
12830, 18
12834, 29
12838, 22
12842, 22
12846, 17
12850, 16
12854, 20
12858, 15
12862, 11
12866, 13
12870, 14
12874, 15
12878, 15
12882, 20
12886, 16
12890, 23
12894, 13
12898, 14
12902, 13
12906, 3
12910, 14
12914, 10
12918, 13
12922, 11
12926, 11
12930, 10
12934, 19
12938, 24
12942, 15
12946, 14
12950, 17
12954, 16
12958, 15
12962, 10
12966, 13
12970, 12
12974, 13
12978, 15
12982, 9
12986, 11
12990, 15
12994, 14
12998, 5
13002, 10
13006, 17
13010, 20
13014, 12
13018, 12
13022, 12
13026, 27
13030, 32
13034, 20
13038, 48
13042, 23
13046, 20
13050, 25
13054, 16
13058, 10
13062, 11
13066, 13
13070, 7
13074, 11
13078, 15
13082, 12
13086, 9
13090, 10
13094, 8
13098, 11
13102, 18
13106, 13
13110, 11
13114, 8
13118, 10
13122, 7
13126, 7
13130, 12
13134, 8
13138, 12
13142, 10
13146, 10
13150, 6
13154, 12
13158, 11
13162, 16
13166, 11
13170, 14
13174, 12
13178, 14
13182, 9
13186, 16
13190, 9
13194, 17
13198, 13
13202, 11
13206, 9
13210, 17
13214, 7
13218, 10
13222, 7
13226, 8
13230, 10
13234, 14
13238, 15
13242, 9
13246, 11
13250, 10
13254, 11
13258, 9
13262, 7
13266, 9
13270, 8
13274, 13
13278, 15
13282, 7
13286, 9
13290, 12
13294, 16
13298, 16
13302, 13
13306, 21
13310, 32
13314, 33
13318, 42
13322, 51
13326, 50
13330, 62
13334, 78
13338, 98
13342, 162
13346, 242
13350, 458
13354, 593
13358, 743
13362, 863
13366, 910
13370, 875
13374, 717
13378, 411
13382, 185
13386, 104
13390, 34
13394, 22
13398, 15
13402, 15
13406, 15
13410, 16
13414, 11
13418, 12
13422, 18
13426, 19
13430, 19
13434, 8
13438, 19
13442, 24
13446, 13
13450, 17
13454, 43
13458, 61
13462, 81
13466, 88
13470, 133
13474, 130
13478, 132
13482, 99
13486, 72
13490, 49
13494, 29
13498, 9
13502, 7
13506, 12
13510, 8
13514, 5
13518, 7
13522, 7
13526, 10
13530, 6
13534, 4
13538, 5
13542, 6
13546, 8
13550, 11
13554, 8
13558, 9
13562, 9
13566, 7
13570, 7
13574, 7
13578, 8
13582, 7
13586, 8
13590, 9
13594, 8
13598, 5
13602, 5
13606, 3
13610, 3
13614, 7
13618, 5
13622, 4
13626, 3
13630, 3
13634, 5
13638, 4
13642, 6
13646, 7
13650, 3
13654, 5
13658, 5
13662, 6
13666, 7
13670, 10
13674, 1
13678, 4
13682, 8
13686, 6
13690, 2
13694, 2
13698, 9
13702, 10
13706, 4
13710, 5
13714, 4
13718, 4
13722, 4
13726, 7
13730, 4
13734, 7
13738, 6
13742, 1
13746, 7
13750, 7
13754, 3
13758, 8
13762, 6
13766, 2
13770, 5
13774, 5
13778, 6
13782, 6
13786, 8
13790, 4
13794, 9
13798, 7
13802, 6
13806, 5
13810, 9
13814, 5
13818, 9
13822, 9
13826, 4
13830, 10
13834, 5
13838, 3
13842, 3
13846, 10
13850, 2
13854, 1
13858, 2
13862, 5
13866, 5
13870, 4
13874, 7
13878, 4
13882, 5
13886, 5
13890, 7
13894, 5
13898, 5
13902, 3
13906, 5
13910, 2
13914, 6
13918, 5
13922, 4
13926, 5
13930, 4
13934, 8
13938, 5
13942, 8
13946, 4
13950, 6
13954, 12
13958, 3
13962, 9
13966, 8
13970, 2
13974, 4
13978, 8
13982, 7
13986, 8
13990, 5
13994, 3
13998, 6
14002, 6
14006, 3
14010, 8
14014, 9
14018, 10
14022, 6
14026, 8
14030, 4
14034, 10
14038, 8
14042, 12
14046, 1
14050, 6
14054, 6
14058, 11
14062, 6
14066, 3
14070, 7
14074, 9
14078, 9
14082, 8
14086, 12
14090, 5
14094, 5
14098, 5
14102, 11
14106, 5
14110, 7
14114, 4
14118, 8
14122, 7
14126, 6
14130, 9
14134, 16
14138, 12
14142, 7
14146, 9
14150, 6
14154, 9
14158, 7
14162, 9
14166, 5
14170, 6
14174, 8
14178, 7
14182, 3
14186, 4
14190, 3
14194, 5
14198, 6
14202, 4
14206, 7
14210, 7
14214, 4
14218, 4
14222, 1
14226, 5
14230, 5
14234, 4
14238, 8
14242, 4
14246, 5
14250, 9
14254, 2
14258, 7
14262, 9
14266, 9
14270, 6
14274, 5
14278, 5
14282, 6
14286, 6
14290, 6
14294, 7
14298, 7
14302, 10
14306, 6
14310, 9
14314, 7
14318, 9
14322, 4
14326, 3
14330, 8
14334, 8
14338, 5
14342, 3
14346, 6
14350, 4
14354, 7
14358, 6
14362, 7
14366, 5
14370, 7
14374, 5
14378, 5
14382, 3
14386, 8
14390, 8
14394, 2
14398, 4
14402, 4
14406, 7
14410, 11
14414, 2
14418, 9
14422, 3
14426, 6
14430, 9
14434, 4
14438, 7
14442, 4
14446, 10
14450, 9
14454, 4
14458, 2
14462, 5
14466, 7
14470, 7
14474, 2
14478, 5
14482, 6
14486, 5
14490, 6
14494, 4
14498, 7
14502, 5
14506, 7
14510, 10
14514, 3
14518, 4
14522, 10
14526, 5
14530, 8
14534, 9
14538, 5
14542, 2
14546, 5
14550, 7
14554, 9
14558, 8
14562, 3
14566, 7
14570, 4
14574, 9
14578, 2
14582, 7
14586, 1
14590, 2
14594, 4
14598, 8
14602, 5
14606, 6
14610, 7
14614, 2
14618, 4
14622, 6
14626, 7
14630, 6
14634, 7
14638, 7
14642, 8
14646, 7
14650, 8
14654, 5
14658, 5
14662, 6
14666, 7
14670, 1
14674, 7
14678, 2
14682, 8
14686, 6
14690, 5
14694, 7
14698, 9
14702, 6
14706, 7
14710, 8
14714, 6
14718, 2
14722, 6
14726, 2
14730, 7
14734, 7
14738, 7
14742, 7
14746, 10
14750, 7
14754, 4
14758, 7
14762, 7
14766, 7
14770, 8
14774, 9
14778, 9
14782, 11
14786, 4
14790, 10
14794, 12
14798, 14
14802, 17
14806, 19
14810, 11
14814, 9
14818, 10
14822, 14
14826, 3
14830, 7
14834, 8
14838, 4
14842, 3
14846, 9
14850, 4
14854, 4
14858, 5
14862, 4
14866, 5
14870, 5
14874, 3
14878, 6
14882, 4
14886, 4
14890, 13
14894, 6
14898, 4
14902, 7
14906, 8
14910, 18
14914, 14
14918, 14
14922, 16
14926, 10
14930, 9
14934, 3
14938, 8
14942, 2
14946, 2
14950, 5
14954, 2
14958, 7
14962, 6
14966, 5
14970, 6
14974, 9
14978, 1
14982, 5
14986, 2
14990, 1
14994, 1
14998, 6
15002, 7
15006, 4
15010, 5
15018, 3
15022, 3
15026, 4
15030, 2
15034, 2
15038, 5
15042, 7
15046, 4
15050, 2
15054, 1
15058, 2
15062, 7
15066, 3
15070, 4
15074, 2
15078, 6
15082, 3
15086, 2
15090, 2
15094, 3
15098, 2
15102, 3
15106, 2
15110, 3
15114, 1
15118, 6
15122, 2
15126, 5
15130, 6
15134, 1
15138, 4
15142, 3
15146, 1
15150, 3
15154, 4
15158, 5
15162, 5
15166, 3
15174, 1
15178, 5
15182, 6
15186, 8
15190, 3
15194, 5
15198, 8
15202, 3
15206, 2
15210, 6
15214, 1
15218, 4
15222, 3
15226, 4
15230, 1
15234, 4
15238, 3
15242, 5
15246, 3
15250, 6
15254, 4
15258, 4
15262, 2
15266, 3
15270, 6
15274, 2
15278, 4
15282, 1
15286, 3
15290, 6
15294, 3
15298, 2
15302, 4
15306, 3
15310, 6
15314, 2
15318, 3
15322, 3
15326, 3
15330, 2
15334, 5
15338, 1
15342, 3
15346, 1
15350, 2
15354, 6
15358, 5
15362, 3
15366, 6
15370, 4
15374, 4
15378, 1
15382, 5
15386, 2
15390, 1
15394, 5
15398, 4
15402, 6
15406, 3
15410, 2
15414, 6
15418, 9
15422, 3
15426, 2
15430, 2
15434, 4
15438, 2
15442, 3
15454, 1
15458, 5
15462, 2
15466, 3
15470, 4
15474, 2
15482, 1
15486, 1
15490, 2
15494, 2
15502, 3
15506, 2
15510, 1
15514, 1
15518, 1
15522, 5
15526, 2
15530, 2
15534, 1
15538, 1
15546, 1
15550, 1
15562, 1
15566, 2
15570, 4
15574, 1
15578, 3
15582, 2
15586, 3
15590, 3
15594, 2
15598, 1
15602, 3
15610, 4
15614, 1
15622, 1
15630, 2
15634, 2
15638, 7
15642, 2
15646, 2
15650, 2
15654, 2
15658, 3
15662, 1
15666, 1
15670, 2
15674, 1
15682, 2
15686, 3
15690, 3
15698, 4
15702, 1
15706, 1
15710, 2
15714, 1
15718, 2
15722, 6
15726, 1
15730, 3
15734, 1
15738, 3
15742, 1
15746, 1
15750, 1
15758, 3
15766, 2
15770, 4
15774, 1
15778, 4
15782, 2
15786, 1
15790, 4
15794, 1
15802, 1
15806, 3
15810, 2
15814, 1
15818, 3
15822, 2
15826, 2
15830, 2
15838, 1
15842, 6
15846, 1
15850, 3
15854, 1
15858, 1
15866, 1
15874, 1
15882, 4
15886, 2
15890, 4
15894, 2
15898, 2
15902, 2
15906, 2
15910, 4
15914, 5
15918, 3
15922, 5
15926, 1
15930, 4
15934, 2
15938, 4
15942, 5
15946, 4
15950, 6
15954, 3
15958, 6
15962, 8
15966, 25
15970, 23
15974, 48
15978, 51
15982, 69
15986, 88
15990, 96
15994, 56
15998, 56
