2, 196488
6, 391
10, 579
14, 812
18, 1062
22, 1331
26, 1914
30, 2689
34, 3941
38, 4929
42, 6102
46, 7180
50, 8017
54, 8661
58, 9199
62, 9666
66, 9710
70, 9844
74, 9826
78, 9968
82, 10083
86, 10531
90, 10303
94, 10738
98, 10569
102, 10867
106, 10746
110, 10960
114, 10999
118, 11262
122, 11281
126, 11308
130, 11362
134, 11650
138, 11670
142, 11699
146, 11965
150, 11963
154, 12312
158, 12074
162, 12300
166, 12527
170, 12423
174, 12701
178, 12650
182, 13036
186, 13061
190, 13189
194, 13230
198, 13361
202, 13478
206, 13474
210, 13685
214, 13680
218, 13823
222, 14044
226, 13887
230, 14471
234, 14097
238, 14329
242, 14214
246, 14317
250, 14493
254, 14621
258, 14812
262, 14847
266, 14810
270, 14802
274, 14879
278, 15117
282, 14926
286, 14995
290, 15058
294, 15024
298, 15070
302, 15472
306, 15254
310, 15387
314, 15227
318, 15379
322, 15497
326, 15335
330, 15559
334, 15750
338, 15733
342, 15617
346, 15750
350, 15719
354, 15777
358, 15778
362, 15751
366, 16017
370, 16003
374, 16134
378, 16419
382, 16297
386, 16013
390, 16341
394, 16210
398, 16353
402, 16615
406, 16481
410, 16787
414, 16745
418, 16994
422, 17071
426, 17095
430, 16789
434, 16778
438, 16655
442, 16913
446, 16881
450, 16935
454, 17050
458, 16998
462, 17327
466, 17040
470, 17363
474, 17431
478, 17219
482, 17457
486, 17192
490, 17424
494, 17347
498, 17260
502, 17644
506, 17466
510, 17423
514, 17574
518, 17739
522, 17484
526, 17878
530, 17704
534, 17464
538, 17678
542, 17880
546, 17880
550, 17724
554, 17718
558, 18043
562, 17775
566, 18016
570, 17887
574, 18081
578, 18100
582, 18139
586, 18088
590, 18159
594, 18254
598, 18209
602, 18249
606, 18473
610, 18570
614, 18291
618, 18758
622, 18736
626, 19026
630, 18637
634, 18986
638, 18930
642, 18888
646, 18973
650, 18898
654, 18931
658, 18918
662, 19040
666, 19043
670, 19236
674, 18974
678, 19324
682, 19234
686, 19444
690, 19298
694, 19334
698, 19201
702, 19402
706, 19273
710, 19406
714, 19360
718, 19105
722, 19368
726, 19039
730, 19295
734, 19208
738, 19292
742, 19337
746, 19401
750, 19236
754, 19475
758, 19443
762, 19363
766, 19489
770, 19220
774, 19300
778, 19164
782, 19446
786, 19044
790, 19137
794, 19444
798, 19172
802, 19174
806, 19262
810, 19131
814, 19228
818, 18914
822, 19036
826, 19053
830, 19035
834, 18764
838, 18955
842, 18884
846, 18897
850, 18601
854, 18794
858, 18573
862, 18618
866, 18725
870, 18701
874, 18385
878, 18637
882, 18698
886, 18801
890, 18608
894, 18665
898, 18527
902, 18559
906, 18327
910, 18259
914, 18086
918, 18306
922, 17864
926, 18257
930, 17850
934, 17929
938, 18050
942, 17862
946, 18108
950, 17649
954, 17685
958, 18250
962, 18022
966, 18187
970, 17912
974, 18292
978, 18123
982, 18453
986, 18329
990, 18757
994, 18835
998, 19091
1002, 19307
1006, 19893
1010, 20094
1014, 20277
1018, 19976
1022, 20321
1026, 20243
1030, 20669
1034, 20441
1038, 20525
1042, 20218
1046, 20511
1050, 20182
1054, 20325
1058, 20227
1062, 19825
1066, 20000
1070, 20107
1074, 19980
1078, 19924
1082, 19702
1086, 19680
1090, 19461
1094, 19483
1098, 19544
1102, 19283
1106, 19037
1110, 19153
1114, 18939
1118, 18785
1122, 18815
1126, 18658
1130, 18476
1134, 18646
1138, 18176
1142, 18338
1146, 17846
1150, 17783
1154, 18020
1158, 17668
1162, 17539
1166, 17320
1170, 17473
1174, 17176
1178, 17259
1182, 17066
1186, 16942
1190, 16912
1194, 16680
1198, 16707
1202, 16639
1206, 16693
1210, 16256
1214, 16336
1218, 16366
1222, 16120
1226, 16175
1230, 16058
1234, 15942
1238, 15608
1242, 15713
1246, 15508
1250, 15636
1254, 15337
1258, 15596
1262, 15409
1266, 15464
1270, 15520
1274, 15375
1278, 15528
1282, 15426
1286, 15500
1290, 15462
1294, 15302
1298, 15525
1302, 15321
1306, 15295
1310, 15342
1314, 15220
1318, 15013
1322, 14969
1326, 14823
1330, 14948
1334, 14793
1338, 14901
1342, 14691
1346, 15020
1350, 14813
1354, 14724
1358, 14456
1362, 14694
1366, 14411
1370, 14437
1374, 14189
1378, 14194
1382, 14249
1386, 13883
1390, 14063
1394, 14023
1398, 13815
1402, 14008
1406, 13986
1410, 13936
1414, 13812
1418, 13944
1422, 13695
1426, 13509
1430, 13462
1434, 13510
1438, 13360
1442, 13650
1446, 13212
1450, 13058
1454, 13248
1458, 13030
1462, 13254
1466, 13187
1470, 12814
1474, 12687
1478, 12708
1482, 12799
1486, 12766
1490, 12823
1494, 12523
1498, 12725
1502, 12656
1506, 12708
1510, 12518
1514, 12436
1518, 12345
1522, 12284
1526, 12305
1530, 12271
1534, 12021
1538, 12036
1542, 12103
1546, 11976
1550, 12046
1554, 12040
1558, 11914
1562, 11743
1566, 11969
1570, 12009
1574, 11784
1578, 11828
1582, 11667
1586, 11472
1590, 11788
1594, 11578
1598, 11442
1602, 11559
1606, 11498
1610, 11504
1614, 11303
1618, 11393
1622, 11331
1626, 11268
1630, 11277
1634, 11197
1638, 11069
1642, 11188
1646, 11093
1650, 11079
1654, 11018
1658, 10975
1662, 11058
1666, 11069
1670, 10840
1674, 10841
1678, 10906
1682, 10866
1686, 10738
1690, 10743
1694, 10674
1698, 10896
1702, 10637
1706, 10618
1710, 10937
1714, 10519
1718, 10675
1722, 10488
1726, 10593
1730, 10497
1734, 10674
1738, 10441
1742, 10552
1746, 10328
1750, 10436
1754, 10281
1758, 10465
1762, 10482
1766, 10405
1770, 10407
1774, 10184
1778, 10331
1782, 10408
1786, 10372
1790, 10277
1794, 10427
1798, 10429
1802, 10432
1806, 10305
1810, 10227
1814, 10419
1818, 10251
1822, 10182
1826, 10186
1830, 10228
1834, 10236
1838, 10067
1842, 10297
1846, 10109
1850, 10102
1854, 10058
1858, 10222
1862, 9964
1866, 10274
1870, 10111
1874, 10053
1878, 10027
1882, 10007
1886, 10083
1890, 9941
1894, 10063
1898, 10196
1902, 10027
1906, 10155
1910, 10104
1914, 10034
1918, 10001
1922, 9995
1926, 9974
1930, 10107
1934, 9891
1938, 9943
1942, 9977
1946, 10101
1950, 10132
1954, 10100
1958, 10142
1962, 9806
1966, 10057
1970, 10063
1974, 10245
1978, 9863
1982, 10116
1986, 10124
1990, 10271
1994, 10144
1998, 10251
2002, 10174
2006, 10016
2010, 10017
2014, 10213
2018, 10168
2022, 10006
2026, 10307
2030, 10173
2034, 10206
2038, 10192
2042, 10101
2046, 10206
2050, 10164
2054, 10135
2058, 10183
2062, 10349
2066, 10258
2070, 10310
2074, 10124
2078, 10296
2082, 10301
2086, 10362
2090, 10458
2094, 10535
2098, 10298
2102, 10329
2106, 10264
2110, 10479
2114, 10182
2118, 10570
2122, 10641
2126, 10373
2130, 10399
2134, 10282
2138, 10549
2142, 10470
2146, 10462
2150, 10311
2154, 10544
2158, 10491
2162, 10381
2166, 10187
2170, 10507
2174, 10439
2178, 10327
2182, 10189
2186, 10207
2190, 10332
2194, 10324
2198, 10060
2202, 10097
2206, 10089
2210, 10079
2214, 10046
2218, 9995
2222, 9971
2226, 9943
2230, 9971
2234, 9865
2238, 9847
2242, 9954
2246, 9858
2250, 9535
2254, 9584
2258, 9438
2262, 9231
2266, 9372
2270, 9201
2274, 9005
2278, 8836
2282, 8605
2286, 8502
2290, 8161
2294, 7919
2298, 7882
2302, 7524
2306, 7286
2310, 7356
2314, 7203
2318, 7141
2322, 6810
2326, 6914
2330, 6822
2334, 6682
2338, 6645
2342, 6539
2346, 6408
2350, 6439
2354, 6428
2358, 6242
2362, 6281
2366, 6033
2370, 6000
2374, 6091
2378, 6075
2382, 6063
2386, 6000
2390, 5985
2394, 5866
2398, 5931
2402, 5721
2406, 5792
2410, 5785
2414, 5617
2418, 5725
2422, 5603
2426, 5650
2430, 5556
2434, 5472
2438, 5426
2442, 5444
2446, 5392
2450, 5296
2454, 5390
2458, 5299
2462, 5221
2466, 5229
2470, 5180
2474, 5239
2478, 5028
2482, 5071
2486, 5072
2490, 5053
2494, 5062
2498, 4986
2502, 5011
2506, 4820
2510, 4945
2514, 4938
2518, 4854
2522, 4763
2526, 4781
2530, 4721
2534, 4789
2538, 4515
2542, 4730
2546, 4631
2550, 4700
2554, 4613
2558, 4478
2562, 4408
2566, 4441
2570, 4331
2574, 4367
2578, 4378
2582, 4340
2586, 4295
2590, 4244
2594, 4140
2598, 4257
2602, 4111
2606, 4067
2610, 4070
2614, 4101
2618, 4155
2622, 4019
2626, 4014
2630, 4037
2634, 3900
2638, 3924
2642, 3959
2646, 3785
2650, 3798
2654, 3767
2658, 3698
2662, 3712
2666, 3417
2670, 3715
2674, 3614
2678, 3714
2682, 3567
2686, 3599
2690, 3451
2694, 3494
2698, 3545
2702, 3560
2706, 3380
2710, 3376
2714, 3443
2718, 3489
2722, 3352
2726, 3410
2730, 3397
2734, 3562
2738, 3569
2742, 3628
2746, 3561
2750, 3369
2754, 3361
2758, 3244
2762, 3241
2766, 3262
2770, 3229
2774, 3118
2778, 3176
2782, 3153
2786, 3159
2790, 3092
2794, 3118
2798, 2989
2802, 3127
2806, 3071
2810, 2930
2814, 3031
2818, 3188
2822, 3049
2826, 3053
2830, 3141
2834, 3127
2838, 3249
2842, 3466
2846, 4035
2850, 4731
2854, 5536
2858, 6163
2862, 6527
2866, 6136
2870, 5560
2874, 4787
2878, 4142
2882, 3855
2886, 3613
2890, 3334
2894, 3248
2898, 3044
2902, 3093
2906, 2906
2910, 2970
2914, 2929
2918, 2825
2922, 2859
2926, 2747
2930, 2793
2934, 2708
2938, 2644
2942, 2707
2946, 2716
2950, 2647
2954, 2701
2958, 2683
2962, 2698
2966, 2571
2970, 2575
2974, 2614
2978, 2539
2982, 2644
2986, 2562
2990, 2631
2994, 2407
2998, 2513
3002, 2465
3006, 2560
3010, 2468
3014, 2557
3018, 2533
3022, 2493
3026, 2551
3030, 2447
3034, 2491
3038, 2392
3042, 2398
3046, 2500
3050, 2395
3054, 2453
3058, 2488
3062, 2556
3066, 2469
3070, 2447
3074, 2439
3078, 2452
3082, 2517
3086, 2496
3090, 2408
3094, 2440
3098, 2480
3102, 2365
3106, 2479
3110, 2565
3114, 2523
3118, 2503
3122, 2509
3126, 2536
3130, 2735
3134, 2677
3138, 2856
3142, 3356
3146, 4196
3150, 6374
3154, 10558
3158, 16438
3162, 22216
3166, 26077
3170, 25715
3174, 21160
3178, 16461
3182, 12195
3186, 9145
3190, 7006
3194, 5188
3198, 4279
3202, 3526
3206, 3240
3210, 3177
3214, 3280
3218, 3267
3222, 3422
3226, 3373
3230, 3249
3234, 3218
3238, 3282
3242, 3423
3246, 3691
3250, 4069
3254, 4452
3258, 5132
3262, 6785
3266, 10410
3270, 19255
3274, 36503
3278, 63896
3282, 97854
3286, 127181
3290, 140099
3294, 131044
3298, 105295
3302, 75070
3306, 48592
3310, 28687
3314, 16833
3318, 9967
3322, 6859
3326, 5980
3330, 5782
3334, 5927
3338, 5858
3342, 5382
3346, 4735
3350, 3988
3354, 3543
3358, 3381
3362, 3336
3366, 3138
3370, 2889
3374, 2641
3378, 2498
3382, 2285
3386, 2300
3390, 2232
3394, 2027
3398, 1939
3402, 1763
3406, 1646
3410, 1575
3414, 1571
3418, 1610
3422, 1592
3426, 1677
3430, 1627
3434, 1661
3438, 1539
3442, 1595
3446, 1593
3450, 1578
3454, 1596
3458, 1690
3462, 1606
3466, 1662
3470, 1547
3474, 1582
3478, 1481
3482, 1392
3486, 1440
3490, 1448
3494, 1392
3498, 1314
3502, 1307
3506, 1327
3510, 1334
3514, 1386
3518, 1372
3522, 1339
3526, 1391
3530, 1386
3534, 1296
3538, 1357
3542, 1302
3546, 1385
3550, 1384
3554, 1323
3558, 1403
3562, 1360
3566, 1314
3570, 1441
3574, 1379
3578, 1363
3582, 1385
3586, 1369
3590, 1315
3594, 1338
3598, 1381
3602, 1362
3606, 1415
3610, 1333
3614, 1293
3618, 1363
3622, 1369
3626, 1326
3630, 1340
3634, 1405
3638, 1395
3642, 1356
3646, 1367
3650, 1303
3654, 1350
3658, 1312
3662, 1368
3666, 1321
3670, 1378
3674, 1322
3678, 1286
3682, 1446
3686, 1290
3690, 1301
3694, 1293
3698, 1301
3702, 1336
3706, 1344
3710, 1243
3714, 1329
3718, 1379
3722, 1337
3726, 1348
3730, 1349
3734, 1382
3738, 1323
3742, 1390
3746, 1354
3750, 1288
3754, 1314
3758, 1310
3762, 1255
3766, 1309
3770, 1321
3774, 1323
3778, 1392
3782, 1357
3786, 1349
3790, 1363
3794, 1328
3798, 1346
3802, 1367
3806, 1309
3810, 1382
3814, 1295
3818, 1285
3822, 1314
3826, 1333
3830, 1270
3834, 1334
3838, 1290
3842, 1255
3846, 1300
3850, 1325
3854, 1266
3858, 1294
3862, 1334
3866, 1348
3870, 1325
3874, 1318
3878, 1237
3882, 1304
3886, 1339
3890, 1288
3894, 1278
3898, 1355
3902, 1257
3906, 1289
3910, 1315
3914, 1362
3918, 1261
3922, 1370
3926, 1299
3930, 1242
3934, 1326
3938, 1269
3942, 1340
3946, 1313
3950, 1322
3954, 1234
3958, 1242
3962, 1274
3966, 1263
3970, 1265
3974, 1335
3978, 1292
3982, 1236
3986, 1288
3990, 1272
3994, 1241
3998, 1280
4002, 1250
4006, 1264
4010, 1277
4014, 1291
4018, 1213
4022, 1296
4026, 1246
4030, 1285
4034, 1282
4038, 1277
4042, 1254
4046, 1269
4050, 1292
4054, 1266
4058, 1239
4062, 1242
4066, 1217
4070, 1315
4074, 1211
4078, 1203
4082, 1270
4086, 1206
4090, 1228
4094, 1249
4098, 1297
4102, 1154
4106, 1173
4110, 1210
4114, 1137
4118, 1365
4122, 1221
4126, 1257
4130, 1281
4134, 1240
4138, 1211
4142, 1274
4146, 1273
4150, 1223
4154, 1221
4158, 1254
4162, 1268
4166, 1198
4170, 1284
4174, 1207
4178, 1230
4182, 1221
4186, 1254
4190, 1201
4194, 1227
4198, 1284
4202, 1149
4206, 1264
4210, 1194
4214, 1194
4218, 1194
4222, 1213
4226, 1239
4230, 1218
4234, 1203
4238, 1237
4242, 1193
4246, 1197
4250, 1181
4254, 1215
4258, 1259
4262, 1245
4266, 1299
4270, 1212
4274, 1209
4278, 1213
4282, 1233
4286, 1221
4290, 1194
4294, 1220
4298, 1190
4302, 1173
4306, 1210
4310, 1188
4314, 1207
4318, 1184
4322, 1192
4326, 1131
4330, 1228
4334, 1174
4338, 1144
4342, 1217
4346, 1237
4350, 1230
4354, 1175
4358, 1219
4362, 1245
4366, 1251
4370, 1215
4374, 1202
4378, 1204
4382, 1252
4386, 1121
4390, 1209
4394, 1185
4398, 1201
4402, 1204
4406, 1138
4410, 1203
4414, 1201
4418, 1204
4422, 1138
4426, 1243
4430, 1205
4434, 1163
4438, 1175
4442, 1144
4446, 1180
4450, 1189
4454, 1224
4458, 1198
4462, 1181
4466, 1261
4470, 1164
4474, 1165
4478, 1258
4482, 1111
4486, 1159
4490, 1156
4494, 1181
4498, 1161
4502, 1147
4506, 1166
4510, 1140
4514, 1166
4518, 1195
4522, 1245
4526, 1282
4530, 1306
4534, 1362
4538, 1340
4542, 1311
4546, 1261
4550, 1159
4554, 1198
4558, 1220
4562, 1150
4566, 1189
4570, 1181
4574, 1153
4578, 1147
4582, 1135
4586, 1181
4590, 1165
4594, 1123
4598, 1191
4602, 1197
4606, 1168
4610, 1150
4614, 1148
4618, 1206
4622, 1169
4626, 1092
4630, 1176
4634, 1160
4638, 1147
4642, 1168
4646, 1152
4650, 1184
4654, 1177
4658, 1155
4662, 1140
4666, 1191
4670, 1113
4674, 1080
4678, 1148
4682, 1160
4686, 1122
4690, 1149
4694, 1214
4698, 1121
4702, 1127
4706, 1178
4710, 1132
4714, 1174
4718, 1154
4722, 1153
4726, 1113
4730, 1116
4734, 1156
4738, 1128
4742, 1110
4746, 1122
4750, 1164
4754, 1142
4758, 1202
4762, 1136
4766, 1192
4770, 1124
4774, 1130
4778, 1151
4782, 1168
4786, 1120
4790, 1100
4794, 1141
4798, 1111
4802, 1138
4806, 1159
4810, 1182
4814, 1158
4818, 1127
4822, 1234
4826, 1245
4830, 1250
4834, 1341
4838, 1321
4842, 1298
4846, 1239
4850, 1248
4854, 1179
4858, 1174
4862, 1182
4866, 1147
4870, 1168
4874, 1173
4878, 1129
4882, 1113
4886, 1113
4890, 1111
4894, 1091
4898, 1131
4902, 1179
4906, 1158
4910, 1145
4914, 1194
4918, 1148
4922, 1184
4926, 1096
4930, 1187
4934, 1181
4938, 1161
4942, 1134
4946, 1168
4950, 1121
4954, 1133
4958, 1115
4962, 1112
4966, 1149
4970, 1155
4974, 1107
4978, 1127
4982, 1128
4986, 1166
4990, 1158
4994, 1123
4998, 1172
5002, 1150
5006, 1086
5010, 1130
5014, 1079
5018, 1144
5022, 1097
5026, 1147
5030, 1186
5034, 1181
5038, 1119
5042, 1136
5046, 1113
5050, 1128
5054, 1157
5058, 1162
5062, 1120
5066, 1152
5070, 1169
5074, 1129
5078, 1146
5082, 1111
5086, 1108
5090, 1144
5094, 1081
5098, 1117
5102, 1139
5106, 1100
5110, 1126
5114, 1100
5118, 1108
5122, 1095
5126, 1137
5130, 1138
5134, 1083
5138, 1108
5142, 1108
5146, 1116
5150, 1136
5154, 1100
5158, 1124
5162, 1070
5166, 1212
5170, 1085
5174, 1090
5178, 1098
5182, 1096
5186, 1120
5190, 1147
5194, 1170
5198, 1086
5202, 1145
5206, 1134
5210, 1105
5214, 1103
5218, 1134
5222, 1092
5226, 1101
5230, 1092
5234, 1131
5238, 1129
5242, 1130
5246, 1074
5250, 1084
5254, 1056
5258, 1122
5262, 1101
5266, 1118
5270, 1108
5274, 1111
5278, 1153
5282, 1078
5286, 1153
5290, 1081
5294, 1108
5298, 1073
5302, 1189
5306, 1063
5310, 1117
5314, 1086
5318, 1086
5322, 1170
5326, 1088
5330, 1114
5334, 1083
5338, 1180
5342, 1093
5346, 1078
5350, 1107
5354, 1128
5358, 1084
5362, 1111
5366, 1071
5370, 1135
5374, 1080
5378, 1114
5382, 1109
5386, 1047
5390, 1074
5394, 1101
5398, 1096
5402, 1105
5406, 1054
5410, 1162
5414, 1049
5418, 1133
5422, 1035
5426, 1086
5430, 1128
5434, 1141
5438, 1088
5442, 1109
5446, 1124
5450, 1100
5454, 1088
5458, 1121
5462, 1099
5466, 1019
5470, 1132
5474, 1077
5478, 1103
5482, 1074
5486, 1077
5490, 1117
5494, 1135
5498, 1052
5502, 1145
5506, 1110
5510, 1182
5514, 1127
5518, 1071
5522, 1140
5526, 1140
5530, 1142
5534, 1199
5538, 1179
5542, 1161
5546, 1330
5550, 1531
5554, 1973
5558, 2645
5562, 3538
5566, 4081
5570, 4350
5574, 4164
5578, 3416
5582, 2671
5586, 2047
5590, 1679
5594, 1446
5598, 1294
5602, 1304
5606, 1332
5610, 1284
5614, 1266
5618, 1263
5622, 1225
5626, 1266
5630, 1193
5634, 1235
5638, 1219
5642, 1199
5646, 1193
5650, 1265
5654, 1246
5658, 1169
5662, 1135
5666, 1218
5670, 1174
5674, 1135
5678, 1141
5682, 1191
5686, 1198
5690, 1189
5694, 1191
5698, 1217
5702, 1227
5706, 1256
5710, 1160
5714, 1197
5718, 1172
5722, 1166
5726, 1258
5730, 1219
5734, 1246
5738, 1198
5742, 1175
5746, 1255
5750, 1127
5754, 1236
5758, 1176
5762, 1241
5766, 1180
5770, 1140
5774, 1212
5778, 1155
5782, 1215
5786, 1225
5790, 1250
5794, 1158
5798, 1205
5802, 1154
5806, 1188
5810, 1218
5814, 1224
5818, 1219
5822, 1209
5826, 1249
5830, 1316
5834, 1299
5838, 1350
5842, 1243
5846, 1292
5850, 1293
5854, 1209
5858, 1205
5862, 1226
5866, 1180
5870, 1146
5874, 1152
5878, 1216
5882, 1275
5886, 1202
5890, 1159
5894, 1224
5898, 1207
5902, 1241
5906, 1189
5910, 1220
5914, 1222
5918, 1242
5922, 1236
5926, 1165
5930, 1170
5934, 1187
5938, 1138
5942, 1176
5946, 1236
5950, 1191
5954, 1226
5958, 1218
5962, 1182
5966, 1207
5970, 1259
5974, 1223
5978, 1221
5982, 1198
5986, 1227
5990, 1198
5994, 1252
5998, 1263
6002, 1200
6006, 1250
6010, 1194
6014, 1234
6018, 1212
6022, 1253
6026, 1193
6030, 1223
6034, 1175
6038, 1270
6042, 1177
6046, 1221
6050, 1190
6054, 1240
6058, 1241
6062, 1218
6066, 1224
6070, 1203
6074, 1183
6078, 1199
6082, 1232
6086, 1229
6090, 1206
6094, 1228
6098, 1165
6102, 1227
6106, 1235
6110, 1236
6114, 1214
6118, 1173
6122, 1196
6126, 1146
6130, 1142
6134, 1244
6138, 1179
6142, 1180
6146, 1221
6150, 1181
6154, 1172
6158, 1200
6162, 1203
6166, 1249
6170, 1190
6174, 1191
6178, 1177
6182, 1188
6186, 1215
6190, 1238
6194, 1244
6198, 1195
6202, 1239
6206, 1219
6210, 1194
6214, 1226
6218, 1212
6222, 1245
6226, 1169
6230, 1181
6234, 1209
6238, 1232
6242, 1244
6246, 1203
6250, 1238
6254, 1191
6258, 1201
6262, 1144
6266, 1227
6270, 1191
6274, 1194
6278, 1187
6282, 1162
6286, 1198
6290, 1202
6294, 1242
6298, 1188
6302, 1166
6306, 1239
6310, 1223
6314, 1167
6318, 1156
6322, 1137
6326, 1292
6330, 1165
6334, 1169
6338, 1202
6342, 1158
6346, 1185
6350, 1269
6354, 1217
6358, 1211
6362, 1156
6366, 1193
6370, 1204
6374, 1231
6378, 1130
6382, 1174
6386, 1157
6390, 1192
6394, 1189
6398, 1203
6402, 1222
6406, 1126
6410, 1178
6414, 1116
6418, 1241
6422, 1217
6426, 1199
6430, 1157
6434, 1232
6438, 1221
6442, 1251
6446, 1221
6450, 1169
6454, 1267
6458, 1243
6462, 1250
6466, 1195
6470, 1193
6474, 1175
6478, 1147
6482, 1243
6486, 1278
6490, 1153
6494, 1175
6498, 1174
6502, 1225
6506, 1167
6510, 1224
6514, 1204
6518, 1155
6522, 1174
6526, 1181
6530, 1243
6534, 1218
6538, 1181
6542, 1246
6546, 1262
6550, 1203
6554, 1188
6558, 1237
6562, 1223
6566, 1246
6570, 1211
6574, 1212
6578, 1188
6582, 1235
6586, 1260
6590, 1234
6594, 1165
6598, 1261
6602, 1250
6606, 1246
6610, 1215
6614, 1230
6618, 1244
6622, 1199
6626, 1222
6630, 1218
6634, 1139
6638, 1245
6642, 1179
6646, 1207
6650, 1247
6654, 1180
6658, 1203
6662, 1242
6666, 1278
6670, 1248
6674, 1183
6678, 1272
6682, 1178
6686, 1127
6690, 1155
6694, 1280
6698, 1244
6702, 1193
6706, 1183
6710, 1208
6714, 1177
6718, 1214
6722, 1176
6726, 1165
6730, 1176
6734, 1186
6738, 1122
6742, 1161
6746, 1168
6750, 1153
6754, 1194
6758, 1158
6762, 1227
6766, 1147
6770, 1199
6774, 1204
6778, 1165
6782, 1206
6786, 1204
6790, 1149
6794, 1201
6798, 1161
6802, 1205
6806, 1169
6810, 1290
6814, 1237
6818, 1227
6822, 1226
6826, 1229
6830, 1244
6834, 1200
6838, 1229
6842, 1236
6846, 1175
6850, 1251
6854, 1165
6858, 1219
6862, 1124
6866, 1207
6870, 1208
6874, 1199
6878, 1178
6882, 1094
6886, 1236
6890, 1230
6894, 1212
6898, 1189
6902, 1200
6906, 1218
6910, 1185
6914, 1173
6918, 1212
6922, 1244
6926, 1215
6930, 1239
6934, 1223
6938, 1174
6942, 1181
6946, 1211
6950, 1217
6954, 1219
6958, 1236
6962, 1138
6966, 1263
6970, 1198
6974, 1191
6978, 1198
6982, 1236
6986, 1204
6990, 1235
6994, 1199
6998, 1229
7002, 1269
7006, 1238
7010, 1188
7014, 1154
7018, 1255
7022, 1230
7026, 1185
7030, 1224
7034, 1124
7038, 1215
7042, 1160
7046, 1191
7050, 1221
7054, 1214
7058, 1248
7062, 1276
7066, 1270
7070, 1225
7074, 1230
7078, 1249
7082, 1274
7086, 1227
7090, 1223
7094, 1227
7098, 1231
7102, 1264
7106, 1270
7110, 1203
7114, 1283
7118, 1305
7122, 1257
7126, 1253
7130, 1219
7134, 1238
7138, 1276
7142, 1215
7146, 1237
7150, 1291
7154, 1235
7158, 1255
7162, 1280
7166, 1262
7170, 1315
7174, 1287
7178, 1203
7182, 1261
7186, 1211
7190, 1253
7194, 1289
7198, 1174
7202, 1235
7206, 1307
7210, 1325
7214, 1248
7218, 1205
7222, 1191
7226, 1218
7230, 1350
7234, 1288
7238, 1249
7242, 1300
7246, 1288
7250, 1248
7254, 1284
7258, 1345
7262, 1405
7266, 1551
7270, 1671
7274, 1931
7278, 2374
7282, 2721
7286, 2647
7290, 2300
7294, 2069
7298, 1740
7302, 1569
7306, 1473
7310, 1453
7314, 1365
7318, 1329
7322, 1310
7326, 1385
7330, 1301
7334, 1318
7338, 1352
7342, 1346
7346, 1246
7350, 1269
7354, 1268
7358, 1320
7362, 1259
7366, 1245
7370, 1279
7374, 1332
7378, 1269
7382, 1303
7386, 1307
7390, 1289
7394, 1316
7398, 1290
7402, 1285
7406, 1324
7410, 1324
7414, 1281
7418, 1244
7422, 1350
7426, 1240
7430, 1291
7434, 1294
7438, 1336
7442, 1308
7446, 1215
7450, 1274
7454, 1308
7458, 1377
7462, 1309
7466, 1231
7470, 1215
7474, 1240
7478, 1297
7482, 1325
7486, 1257
7490, 1326
7494, 1272
7498, 1311
7502, 1313
7506, 1183
7510, 1286
7514, 1276
7518, 1215
7522, 1298
7526, 1334
7530, 1283
7534, 1235
7538, 1280
7542, 1296
7546, 1261
7550, 1311
7554, 1270
7558, 1276
7562, 1228
7566, 1293
7570, 1287
7574, 1269
7578, 1267
7582, 1207
7586, 1249
7590, 1342
7594, 1212
7598, 1301
7602, 1222
7606, 1214
7610, 1227
7614, 1240
7618, 1259
7622, 1340
7626, 1301
7630, 1225
7634, 1258
7638, 1279
7642, 1250
7646, 1261
7650, 1218
7654, 1215
7658, 1270
7662, 1263
7666, 1314
7670, 1281
7674, 1282
7678, 1259
7682, 1321
7686, 1343
7690, 1284
7694, 1339
7698, 1350
7702, 1307
7706, 1315
7710, 1374
7714, 1335
7718, 1320
7722, 1293
7726, 1343
7730, 1342
7734, 1350
7738, 1328
7742, 1308
7746, 1336
7750, 1333
7754, 1301
7758, 1277
7762, 1291
7766, 1359
7770, 1300
7774, 1269
7778, 1266
7782, 1298
7786, 1238
7790, 1217
7794, 1257
7798, 1257
7802, 1239
7806, 1243
7810, 1291
7814, 1298
7818, 1384
7822, 1269
7826, 1320
7830, 1324
7834, 1377
7838, 1301
7842, 1254
7846, 1229
7850, 1296
7854, 1287
7858, 1298
7862, 1266
7866, 1299
7870, 1318
7874, 1336
7878, 1270
7882, 1283
7886, 1283
7890, 1249
7894, 1297
7898, 1286
7902, 1293
7906, 1350
7910, 1313
7914, 1296
7918, 1297
7922, 1278
7926, 1304
7930, 1273
7934, 1297
7938, 1310
7942, 1285
7946, 1286
7950, 1257
7954, 1315
7958, 1256
7962, 1339
7966, 1331
7970, 1396
7974, 1345
7978, 1270
7982, 1384
7986, 1309
7990, 1282
7994, 1281
7998, 1315
8002, 1346
8006, 1292
8010, 1285
8014, 1336
8018, 1371
8022, 1277
8026, 1329
8030, 1330
8034, 1337
8038, 1304
8042, 1377
8046, 1317
8050, 1386
8054, 1348
8058, 1326
8062, 1372
8066, 1362
8070, 1308
8074, 1375
8078, 1332
8082, 1304
8086, 1345
8090, 1376
8094, 1319
8098, 1328
8102, 1331
8106, 1356
8110, 1365
8114, 1351
8118, 1369
8122, 1346
8126, 1341
8130, 1280
8134, 1340
8138, 1362
8142, 1397
8146, 1312
8150, 1326
8154, 1348
8158, 1376
8162, 1369
8166, 1391
8170, 1316
8174, 1363
8178, 1493
8182, 1436
8186, 1261
8190, 1341
8194, 1454
8198, 1362
8202, 1399
8206, 1467
8210, 1446
8214, 1421
8218, 1461
8222, 1357
8226, 1406
8230, 1307
8234, 1380
8238, 1392
8242, 1398
8246, 1352
8250, 1389
8254, 1365
8258, 1359
8262, 1345
8266, 1439
8270, 1382
8274, 1442
8278, 1374
8282, 1387
8286, 1442
8290, 1414
8294, 1448
8298, 1388
8302, 1347
8306, 1386
8310, 1367
8314, 1411
8318, 1337
8322, 1452
8326, 1416
8330, 1428
8334, 1486
8338, 1398
8342, 1417
8346, 1440
8350, 1417
8354, 1428
8358, 1449
8362, 1386
8366, 1536
8370, 1458
8374, 1426
8378, 1492
8382, 1416
8386, 1475
8390, 1471
8394, 1475
8398, 1547
8402, 1518
8406, 1505
8410, 1616
8414, 1726
8418, 1899
8422, 2378
8426, 2930
8430, 3549
8434, 4252
8438, 4474
8442, 4365
8446, 3848
8450, 3384
8454, 2774
8458, 2307
8462, 2033
8466, 1784
8470, 1691
8474, 1546
8478, 1564
8482, 1572
8486, 1546
8490, 1504
8494, 1548
8498, 1578
8502, 1546
8506, 1534
8510, 1544
8514, 1537
8518, 1590
8522, 1530
8526, 1525
8530, 1552
8534, 1580
8538, 1493
8542, 1534
8546, 1520
8550, 1551
8554, 1532
8558, 1537
8562, 1638
8566, 1518
8570, 1582
8574, 1570
8578, 1558
8582, 1567
8586, 1583
8590, 1587
8594, 1549
8598, 1459
8602, 1577
8606, 1544
8610, 1562
8614, 1524
8618, 1570
8622, 1503
8626, 1570
8630, 1547
8634, 1550
8638, 1454
8642, 1535
8646, 1563
8650, 1570
8654, 1577
8658, 1554
8662, 1577
8666, 1510
8670, 1663
8674, 1566
8678, 1597
8682, 1527
8686, 1639
8690, 1615
8694, 1642
8698, 1550
8702, 1620
8706, 1631
8710, 1586
8714, 1552
8718, 1678
8722, 1631
8726, 1709
8730, 1824
8734, 1884
8738, 2037
8742, 2027
8746, 1899
8750, 1820
8754, 1725
8758, 1627
8762, 1667
8766, 1638
8770, 1580
8774, 1621
8778, 1573
8782, 1590
8786, 1729
8790, 1712
8794, 1697
8798, 1640
8802, 1596
8806, 1640
8810, 1671
8814, 1670
8818, 1631
8822, 1635
8826, 1719
8830, 1682
8834, 1659
8838, 1729
8842, 1595
8846, 1684
8850, 1727
8854, 1698
8858, 1611
8862, 1659
8866, 1697
8870, 1736
8874, 1693
8878, 1625
8882, 1688
8886, 1625
8890, 1633
8894, 1653
8898, 1734
8902, 1616
8906, 1681
8910, 1660
8914, 1714
8918, 1750
8922, 1732
8926, 1701
8930, 1678
8934, 1766
8938, 1687
8942, 1776
8946, 1700
8950, 1758
8954, 1653
8958, 1743
8962, 1707
8966, 1668
8970, 1739
8974, 1789
8978, 1710
8982, 1723
8986, 1746
8990, 1705
8994, 1765
8998, 1694
9002, 1721
9006, 1731
9010, 1737
9014, 1754
9018, 1732
9022, 1755
9026, 1748
9030, 1753
9034, 1783
9038, 1737
9042, 1849
9046, 1731
9050, 1825
9054, 1814
9058, 1808
9062, 1780
9066, 1769
9070, 1792
9074, 1693
9078, 1814
9082, 1786
9086, 1780
9090, 1813
9094, 1781
9098, 1854
9102, 1821
9106, 1787
9110, 1783
9114, 1935
9118, 1820
9122, 1823
9126, 1896
9130, 1825
9134, 1775
9138, 1816
9142, 1926
9146, 1841
9150, 1804
9154, 1851
9158, 1869
9162, 1806
9166, 1808
9170, 1915
9174, 1908
9178, 1823
9182, 1746
9186, 1855
9190, 1883
9194, 1855
9198, 1868
9202, 1900
9206, 1814
9210, 1895
9214, 1821
9218, 1901
9222, 1847
9226, 1948
9230, 1933
9234, 1936
9238, 1944
9242, 1854
9246, 1890
9250, 1895
9254, 1962
9258, 1987
9262, 1939
9266, 1974
9270, 1993
9274, 1893
9278, 1972
9282, 1958
9286, 1916
9290, 1977
9294, 1934
9298, 1931
9302, 1931
9306, 1950
9310, 2116
9314, 2023
9318, 2056
9322, 1946
9326, 2030
9330, 1911
9334, 2073
9338, 1971
9342, 1999
9346, 1990
9350, 2057
9354, 2082
9358, 2020
9362, 2026
9366, 2027
9370, 2031
9374, 2068
9378, 2160
9382, 2072
9386, 2098
9390, 2052
9394, 2128
9398, 2127
9402, 2052
9406, 2091
9410, 2041
9414, 2104
9418, 1976
9422, 2117
9426, 2167
9430, 2056
9434, 2005
9438, 2134
9442, 2139
9446, 2072
9450, 2151
9454, 2129
9458, 2098
9462, 2112
9466, 2180
9470, 2191
9474, 2146
9478, 2059
9482, 2177
9486, 2121
9490, 2186
9494, 2177
9498, 2227
9502, 2248
9506, 2247
9510, 2157
9514, 2182
9518, 2210
9522, 2185
9526, 2205
9530, 2260
9534, 2172
9538, 2257
9542, 2172
9546, 2134
9550, 2225
9554, 2213
9558, 2260
9562, 2166
9566, 2339
9570, 2272
9574, 2254
9578, 2243
9582, 2284
9586, 2326
9590, 2355
9594, 2322
9598, 2273
9602, 2294
9606, 2269
9610, 2289
9614, 2341
9618, 2383
9622, 2281
9626, 2281
9630, 2376
9634, 2181
9638, 2397
9642, 2270
9646, 2321
9650, 2412
9654, 2423
9658, 2398
9662, 2417
9666, 2278
9670, 2404
9674, 2420
9678, 2443
9682, 2454
9686, 2493
9690, 2403
9694, 2429
9698, 2463
9702, 2486
9706, 2450
9710, 2527
9714, 2504
9718, 2450
9722, 2440
9726, 2451
9730, 2570
9734, 2422
9738, 2465
9742, 2497
9746, 2494
9750, 2599
9754, 2604
9758, 2611
9762, 2569
9766, 2561
9770, 2615
9774, 2657
9778, 2624
9782, 2568
9786, 2555
9790, 2582
9794, 2616
9798, 2712
9802, 2552
9806, 2582
9810, 2606
9814, 2649
9818, 2542
9822, 2624
9826, 2644
9830, 2526
9834, 2708
9838, 2669
9842, 2669
9846, 2682
9850, 2720
9854, 2596
9858, 2752
9862, 2720
9866, 2798
9870, 2694
9874, 2699
9878, 2807
9882, 2729
9886, 2684
9890, 2735
9894, 2743
9898, 2664
9902, 2790
9906, 2720
9910, 2755
9914, 2759
9918, 2904
9922, 2769
9926, 2793
9930, 2757
9934, 2672
9938, 2779
9942, 2861
9946, 2843
9950, 2743
9954, 2836
9958, 2785
9962, 2690
9966, 2808
9970, 2703
9974, 2673
9978, 2760
9982, 2740
9986, 2720
9990, 2672
9994, 2721
9998, 2655
10002, 2681
10006, 2700
10010, 2526
10014, 2572
10018, 2519
10022, 2515
10026, 2391
10030, 2352
10034, 2383
10038, 2328
10042, 2186
10046, 2160
10050, 2175
10054, 2154
10058, 2083
10062, 2075
10066, 2062
10070, 2002
10074, 1989
10078, 1929
10082, 1906
10086, 1928
10090, 1937
10094, 1849
10098, 1895
10102, 1856
10106, 1892
10110, 1773
10114, 1757
10118, 1713
10122, 1771
10126, 1840
10130, 1689
10134, 1772
10138, 1800
10142, 1737
10146, 1662
10150, 1627
10154, 1749
10158, 1779
10162, 1636
10166, 1621
10170, 1681
10174, 1683
10178, 1695
10182, 1663
10186, 1619
10190, 1640
10194, 1563
10198, 1586
10202, 1655
10206, 1643
10210, 1595
10214, 1533
10218, 1669
10222, 1582
10226, 1551
10230, 1504
10234, 1488
10238, 1523
10242, 1509
10246, 1570
10250, 1562
10254, 1562
10258, 1590
10262, 1566
10266, 1496
10270, 1496
10274, 1439
10278, 1421
10282, 1474
10286, 1499
10290, 1463
10294, 1409
10298, 1493
10302, 1438
10306, 1523
10310, 1501
10314, 1441
10318, 1425
10322, 1404
10326, 1396
10330, 1346
10334, 1442
10338, 1392
10342, 1432
10346, 1358
10350, 1402
10354, 1359
10358, 1352
10362, 1430
10366, 1346
10370, 1372
10374, 1335
10378, 1297
10382, 1412
10386, 1321
10390, 1316
10394, 1300
10398, 1340
10402, 1327
10406, 1314
10410, 1276
10414, 1278
10418, 1232
10422, 1247
10426, 1287
10430, 1276
10434, 1239
10438, 1297
10442, 1253
10446, 1207
10450, 1219
10454, 1190
10458, 1286
10462, 1205
10466, 1200
10470, 1201
10474, 1163
10478, 1166
10482, 1142
10486, 1161
10490, 1132
10494, 1140
10498, 1119
10502, 1120
10506, 1034
10510, 1135
10514, 1062
10518, 1017
10522, 1084
10526, 1076
10530, 1029
10534, 1008
10538, 1087
10542, 1049
10546, 1045
10550, 1013
10554, 1074
10558, 1007
10562, 1010
10566, 1018
10570, 934
10574, 920
10578, 923
10582, 904
10586, 867
10590, 920
10594, 906
10598, 860
10602, 880
10606, 864
10610, 833
10614, 787
10618, 810
10622, 821
10626, 798
10630, 763
10634, 763
10638, 756
10642, 775
10646, 800
10650, 666
10654, 680
10658, 651
10662, 666
10666, 727
10670, 728
10674, 662
10678, 692
10682, 671
10686, 664
10690, 650
10694, 706
10698, 601
10702, 625
10706, 600
10710, 586
10714, 549
10718, 612
10722, 584
10726, 592
10730, 577
10734, 534
10738, 568
10742, 525
10746, 569
10750, 535
10754, 516
10758, 479
10762, 481
10766, 502
10770, 504
10774, 500
10778, 499
10782, 464
10786, 470
10790, 468
10794, 424
10798, 500
10802, 468
10806, 465
10810, 406
10814, 433
10818, 413
10822, 456
10826, 412
10830, 428
10834, 444
10838, 518
10842, 505
10846, 471
10850, 460
10854, 419
10858, 422
10862, 405
10866, 352
10870, 439
10874, 378
10878, 412
10882, 377
10886, 370
10890, 388
10894, 349
10898, 368
10902, 358
10906, 376
10910, 353
10914, 375
10918, 378
10922, 302
10926, 310
10930, 345
10934, 330
10938, 356
10942, 369
10946, 352
10950, 361
10954, 344
10958, 324
10962, 344
10966, 347
10970, 337
10974, 327
10978, 355
10982, 318
10986, 323
10990, 317
10994, 315
10998, 340
11002, 336
11006, 361
11010, 348
11014, 320
11018, 335
11022, 310
11026, 349
11030, 335
11034, 303
11038, 322
11042, 332
11046, 324
11050, 328
11054, 302
11058, 300
11062, 322
11066, 318
11070, 313
11074, 293
11078, 312
11082, 298
11086, 317
11090, 292
11094, 279
11098, 308
11102, 313
11106, 280
11110, 314
11114, 309
11118, 303
11122, 305
11126, 294
11130, 301
11134, 284
11138, 303
11142, 304
11146, 290
11150, 320
11154, 294
11158, 273
11162, 302
11166, 292
11170, 266
11174, 307
11178, 303
11182, 302
11186, 285
11190, 297
11194, 295
11198, 273
11202, 301
11206, 295
11210, 288
11214, 288
11218, 328
11222, 308
11226, 359
11230, 356
11234, 344
11238, 391
11242, 396
11246, 399
11250, 391
11254, 425
11258, 417
11262, 442
11266, 525
11270, 504
11274, 560
11278, 581
11282, 609
11286, 686
11290, 776
11294, 903
11298, 1117
11302, 1310
11306, 2102
11310, 3286
11314, 6050
11318, 10718
11322, 18282
11326, 27668
11330, 37240
11334, 44482
11338, 46671
11342, 42882
11346, 35360
11350, 26321
11354, 19091
11358, 13781
11362, 10771
11366, 9547
11370, 8644
11374, 7682
11378, 6474
11382, 5232
11386, 3986
11390, 3204
11394, 2715
11398, 2357
11402, 2158
11406, 1808
11410, 1544
11414, 1257
11418, 1142
11422, 1038
11426, 955
11430, 887
11434, 833
11438, 717
11442, 665
11446, 582
11450, 542
11454, 484
11458, 459
11462, 445
11466, 413
11470, 309
11474, 348
11478, 276
11482, 258
11486, 256
11490, 255
11494, 242
11498, 247
11502, 239
11506, 213
11510, 206
11514, 202
11518, 183
11522, 187
11526, 182
11530, 127
11534, 122
11538, 138
11542, 121
11546, 122
11550, 137
11554, 123
11558, 143
11562, 126
11566, 121
11570, 112
11574, 125
11578, 123
11582, 132
11586, 121
11590, 107
11594, 139
11598, 132
11602, 127
11606, 132
11610, 128
11614, 137
11618, 125
11622, 163
11626, 163
11630, 170
11634, 243
11638, 292
11642, 326
11646, 369
11650, 378
11654, 396
11658, 429
11662, 380
11666, 308
11670, 275
11674, 227
11678, 193
11682, 144
11686, 168
11690, 160
11694, 131
11698, 129
11702, 142
11706, 124
11710, 133
11714, 129
11718, 119
11722, 122
11726, 124
11730, 147
11734, 157
11738, 141
11742, 125
11746, 135
11750, 138
11754, 155
11758, 146
11762, 170
11766, 148
11770, 140
11774, 153
11778, 148
11782, 174
11786, 149
11790, 162
11794, 126
11798, 149
11802, 122
11806, 115
11810, 140
11814, 153
11818, 129
11822, 128
11826, 119
11830, 144
11834, 130
11838, 137
11842, 118
11846, 138
11850, 133
11854, 121
11858, 147
11862, 151
11866, 140
11870, 127
11874, 137
11878, 143
11882, 128
11886, 131
11890, 106
11894, 141
11898, 117
11902, 132
11906, 138
11910, 157
11914, 135
11918, 147
11922, 156
11926, 151
11930, 115
11934, 132
11938, 142
11942, 131
11946, 141
11950, 145
11954, 128
11958, 134
11962, 146
11966, 131
11970, 136
11974, 126
11978, 117
11982, 144
11986, 122
11990, 129
11994, 144
11998, 149
12002, 120
12006, 146
12010, 120
12014, 145
12018, 111
12022, 143
12026, 135
12030, 112
12034, 139
12038, 134
12042, 129
12046, 124
12050, 129
12054, 122
12058, 137
12062, 124
12066, 158
12070, 153
12074, 117
12078, 133
12082, 143
12086, 158
12090, 143
12094, 130
12098, 132
12102, 135
12106, 136
12110, 125
12114, 128
12118, 149
12122, 146
12126, 116
12130, 162
12134, 143
12138, 120
12142, 127
12146, 129
12150, 125
12154, 130
12158, 152
12162, 140
12166, 138
12170, 143
12174, 143
12178, 155
12182, 139
12186, 126
12190, 143
12194, 135
12198, 140
12202, 131
12206, 132
12210, 149
12214, 143
12218, 138
12222, 147
12226, 150
12230, 135
12234, 166
12238, 151
12242, 112
12246, 149
12250, 156
12254, 142
12258, 127
12262, 129
12266, 157
12270, 139
12274, 138
12278, 122
12282, 128
12286, 112
12290, 125
12294, 108
12298, 148
12302, 133
12306, 149
12310, 142
12314, 149
12318, 132
12322, 141
12326, 161
12330, 141
12334, 145
12338, 140
12342, 152
12346, 153
12350, 153
12354, 131
12358, 137
12362, 133
12366, 138
12370, 150
12374, 124
12378, 139
12382, 129
12386, 152
12390, 155
12394, 147
12398, 130
12402, 155
12406, 152
12410, 146
12414, 133
12418, 146
12422, 152
12426, 131
12430, 150
12434, 135
12438, 163
12442, 177
12446, 145
12450, 148
12454, 132
12458, 156
12462, 160
12466, 140
12470, 149
12474, 131
12478, 139
12482, 145
12486, 139
12490, 174
12494, 141
12498, 146
12502, 155
12506, 136
12510, 143
12514, 127
12518, 175
12522, 138
12526, 117
12530, 137
12534, 160
12538, 133
12542, 148
12546, 149
12550, 139
12554, 146
12558, 137
12562, 156
12566, 163
12570, 167
12574, 160
12578, 165
12582, 150
12586, 165
12590, 131
12594, 163
12598, 147
12602, 162
12606, 145
12610, 128
12614, 149
12618, 156
12622, 156
12626, 134
12630, 153
12634, 125
12638, 137
12642, 138
12646, 138
12650, 143
12654, 144
12658, 140
12662, 155
12666, 122
12670, 156
12674, 145
12678, 149
12682, 131
12686, 164
12690, 146
12694, 147
12698, 161
12702, 141
12706, 154
12710, 151
12714, 133
12718, 170
12722, 136
12726, 125
12730, 155
12734, 159
12738, 142
12742, 133
12746, 142
12750, 151
12754, 129
12758, 158
12762, 159
12766, 135
12770, 155
12774, 148
12778, 161
12782, 158
12786, 160
12790, 134
12794, 167
12798, 153
12802, 138
12806, 159
12810, 140
12814, 155
12818, 145
12822, 155
12826, 153
12830, 168
12834, 143
12838, 162
12842, 156
12846, 129
12850, 156
12854, 155
12858, 160
12862, 140
12866, 141
12870, 145
12874, 144
12878, 159
12882, 147
12886, 163
12890, 157
12894, 172
12898, 161
12902, 166
12906, 134
12910, 140
12914, 148
12918, 153
12922, 170
12926, 185
12930, 174
12934, 194
12938, 172
12942, 142
12946, 164
12950, 162
12954, 155
12958, 173
12962, 151
12966, 177
12970, 166
12974, 138
12978, 176
12982, 181
12986, 133
12990, 145
12994, 160
12998, 137
13002, 144
13006, 143
13010, 171
13014, 178
13018, 135
13022, 156
13026, 171
13030, 165
13034, 181
13038, 164
13042, 144
13046, 169
13050, 145
13054, 180
13058, 172
13062, 155
13066, 183
13070, 148
13074, 145
13078, 144
13082, 170
13086, 164
13090, 169
13094, 168
13098, 186
13102, 154
13106, 153
13110, 158
13114, 172
13118, 150
13122, 170
13126, 152
13130, 163
13134, 138
13138, 146
13142, 137
13146, 171
13150, 188
13154, 167
13158, 153
13162, 166
13166, 174
13170, 162
13174, 148
13178, 185
13182, 131
13186, 160
13190, 168
13194, 160
13198, 164
13202, 184
13206, 142
13210, 151
13214, 156
13218, 140
13222, 163
13226, 148
13230, 167
13234, 167
13238, 142
13242, 128
13246, 130
13250, 144
13254, 122
13258, 133
13262, 107
13266, 124
13270, 101
13274, 120
13278, 130
13282, 140
13286, 146
13290, 117
13294, 99
13298, 96
13302, 109
13306, 123
13310, 124
13314, 123
13318, 117
13322, 111
13326, 107
13330, 150
13334, 128
13338, 119
13342, 144
13346, 116
13350, 124
13354, 129
13358, 129
13362, 123
13366, 126
13370, 139
13374, 133
13378, 107
13382, 111
13386, 117
13390, 110
13394, 113
13398, 105
13402, 120
13406, 107
13410, 117
13414, 106
13418, 90
13422, 93
13426, 100
13430, 127
13434, 88
13438, 108
13442, 110
13446, 111
13450, 98
13454, 109
13458, 117
13462, 105
13466, 112
13470, 105
13474, 120
13478, 125
13482, 104
13486, 129
13490, 114
13494, 99
13498, 88
13502, 84
13506, 89
13510, 87
13514, 89
13518, 109
13522, 99
13526, 101
13530, 94
13534, 91
13538, 107
13542, 84
13546, 111
13550, 115
13554, 92
13558, 86
13562, 88
13566, 92
13570, 96
13574, 94
13578, 106
13582, 128
13586, 118
13590, 124
13594, 138
13598, 130
13602, 114
13606, 122
13610, 98
13614, 103
13618, 92
13622, 95
13626, 85
13630, 91
13634, 99
13638, 115
13642, 86
13646, 93
13650, 83
13654, 94
13658, 67
13662, 79
13666, 74
13670, 96
13674, 77
13678, 86
13682, 86
13686, 87
13690, 111
13694, 111
13698, 113
13702, 113
13706, 95
13710, 87
13714, 102
13718, 92
13722, 80
13726, 77
13730, 79
13734, 80
13738, 96
13742, 70
13746, 56
13750, 65
13754, 76
13758, 74
13762, 50
13766, 60
13770, 78
13774, 82
13778, 59
13782, 74
13786, 71
13790, 64
13794, 65
13798, 61
13802, 64
13806, 58
13810, 68
13814, 60
13818, 59
13822, 66
13826, 61
13830, 49
13834, 66
13838, 52
13842, 53
13846, 61
13850, 49
13854, 57
13858, 57
13862, 48
13866, 47
13870, 43
13874, 47
13878, 50
13882, 61
13886, 42
13890, 58
13894, 56
13898, 51
13902, 52
13906, 52
13910, 46
13914, 36
13918, 35
13922, 34
13926, 44
13930, 40
13934, 36
13938, 57
13942, 41
13946, 39
13950, 38
13954, 33
13958, 49
13962, 55
13966, 39
13970, 43
13974, 42
13978, 38
13982, 30
13986, 26
13990, 33
13994, 37
13998, 27
14002, 44
14006, 45
14010, 33
14014, 28
14018, 29
14022, 29
14026, 33
14030, 24
14034, 31
14038, 31
14042, 39
14046, 49
14050, 37
14054, 37
14058, 36
14062, 35
14066, 23
14070, 34
14074, 43
14078, 28
14082, 28
14086, 37
14090, 33
14094, 32
14098, 30
14102, 28
14106, 19
14110, 17
14114, 33
14118, 37
14122, 21
14126, 29
14130, 29
14134, 27
14138, 25
14142, 27
14146, 26
14150, 38
14154, 46
14158, 50
14162, 52
14166, 82
14170, 97
14174, 102
14178, 86
14182, 82
14186, 63
14190, 44
14194, 42
14198, 43
14202, 35
14206, 31
14210, 29
14214, 25
14218, 25
14222, 26
14226, 35
14230, 23
14234, 24
14238, 22
14242, 25
14246, 26
14250, 24
14254, 29
14258, 31
14262, 22
14266, 34
14270, 34
14274, 31
14278, 20
14282, 28
14286, 27
14290, 21
14294, 13
14298, 22
14302, 26
14306, 26
14310, 21
14314, 24
14318, 14
14322, 24
14326, 36
14330, 18
14334, 20
14338, 30
14342, 27
14346, 37
14350, 25
14354, 19
14358, 21
14362, 26
14366, 16
14370, 26
14374, 30
14378, 23
14382, 32
14386, 25
14390, 18
14394, 21
14398, 29
14402, 26
14406, 17
14410, 23
14414, 32
14418, 21
14422, 30
14426, 39
14430, 27
14434, 23
14438, 24
14442, 29
14446, 26
14450, 32
14454, 36
14458, 35
14462, 37
14466, 36
14470, 44
14474, 35
14478, 48
14482, 50
14486, 65
14490, 45
14494, 79
14498, 107
14502, 130
14506, 254
14510, 421
14514, 848
14518, 1186
14522, 1665
14526, 2179
14530, 2429
14534, 2264
14538, 2004
14542, 1564
14546, 1168
14550, 816
14554, 461
14558, 301
14562, 179
14566, 161
14570, 120
14574, 118
14578, 80
14582, 86
14586, 70
14590, 52
14594, 52
14598, 52
14602, 44
14606, 44
14610, 46
14614, 42
14618, 54
14622, 56
14626, 46
14630, 107
14634, 137
14638, 208
14642, 243
14646, 326
14650, 317
14654, 315
14658, 266
14662, 237
14666, 159
14670, 113
14674, 71
14678, 58
14682, 45
14686, 39
14690, 24
14694, 36
14698, 27
14702, 40
14706, 24
14710, 22
14714, 18
14718, 25
14722, 23
14726, 22
14730, 33
14734, 27
14738, 32
14742, 33
14746, 28
14750, 23
14754, 15
14758, 12
14762, 14
14766, 17
14770, 16
14774, 12
14778, 14
14782, 11
14786, 14
14790, 14
14794, 9
14798, 18
14802, 11
14806, 10
14810, 12
14814, 16
14818, 12
14822, 10
14826, 8
14830, 13
14834, 17
14838, 10
14842, 9
14846, 9
14850, 9
14854, 4
14858, 12
14862, 10
14866, 9
14870, 8
14874, 13
14878, 9
14882, 10
14886, 10
14890, 10
14894, 10
14898, 10
14902, 10
14906, 4
14910, 12
14914, 10
14918, 12
14922, 11
14926, 9
14930, 9
14934, 11
14938, 11
14942, 15
14946, 6
14950, 6
14954, 7
14958, 11
14962, 10
14966, 8
14970, 8
14974, 3
14978, 9
14982, 5
14986, 9
14990, 14
14994, 9
14998, 9
15002, 19
15006, 3
15010, 10
15014, 7
15018, 9
15022, 8
15026, 5
15030, 8
15034, 13
15038, 10
15042, 6
15046, 9
15050, 10
15054, 10
15058, 4
15062, 15
15066, 8
15070, 8
15074, 11
15078, 8
15082, 11
15086, 7
15090, 9
15094, 15
15098, 14
15102, 12
15106, 12
15110, 9
15114, 4
15118, 13
15122, 8
15126, 7
15130, 4
15134, 7
15138, 12
15142, 10
15146, 7
15150, 6
15154, 7
15158, 8
15162, 7
15166, 9
15170, 7
15174, 15
15178, 9
15182, 4
15186, 9
15190, 4
15194, 12
15198, 9
15202, 8
15206, 13
15210, 13
15214, 12
15218, 14
15222, 9
15226, 10
15230, 12
15234, 12
15238, 15
15242, 9
15246, 21
15250, 24
15254, 23
15258, 22
15262, 9
15266, 17
15270, 13
15274, 14
15278, 4
15282, 9
15286, 8
15290, 4
15294, 8
15298, 7
15302, 5
15306, 5
15310, 5
15314, 6
15318, 11
15322, 6
15326, 10
15330, 10
15334, 8
15338, 11
15342, 12
15346, 12
15350, 16
15354, 23
15358, 17
15362, 33
15366, 44
15370, 39
15374, 39
15378, 29
15382, 24
15386, 23
15390, 21
15394, 10
15398, 6
15402, 17
15406, 12
15410, 5
15414, 7
15418, 5
15422, 9
15426, 6
15430, 11
15434, 9
15438, 9
15442, 8
15446, 11
15450, 8
15454, 8
15458, 5
15462, 8
15466, 8
15470, 11
15474, 4
15478, 9
15482, 7
15486, 10
15490, 4
15494, 4
15498, 2
15502, 9
15506, 4
15510, 2
15514, 6
15518, 3
15522, 6
15526, 4
15530, 1
15534, 6
15538, 2
15542, 7
15546, 6
15550, 5
15554, 7
15558, 6
15562, 7
15566, 2
15570, 8
15574, 6
15578, 9
15582, 7
15586, 9
15590, 7
15594, 12
15598, 8
15602, 4
15606, 6
15610, 4
15614, 8
15618, 7
15622, 5
15626, 4
15630, 2
15634, 5
15638, 1
15642, 8
15646, 7
15650, 6
15654, 13
15658, 9
15662, 13
15666, 11
15670, 10
15674, 10
15678, 11
15682, 11
15686, 11
15690, 3
15694, 9
15698, 8
15702, 9
15706, 4
15710, 7
15714, 5
15718, 8
15722, 3
15726, 5
15730, 4
15734, 6
15738, 5
15742, 10
15746, 7
15750, 8
15754, 7
15758, 5
15762, 8
15766, 6
15770, 4
15774, 6
15778, 3
15782, 1
15786, 5
15790, 5
15794, 8
15798, 8
15802, 5
15806, 7
15810, 5
15814, 2
15818, 7
15822, 8
15826, 7
15830, 4
15834, 4
15838, 3
15842, 8
15846, 4
15850, 4
15854, 2
15858, 3
15862, 7
15866, 3
15870, 5
15874, 7
15878, 2
15882, 7
15886, 3
15890, 1
15894, 3
15898, 4
15902, 4
15906, 5
15910, 6
15914, 6
15918, 3
15922, 8
15926, 5
15930, 4
15934, 6
15938, 4
15942, 5
15946, 5
15950, 7
15954, 7
15958, 4
15962, 7
15966, 4
15970, 4
15974, 5
15978, 5
15982, 5
15986, 4
15990, 8
15994, 3
15998, 7
