2, 161697
6, 518
10, 675
14, 831
18, 1172
22, 1688
26, 2364
30, 3482
34, 4593
38, 5637
42, 6749
46, 7539
50, 8333
54, 8686
58, 9010
62, 9387
66, 9461
70, 9682
74, 9589
78, 9824
82, 9820
86, 9950
90, 10112
94, 10172
98, 9993
102, 10189
106, 10287
110, 10325
114, 10431
118, 10742
122, 10798
126, 10892
130, 10961
134, 10949
138, 10823
142, 11030
146, 11107
150, 11251
154, 11016
158, 11456
162, 11456
166, 11478
170, 11578
174, 11660
178, 11718
182, 11765
186, 12044
190, 11941
194, 12064
198, 12058
202, 12365
206, 12378
210, 12410
214, 12418
218, 12482
222, 12444
226, 12322
230, 12934
234, 13057
238, 12927
242, 12969
246, 12887
250, 13066
254, 13139
258, 12860
262, 13199
266, 13304
270, 13320
274, 13258
278, 13417
282, 13413
286, 13470
290, 13506
294, 13420
298, 13772
302, 13811
306, 13740
310, 13623
314, 14079
318, 13893
322, 14067
326, 14093
330, 14158
334, 14363
338, 14262
342, 14318
346, 14502
350, 14460
354, 14549
358, 14691
362, 14551
366, 14721
370, 14834
374, 14929
378, 15010
382, 15089
386, 15259
390, 15352
394, 15493
398, 15510
402, 15386
406, 15590
410, 15571
414, 15931
418, 15481
422, 15717
426, 15604
430, 15687
434, 15737
438, 15919
442, 15570
446, 15749
450, 15671
454, 15946
458, 15991
462, 16089
466, 16194
470, 16077
474, 16263
478, 16132
482, 15984
486, 16130
490, 16159
494, 16301
498, 16417
502, 16331
506, 16530
510, 16544
514, 16391
518, 16601
522, 16350
526, 16665
530, 16682
534, 16643
538, 16588
542, 16783
546, 16869
550, 16628
554, 16981
558, 16783
562, 17047
566, 16932
570, 16943
574, 17104
578, 17195
582, 17276
586, 17266
590, 17516
594, 17385
598, 17466
602, 17369
606, 17489
610, 17479
614, 17553
618, 17556
622, 17577
626, 17641
630, 17838
634, 17528
638, 17851
642, 17910
646, 17702
650, 17877
654, 18149
658, 18005
662, 17802
666, 18042
670, 18026
674, 18016
678, 17925
682, 17627
686, 18098
690, 17771
694, 18051
698, 17899
702, 17759
706, 18017
710, 18019
714, 17837
718, 17909
722, 17782
726, 18117
730, 18093
734, 17839
738, 17960
742, 17863
746, 18171
750, 17671
754, 18045
758, 17760
762, 17879
766, 17665
770, 17873
774, 17962
778, 17914
782, 18094
786, 17731
790, 17907
794, 17766
798, 17843
802, 17970
806, 17765
810, 17774
814, 17752
818, 17511
822, 17657
826, 17895
830, 17704
834, 17586
838, 17861
842, 17814
846, 17489
850, 17736
854, 17631
858, 17783
862, 17746
866, 17560
870, 17696
874, 17617
878, 17179
882, 17542
886, 17445
890, 17188
894, 17113
898, 17440
902, 17139
906, 17175
910, 17314
914, 17448
918, 17258
922, 17348
926, 17176
930, 17202
934, 17424
938, 17303
942, 17582
946, 17627
950, 17791
954, 17757
958, 18315
962, 18302
966, 18489
970, 19086
974, 19060
978, 19084
982, 19473
986, 19550
990, 19763
994, 19486
998, 19753
1002, 19827
1006, 19840
1010, 19941
1014, 19827
1018, 19584
1022, 19798
1026, 19549
1030, 19465
1034, 19630
1038, 19432
1042, 19469
1046, 19217
1050, 19246
1054, 18895
1058, 18796
1062, 18612
1066, 18549
1070, 18776
1074, 18451
1078, 18264
1082, 18144
1086, 17776
1090, 18060
1094, 17847
1098, 17463
1102, 17581
1106, 17342
1110, 17489
1114, 17211
1118, 17080
1122, 16805
1126, 16770
1130, 16715
1134, 16577
1138, 16514
1142, 16256
1146, 16010
1150, 16371
1154, 16032
1158, 15964
1162, 15881
1166, 15890
1170, 15797
1174, 15531
1178, 15515
1182, 15465
1186, 15341
1190, 15184
1194, 14993
1198, 15183
1202, 15112
1206, 15065
1210, 14690
1214, 14750
1218, 14845
1222, 14806
1226, 14718
1230, 14830
1234, 14736
1238, 14621
1242, 14931
1246, 14783
1250, 14823
1254, 14566
1258, 14873
1262, 14360
1266, 14549
1270, 14730
1274, 14603
1278, 14136
1282, 14467
1286, 14320
1290, 14053
1294, 14164
1298, 14322
1302, 14184
1306, 14022
1310, 13793
1314, 13917
1318, 13766
1322, 13882
1326, 13465
1330, 13692
1334, 13516
1338, 13627
1342, 13501
1346, 13350
1350, 13222
1354, 13385
1358, 12933
1362, 13029
1366, 12951
1370, 13079
1374, 12965
1378, 12580
1382, 12679
1386, 12654
1390, 12844
1394, 12661
1398, 12463
1402, 12444
1406, 12642
1410, 12200
1414, 12309
1418, 12205
1422, 12188
1426, 12176
1430, 12087
1434, 12177
1438, 11939
1442, 11997
1446, 11693
1450, 11828
1454, 11766
1458, 11665
1462, 11685
1466, 11372
1470, 11362
1474, 11421
1478, 11500
1482, 11553
1486, 11372
1490, 11326
1494, 11405
1498, 11431
1502, 11492
1506, 11035
1510, 11191
1514, 11279
1518, 11008
1522, 10976
1526, 10748
1530, 10987
1534, 10883
1538, 10923
1542, 10961
1546, 10766
1550, 10816
1554, 10837
1558, 10762
1562, 10578
1566, 10660
1570, 10753
1574, 10671
1578, 10405
1582, 10383
1586, 10484
1590, 10391
1594, 10360
1598, 10645
1602, 10331
1606, 10231
1610, 10119
1614, 10290
1618, 10184
1622, 10369
1626, 10010
1630, 10121
1634, 9932
1638, 9929
1642, 10056
1646, 9940
1650, 9962
1654, 9998
1658, 9880
1662, 9882
1666, 9769
1670, 9857
1674, 9693
1678, 9650
1682, 10005
1686, 9736
1690, 9599
1694, 9723
1698, 9641
1702, 9476
1706, 9601
1710, 9401
1714, 9641
1718, 9423
1722, 9608
1726, 9476
1730, 9478
1734, 9487
1738, 9440
1742, 9441
1746, 9577
1750, 9343
1754, 9392
1758, 9410
1762, 9271
1766, 9384
1770, 9411
1774, 9367
1778, 9430
1782, 9301
1786, 9312
1790, 9250
1794, 9177
1798, 9164
1802, 9258
1806, 9233
1810, 9263
1814, 9058
1818, 9219
1822, 9286
1826, 9016
1830, 9074
1834, 9129
1838, 9023
1842, 9083
1846, 9071
1850, 8990
1854, 9026
1858, 9022
1862, 8989
1866, 8940
1870, 8934
1874, 8980
1878, 8968
1882, 8883
1886, 8828
1890, 8824
1894, 8739
1898, 9042
1902, 9031
1906, 8817
1910, 8854
1914, 8965
1918, 9001
1922, 8738
1926, 8996
1930, 8923
1934, 8844
1938, 8788
1942, 9088
1946, 9058
1950, 8883
1954, 8872
1958, 8817
1962, 8818
1966, 8924
1970, 9084
1974, 8908
1978, 8912
1982, 8917
1986, 9047
1990, 9040
1994, 8998
1998, 9108
2002, 9045
2006, 8859
2010, 9224
2014, 9014
2018, 8985
2022, 9186
2026, 9140
2030, 9085
2034, 9320
2038, 9251
2042, 9188
2046, 9101
2050, 9362
2054, 9403
2058, 9125
2062, 9270
2066, 9199
2070, 9163
2074, 9333
2078, 9276
2082, 9387
2086, 9358
2090, 9128
2094, 9432
2098, 9460
2102, 9170
2106, 9270
2110, 9355
2114, 9332
2118, 9136
2122, 9337
2126, 9092
2130, 9241
2134, 9257
2138, 9097
2142, 9009
2146, 9056
2150, 8997
2154, 8903
2158, 8969
2162, 9118
2166, 8832
2170, 9026
2174, 8920
2178, 8720
2182, 8769
2186, 8747
2190, 8653
2194, 8578
2198, 8447
2202, 8411
2206, 8292
2210, 8301
2214, 7983
2218, 7933
2222, 7676
2226, 7336
2230, 7298
2234, 6976
2238, 7055
2242, 6754
2246, 6654
2250, 6526
2254, 6470
2258, 6138
2262, 6265
2266, 6047
2270, 6176
2274, 6028
2278, 6017
2282, 5995
2286, 5923
2290, 5868
2294, 5777
2298, 5715
2302, 5714
2306, 5706
2310, 5568
2314, 5483
2318, 5552
2322, 5404
2326, 5409
2330, 5338
2334, 5333
2338, 5265
2342, 5160
2346, 5096
2350, 5167
2354, 5111
2358, 5187
2362, 4926
2366, 5076
2370, 5083
2374, 4918
2378, 5036
2382, 4922
2386, 4823
2390, 4799
2394, 4815
2398, 4702
2402, 4649
2406, 4808
2410, 4691
2414, 4705
2418, 4534
2422, 4612
2426, 4604
2430, 4441
2434, 4547
2438, 4414
2442, 4449
2446, 4526
2450, 4471
2454, 4305
2458, 4330
2462, 4278
2466, 4297
2470, 4195
2474, 4094
2478, 4160
2482, 4106
2486, 4022
2490, 4099
2494, 3990
2498, 4073
2502, 4012
2506, 3938
2510, 3893
2514, 3916
2518, 3975
2522, 3854
2526, 3824
2530, 3798
2534, 3833
2538, 3756
2542, 3635
2546, 3699
2550, 3678
2554, 3600
2558, 3482
2562, 3583
2566, 3516
2570, 3430
2574, 3485
2578, 3481
2582, 3392
2586, 3252
2590, 3343
2594, 3300
2598, 3344
2602, 3330
2606, 3312
2610, 3146
2614, 3192
2618, 3200
2622, 3176
2626, 3273
2630, 3096
2634, 3165
2638, 3032
2642, 3061
2646, 3092
2650, 3008
2654, 3131
2658, 3107
2662, 3141
2666, 3196
2670, 3111
2674, 3075
2678, 2962
2682, 2984
2686, 2956
2690, 2890
2694, 2900
2698, 2876
2702, 2797
2706, 2904
2710, 2936
2714, 2856
2718, 2854
2722, 2728
2726, 2726
2730, 2702
2734, 2729
2738, 2839
2742, 2797
2746, 2794
2750, 2855
2754, 2950
2758, 2951
2762, 3205
2766, 3436
2770, 4009
2774, 4544
2778, 4882
2782, 5288
2786, 5563
2790, 5484
2794, 5131
2798, 4818
2802, 4131
2806, 3814
2810, 3401
2814, 3111
2818, 2719
2822, 2880
2826, 2660
2830, 2704
2834, 2570
2838, 2593
2842, 2681
2846, 2629
2850, 2477
2854, 2567
2858, 2455
2862, 2464
2866, 2511
2870, 2412
2874, 2470
2878, 2442
2882, 2458
2886, 2481
2890, 2464
2894, 2447
2898, 2339
2902, 2421
2906, 2350
2910, 2356
2914, 2416
2918, 2387
2922, 2391
2926, 2353
2930, 2319
2934, 2388
2938, 2423
2942, 2367
2946, 2308
2950, 2383
2954, 2449
2958, 2301
2962, 2261
2966, 2362
2970, 2344
2974, 2280
2978, 2352
2982, 2413
2986, 2311
2990, 2321
2994, 2265
2998, 2313
3002, 2306
3006, 2375
3010, 2355
3014, 2430
3018, 2396
3022, 2388
3026, 2348
3030, 2361
3034, 2460
3038, 2437
3042, 2517
3046, 2488
3050, 2560
3054, 2707
3058, 3255
3062, 3919
3066, 5365
3070, 8004
3074, 11571
3078, 16035
3082, 19906
3086, 22078
3090, 20938
3094, 17460
3098, 12817
3102, 8756
3106, 6102
3110, 4498
3114, 3770
3118, 3403
3122, 3184
3126, 3082
3130, 3040
3134, 3040
3138, 3104
3142, 3042
3146, 3214
3150, 3231
3154, 3292
3158, 3504
3162, 3643
3166, 4154
3170, 5117
3174, 6981
3178, 11003
3182, 18906
3186, 32637
3190, 53071
3194, 79414
3198, 103436
3202, 116052
3206, 110660
3210, 89994
3214, 62469
3218, 38372
3222, 22543
3226, 13668
3230, 9234
3234, 7092
3238, 5980
3242, 5308
3246, 4641
3250, 4142
3254, 3494
3258, 3219
3262, 2971
3266, 2882
3270, 2686
3274, 2536
3278, 2279
3282, 2216
3286, 2057
3290, 2061
3294, 2007
3298, 1746
3302, 1731
3306, 1634
3310, 1532
3314, 1517
3318, 1477
3322, 1482
3326, 1540
3330, 1512
3334, 1464
3338, 1555
3342, 1523
3346, 1509
3350, 1461
3354, 1514
3358, 1438
3362, 1539
3366, 1479
3370, 1379
3374, 1388
3378, 1393
3382, 1283
3386, 1271
3390, 1239
3394, 1271
3398, 1279
3402, 1162
3406, 1245
3410, 1205
3414, 1285
3418, 1244
3422, 1282
3426, 1272
3430, 1269
3434, 1262
3438, 1235
3442, 1213
3446, 1216
3450, 1280
3454, 1289
3458, 1243
3462, 1267
3466, 1275
3470, 1267
3474, 1269
3478, 1231
3482, 1296
3486, 1229
3490, 1202
3494, 1152
3498, 1257
3502, 1194
3506, 1199
3510, 1223
3514, 1181
3518, 1267
3522, 1232
3526, 1241
3530, 1183
3534, 1228
3538, 1256
3542, 1195
3546, 1211
3550, 1256
3554, 1244
3558, 1221
3562, 1170
3566, 1195
3570, 1250
3574, 1265
3578, 1238
3582, 1218
3586, 1185
3590, 1174
3594, 1223
3598, 1243
3602, 1178
3606, 1221
3610, 1256
3614, 1247
3618, 1286
3622, 1189
3626, 1173
3630, 1143
3634, 1179
3638, 1219
3642, 1259
3646, 1210
3650, 1157
3654, 1169
3658, 1134
3662, 1260
3666, 1160
3670, 1171
3674, 1187
3678, 1143
3682, 1239
3686, 1217
3690, 1188
3694, 1185
3698, 1207
3702, 1209
3706, 1205
3710, 1209
3714, 1193
3718, 1208
3722, 1215
3726, 1225
3730, 1089
3734, 1201
3738, 1260
3742, 1135
3746, 1159
3750, 1143
3754, 1122
3758, 1160
3762, 1176
3766, 1189
3770, 1132
3774, 1138
3778, 1174
3782, 1201
3786, 1121
3790, 1178
3794, 1170
3798, 1203
3802, 1185
3806, 1113
3810, 1169
3814, 1189
3818, 1207
3822, 1181
3826, 1218
3830, 1196
3834, 1118
3838, 1188
3842, 1115
3846, 1202
3850, 1135
3854, 1121
3858, 1109
3862, 1085
3866, 1174
3870, 1203
3874, 1177
3878, 1099
3882, 1190
3886, 1124
3890, 1109
3894, 1135
3898, 1103
3902, 1153
3906, 1112
3910, 1125
3914, 1069
3918, 1111
3922, 1166
3926, 1111
3930, 1119
3934, 1137
3938, 1081
3942, 1124
3946, 1101
3950, 1155
3954, 1118
3958, 1170
3962, 1106
3966, 1146
3970, 1117
3974, 1087
3978, 1128
3982, 1089
3986, 1083
3990, 1105
3994, 1121
3998, 1147
4002, 1112
4006, 1145
4010, 1119
4014, 1055
4018, 1168
4022, 1058
4026, 1133
4030, 1042
4034, 1083
4038, 1112
4042, 1098
4046, 1129
4050, 1174
4054, 1114
4058, 1105
4062, 1081
4066, 1117
4070, 1096
4074, 1033
4078, 1095
4082, 1066
4086, 1030
4090, 1058
4094, 1071
4098, 1021
4102, 1074
4106, 1139
4110, 1093
4114, 1091
4118, 1063
4122, 1065
4126, 1100
4130, 1059
4134, 1078
4138, 1031
4142, 1080
4146, 1080
4150, 1114
4154, 1060
4158, 1066
4162, 1096
4166, 1102
4170, 1120
4174, 1114
4178, 1035
4182, 1066
4186, 1095
4190, 1125
4194, 1093
4198, 1070
4202, 1061
4206, 1081
4210, 1052
4214, 1086
4218, 1134
4222, 1106
4226, 1060
4230, 1040
4234, 1050
4238, 1052
4242, 1056
4246, 1059
4250, 1079
4254, 1108
4258, 1068
4262, 1073
4266, 1038
4270, 1038
4274, 1049
4278, 1022
4282, 1084
4286, 1084
4290, 1035
4294, 1104
4298, 1082
4302, 1072
4306, 1074
4310, 1064
4314, 1078
4318, 1093
4322, 1016
4326, 1099
4330, 1031
4334, 1036
4338, 1003
4342, 1081
4346, 1046
4350, 1012
4354, 1059
4358, 1060
4362, 1028
4366, 1064
4370, 1022
4374, 1065
4378, 1110
4382, 1051
4386, 1097
4390, 1086
4394, 1043
4398, 1143
4402, 1102
4406, 1171
4410, 1237
4414, 1265
4418, 1156
4422, 1135
4426, 1105
4430, 1139
4434, 1080
4438, 1092
4442, 1037
4446, 1042
4450, 1029
4454, 1092
4458, 1066
4462, 996
4466, 1098
4470, 1026
4474, 1078
4478, 1025
4482, 1081
4486, 1054
4490, 992
4494, 1018
4498, 1034
4502, 1010
4506, 1046
4510, 1074
4514, 1079
4518, 1058
4522, 1064
4526, 1048
4530, 1075
4534, 1072
4538, 1055
4542, 1015
4546, 1105
4550, 1020
4554, 1065
4558, 1060
4562, 1118
4566, 997
4570, 1096
4574, 1013
4578, 1045
4582, 1017
4586, 1077
4590, 998
4594, 1037
4598, 1036
4602, 1033
4606, 1047
4610, 1042
4614, 1041
4618, 1069
4622, 962
4626, 1052
4630, 1047
4634, 1070
4638, 984
4642, 1060
4646, 1050
4650, 1075
4654, 1031
4658, 1005
4662, 1059
4666, 976
4670, 1006
4674, 1083
4678, 1040
4682, 1031
4686, 1046
4690, 1035
4694, 1050
4698, 1119
4702, 1211
4706, 1181
4710, 1182
4714, 1076
4718, 1083
4722, 1072
4726, 1041
4730, 1087
4734, 1016
4738, 959
4742, 1054
4746, 1048
4750, 995
4754, 1048
4758, 1049
4762, 1044
4766, 1057
4770, 1024
4774, 1061
4778, 1047
4782, 1032
4786, 1046
4790, 1043
4794, 1015
4798, 1013
4802, 1013
4806, 956
4810, 1077
4814, 1010
4818, 1055
4822, 1033
4826, 960
4830, 1007
4834, 994
4838, 990
4842, 960
4846, 1051
4850, 995
4854, 998
4858, 998
4862, 1070
4866, 1047
4870, 1001
4874, 981
4878, 1055
4882, 1010
4886, 1015
4890, 1038
4894, 989
4898, 992
4902, 1049
4906, 988
4910, 1011
4914, 1035
4918, 1003
4922, 1038
4926, 1079
4930, 1063
4934, 1005
4938, 964
4942, 1020
4946, 1031
4950, 998
4954, 992
4958, 1005
4962, 1000
4966, 1052
4970, 974
4974, 969
4978, 950
4982, 1039
4986, 1051
4990, 977
4994, 1064
4998, 977
5002, 992
5006, 994
5010, 971
5014, 976
5018, 936
5022, 998
5026, 1015
5030, 990
5034, 999
5038, 993
5042, 982
5046, 1002
5050, 978
5054, 1037
5058, 987
5062, 999
5066, 1002
5070, 1030
5074, 975
5078, 1004
5082, 1006
5086, 998
5090, 1025
5094, 950
5098, 1023
5102, 982
5106, 988
5110, 959
5114, 986
5118, 1013
5122, 1022
5126, 910
5130, 994
5134, 1041
5138, 1006
5142, 987
5146, 961
5150, 962
5154, 1019
5158, 1007
5162, 1101
5166, 997
5170, 978
5174, 986
5178, 981
5182, 961
5186, 986
5190, 1001
5194, 994
5198, 972
5202, 964
5206, 965
5210, 1016
5214, 1028
5218, 1000
5222, 947
5226, 1025
5230, 945
5234, 963
5238, 1025
5242, 1007
5246, 1015
5250, 996
5254, 1009
5258, 978
5262, 1016
5266, 965
5270, 989
5274, 1049
5278, 986
5282, 968
5286, 1015
5290, 974
5294, 972
5298, 1047
5302, 991
5306, 1022
5310, 1020
5314, 1012
5318, 964
5322, 983
5326, 1044
5330, 1002
5334, 1077
5338, 1034
5342, 955
5346, 1008
5350, 1009
5354, 1038
5358, 971
5362, 1039
5366, 1064
5370, 1025
5374, 1078
5378, 1037
5382, 1015
5386, 1045
5390, 1075
5394, 1198
5398, 1372
5402, 1714
5406, 2163
5410, 2784
5414, 3454
5418, 3823
5422, 3713
5426, 3350
5430, 2731
5434, 2100
5438, 1766
5442, 1470
5446, 1332
5450, 1272
5454, 1217
5458, 1192
5462, 1185
5466, 1139
5470, 1115
5474, 1153
5478, 1115
5482, 1127
5486, 1095
5490, 1096
5494, 1122
5498, 1100
5502, 1073
5506, 1092
5510, 1108
5514, 1105
5518, 1138
5522, 1118
5526, 1057
5530, 1117
5534, 1102
5538, 1079
5542, 1114
5546, 1085
5550, 1114
5554, 1135
5558, 1168
5562, 1100
5566, 1044
5570, 1070
5574, 1059
5578, 1092
5582, 1042
5586, 1115
5590, 1038
5594, 1114
5598, 1105
5602, 1112
5606, 1098
5610, 1129
5614, 1075
5618, 1109
5622, 1095
5626, 1022
5630, 1145
5634, 1027
5638, 1136
5642, 1092
5646, 1077
5650, 1062
5654, 1144
5658, 1132
5662, 1141
5666, 1181
5670, 1180
5674, 1307
5678, 1195
5682, 1188
5686, 1113
5690, 1129
5694, 1107
5698, 1154
5702, 1095
5706, 1123
5710, 1091
5714, 1102
5718, 1074
5722, 1096
5726, 1053
5730, 1056
5734, 1058
5738, 1113
5742, 1036
5746, 1098
5750, 1108
5754, 1079
5758, 1074
5762, 1042
5766, 1146
5770, 1051
5774, 1077
5778, 1156
5782, 1100
5786, 1030
5790, 1121
5794, 1118
5798, 1090
5802, 1128
5806, 1142
5810, 1108
5814, 1078
5818, 1082
5822, 1014
5826, 1148
5830, 1048
5834, 1083
5838, 1103
5842, 1102
5846, 1105
5850, 1113
5854, 1066
5858, 1086
5862, 1137
5866, 1111
5870, 1099
5874, 1119
5878, 1095
5882, 1113
5886, 1089
5890, 1086
5894, 1036
5898, 1155
5902, 1033
5906, 1066
5910, 1073
5914, 1067
5918, 1068
5922, 1120
5926, 1000
5930, 1069
5934, 1093
5938, 1100
5942, 1045
5946, 1081
5950, 1054
5954, 1083
5958, 1116
5962, 1129
5966, 1112
5970, 1097
5974, 1073
5978, 1124
5982, 1043
5986, 1102
5990, 1049
5994, 1089
5998, 1069
6002, 1067
6006, 1055
6010, 1034
6014, 1112
6018, 1118
6022, 1089
6026, 1062
6030, 1023
6034, 1054
6038, 1020
6042, 1071
6046, 972
6050, 1049
6054, 1100
6058, 1017
6062, 1037
6066, 1136
6070, 1057
6074, 1069
6078, 1088
6082, 1074
6086, 1097
6090, 1054
6094, 1114
6098, 1121
6102, 1127
6106, 1144
6110, 1093
6114, 1056
6118, 1068
6122, 1084
6126, 1067
6130, 1118
6134, 1151
6138, 1034
6142, 1135
6146, 1075
6150, 1120
6154, 1058
6158, 1076
6162, 1075
6166, 1133
6170, 1053
6174, 1013
6178, 1091
6182, 1018
6186, 1070
6190, 1098
6194, 1053
6198, 1058
6202, 1115
6206, 1061
6210, 1074
6214, 1084
6218, 1083
6222, 1063
6226, 1085
6230, 1040
6234, 1066
6238, 979
6242, 1076
6246, 1095
6250, 1066
6254, 1113
6258, 1101
6262, 1096
6266, 1149
6270, 1060
6274, 1086
6278, 1052
6282, 1002
6286, 1113
6290, 1065
6294, 1058
6298, 1054
6302, 1058
6306, 1150
6310, 1075
6314, 1059
6318, 1095
6322, 1097
6326, 1090
6330, 1054
6334, 1018
6338, 1066
6342, 1061
6346, 1059
6350, 1023
6354, 1047
6358, 1064
6362, 1103
6366, 1104
6370, 1107
6374, 1048
6378, 1073
6382, 1119
6386, 1075
6390, 1070
6394, 1125
6398, 1075
6402, 1167
6406, 1131
6410, 1084
6414, 1100
6418, 1122
6422, 1071
6426, 1130
6430, 1047
6434, 1125
6438, 1100
6442, 1061
6446, 1085
6450, 1126
6454, 1086
6458, 1120
6462, 1062
6466, 1114
6470, 1105
6474, 1065
6478, 1097
6482, 1102
6486, 1104
6490, 1101
6494, 1105
6498, 1064
6502, 1073
6506, 1046
6510, 1118
6514, 1057
6518, 1081
6522, 1134
6526, 1135
6530, 1086
6534, 1139
6538, 1124
6542, 1141
6546, 1159
6550, 1150
6554, 1089
6558, 1076
6562, 1104
6566, 1085
6570, 1123
6574, 1080
6578, 1102
6582, 1089
6586, 1118
6590, 1109
6594, 1076
6598, 1089
6602, 1076
6606, 1074
6610, 1135
6614, 1063
6618, 1096
6622, 1101
6626, 1086
6630, 1058
6634, 1136
6638, 1044
6642, 1093
6646, 1067
6650, 1091
6654, 1089
6658, 1059
6662, 1070
6666, 1077
6670, 1095
6674, 1112
6678, 1091
6682, 1099
6686, 1110
6690, 1097
6694, 1110
6698, 1159
6702, 1136
6706, 1131
6710, 1054
6714, 1076
6718, 1078
6722, 1150
6726, 1141
6730, 1122
6734, 1161
6738, 1062
6742, 1083
6746, 1076
6750, 1110
6754, 1077
6758, 1106
6762, 1114
6766, 1111
6770, 1126
6774, 1120
6778, 1071
6782, 1085
6786, 1106
6790, 1113
6794, 1105
6798, 1111
6802, 1109
6806, 1174
6810, 1074
6814, 1147
6818, 1138
6822, 1106
6826, 1126
6830, 1086
6834, 1136
6838, 1157
6842, 1111
6846, 1098
6850, 1102
6854, 1082
6858, 1059
6862, 1038
6866, 1134
6870, 1123
6874, 1125
6878, 1102
6882, 1178
6886, 1108
6890, 1192
6894, 1120
6898, 1118
6902, 1105
6906, 1108
6910, 1121
6914, 1090
6918, 1117
6922, 1150
6926, 1110
6930, 1150
6934, 1138
6938, 1143
6942, 1114
6946, 1183
6950, 1112
6954, 1139
6958, 1115
6962, 1185
6966, 1179
6970, 1114
6974, 1159
6978, 1197
6982, 1091
6986, 1132
6990, 1124
6994, 1126
6998, 1167
7002, 1145
7006, 1136
7010, 1112
7014, 1166
7018, 1119
7022, 1135
7026, 1077
7030, 1127
7034, 1168
7038, 1127
7042, 1158
7046, 1188
7050, 1146
7054, 1201
7058, 1182
7062, 1204
7066, 1249
7070, 1340
7074, 1471
7078, 1750
7082, 1951
7086, 2194
7090, 2247
7094, 2136
7098, 1926
7102, 1726
7106, 1438
7110, 1322
7114, 1274
7118, 1231
7122, 1196
7126, 1276
7130, 1216
7134, 1211
7138, 1166
7142, 1182
7146, 1208
7150, 1141
7154, 1185
7158, 1207
7162, 1146
7166, 1149
7170, 1126
7174, 1241
7178, 1167
7182, 1215
7186, 1206
7190, 1168
7194, 1206
7198, 1258
7202, 1167
7206, 1175
7210, 1211
7214, 1152
7218, 1203
7222, 1234
7226, 1245
7230, 1116
7234, 1156
7238, 1188
7242, 1196
7246, 1214
7250, 1192
7254, 1142
7258, 1215
7262, 1250
7266, 1189
7270, 1188
7274, 1238
7278, 1176
7282, 1193
7286, 1131
7290, 1148
7294, 1145
7298, 1133
7302, 1117
7306, 1172
7310, 1099
7314, 1154
7318, 1148
7322, 1245
7326, 1141
7330, 1206
7334, 1153
7338, 1125
7342, 1145
7346, 1185
7350, 1173
7354, 1170
7358, 1151
7362, 1188
7366, 1115
7370, 1191
7374, 1126
7378, 1213
7382, 1123
7386, 1155
7390, 1158
7394, 1167
7398, 1131
7402, 1188
7406, 1093
7410, 1139
7414, 1223
7418, 1179
7422, 1131
7426, 1182
7430, 1170
7434, 1141
7438, 1155
7442, 1168
7446, 1119
7450, 1162
7454, 1155
7458, 1129
7462, 1204
7466, 1154
7470, 1180
7474, 1180
7478, 1124
7482, 1132
7486, 1236
7490, 1138
7494, 1171
7498, 1257
7502, 1160
7506, 1221
7510, 1234
7514, 1224
7518, 1197
7522, 1248
7526, 1227
7530, 1159
7534, 1155
7538, 1146
7542, 1190
7546, 1146
7550, 1185
7554, 1144
7558, 1200
7562, 1152
7566, 1197
7570, 1171
7574, 1119
7578, 1191
7582, 1124
7586, 1206
7590, 1156
7594, 1189
7598, 1181
7602, 1161
7606, 1196
7610, 1184
7614, 1089
7618, 1211
7622, 1210
7626, 1208
7630, 1206
7634, 1102
7638, 1174
7642, 1174
7646, 1175
7650, 1160
7654, 1191
7658, 1211
7662, 1160
7666, 1208
7670, 1207
7674, 1196
7678, 1206
7682, 1151
7686, 1159
7690, 1154
7694, 1301
7698, 1238
7702, 1226
7706, 1188
7710, 1209
7714, 1276
7718, 1196
7722, 1223
7726, 1200
7730, 1217
7734, 1217
7738, 1226
7742, 1237
7746, 1216
7750, 1214
7754, 1205
7758, 1176
7762, 1252
7766, 1175
7770, 1229
7774, 1170
7778, 1296
7782, 1199
7786, 1240
7790, 1177
7794, 1211
7798, 1225
7802, 1226
7806, 1194
7810, 1183
7814, 1242
7818, 1227
7822, 1228
7826, 1175
7830, 1225
7834, 1215
7838, 1217
7842, 1240
7846, 1198
7850, 1206
7854, 1201
7858, 1180
7862, 1244
7866, 1186
7870, 1203
7874, 1247
7878, 1204
7882, 1293
7886, 1272
7890, 1263
7894, 1203
7898, 1286
7902, 1247
7906, 1249
7910, 1226
7914, 1274
7918, 1216
7922, 1291
7926, 1232
7930, 1354
7934, 1217
7938, 1273
7942, 1229
7946, 1236
7950, 1243
7954, 1252
7958, 1194
7962, 1228
7966, 1238
7970, 1243
7974, 1292
7978, 1273
7982, 1343
7986, 1347
7990, 1284
7994, 1279
7998, 1255
8002, 1257
8006, 1313
8010, 1266
8014, 1207
8018, 1238
8022, 1305
8026, 1310
8030, 1282
8034, 1292
8038, 1292
8042, 1225
8046, 1308
8050, 1276
8054, 1204
8058, 1284
8062, 1255
8066, 1326
8070, 1225
8074, 1285
8078, 1286
8082, 1288
8086, 1265
8090, 1265
8094, 1299
8098, 1251
8102, 1262
8106, 1324
8110, 1289
8114, 1248
8118, 1336
8122, 1314
8126, 1277
8130, 1369
8134, 1329
8138, 1343
8142, 1302
8146, 1310
8150, 1356
8154, 1346
8158, 1337
8162, 1412
8166, 1333
8170, 1351
8174, 1339
8178, 1458
8182, 1509
8186, 1614
8190, 1817
8194, 2208
8198, 2544
8202, 3071
8206, 3436
8210, 3683
8214, 3727
8218, 3454
8222, 3034
8226, 2620
8230, 2357
8234, 1968
8238, 1731
8242, 1623
8246, 1587
8250, 1469
8254, 1449
8258, 1476
8262, 1419
8266, 1365
8270, 1410
8274, 1338
8278, 1424
8282, 1424
8286, 1413
8290, 1499
8294, 1350
8298, 1414
8302, 1410
8306, 1334
8310, 1447
8314, 1359
8318, 1377
8322, 1482
8326, 1335
8330, 1439
8334, 1442
8338, 1394
8342, 1336
8346, 1432
8350, 1448
8354, 1531
8358, 1432
8362, 1347
8366, 1421
8370, 1478
8374, 1466
8378, 1438
8382, 1408
8386, 1398
8390, 1447
8394, 1383
8398, 1397
8402, 1390
8406, 1414
8410, 1442
8414, 1399
8418, 1503
8422, 1388
8426, 1401
8430, 1401
8434, 1406
8438, 1393
8442, 1463
8446, 1435
8450, 1433
8454, 1447
8458, 1397
8462, 1537
8466, 1488
8470, 1411
8474, 1451
8478, 1428
8482, 1534
8486, 1540
8490, 1551
8494, 1627
8498, 1639
8502, 1738
8506, 1719
8510, 1752
8514, 1674
8518, 1647
8522, 1573
8526, 1515
8530, 1528
8534, 1531
8538, 1479
8542, 1496
8546, 1544
8550, 1534
8554, 1463
8558, 1516
8562, 1565
8566, 1523
8570, 1463
8574, 1571
8578, 1478
8582, 1532
8586, 1574
8590, 1483
8594, 1539
8598, 1525
8602, 1518
8606, 1544
8610, 1551
8614, 1481
8618, 1542
8622, 1573
8626, 1518
8630, 1599
8634, 1524
8638, 1563
8642, 1492
8646, 1649
8650, 1566
8654, 1587
8658, 1597
8662, 1563
8666, 1501
8670, 1583
8674, 1494
8678, 1620
8682, 1560
8686, 1567
8690, 1550
8694, 1550
8698, 1583
8702, 1609
8706, 1600
8710, 1531
8714, 1639
8718, 1517
8722, 1558
8726, 1561
8730, 1582
8734, 1567
8738, 1495
8742, 1608
8746, 1608
8750, 1703
8754, 1635
8758, 1606
8762, 1557
8766, 1637
8770, 1626
8774, 1657
8778, 1716
8782, 1624
8786, 1622
8790, 1653
8794, 1627
8798, 1595
8802, 1638
8806, 1627
8810, 1615
8814, 1600
8818, 1672
8822, 1641
8826, 1614
8830, 1687
8834, 1652
8838, 1642
8842, 1713
8846, 1642
8850, 1656
8854, 1705
8858, 1671
8862, 1588
8866, 1632
8870, 1747
8874, 1736
8878, 1649
8882, 1684
8886, 1709
8890, 1734
8894, 1699
8898, 1696
8902, 1680
8906, 1625
8910, 1736
8914, 1737
8918, 1871
8922, 1683
8926, 1667
8930, 1700
8934, 1732
8938, 1736
8942, 1697
8946, 1777
8950, 1824
8954, 1723
8958, 1746
8962, 1752
8966, 1803
8970, 1820
8974, 1714
8978, 1766
8982, 1719
8986, 1754
8990, 1812
8994, 1765
8998, 1802
9002, 1853
9006, 1767
9010, 1724
9014, 1764
9018, 1684
9022, 1757
9026, 1742
9030, 1887
9034, 1793
9038, 1823
9042, 1759
9046, 1803
9050, 1862
9054, 1787
9058, 1890
9062, 1780
9066, 1803
9070, 1845
9074, 1791
9078, 1893
9082, 1898
9086, 1870
9090, 1847
9094, 1871
9098, 1861
9102, 1805
9106, 1785
9110, 1962
9114, 1800
9118, 1939
9122, 1864
9126, 1943
9130, 1839
9134, 1860
9138, 1849
9142, 1911
9146, 1873
9150, 1875
9154, 1937
9158, 1890
9162, 1922
9166, 1911
9170, 1943
9174, 1995
9178, 1958
9182, 1921
9186, 1985
9190, 1937
9194, 1959
9198, 1877
9202, 1942
9206, 1943
9210, 1997
9214, 1994
9218, 1946
9222, 1862
9226, 2025
9230, 1911
9234, 1957
9238, 2047
9242, 1997
9246, 2023
9250, 1974
9254, 2033
9258, 2001
9262, 2040
9266, 2048
9270, 2026
9274, 2027
9278, 2011
9282, 2058
9286, 2040
9290, 2130
9294, 1999
9298, 2058
9302, 2029
9306, 2109
9310, 2033
9314, 2058
9318, 2083
9322, 2068
9326, 2074
9330, 2101
9334, 2160
9338, 2050
9342, 2117
9346, 2097
9350, 2095
9354, 2104
9358, 2150
9362, 2113
9366, 2146
9370, 2138
9374, 2142
9378, 2054
9382, 2132
9386, 2227
9390, 2163
9394, 2187
9398, 2204
9402, 2196
9406, 2138
9410, 2178
9414, 2245
9418, 2187
9422, 2242
9426, 2263
9430, 2204
9434, 2147
9438, 2324
9442, 2225
9446, 2195
9450, 2280
9454, 2183
9458, 2206
9462, 2363
9466, 2288
9470, 2301
9474, 2292
9478, 2295
9482, 2233
9486, 2343
9490, 2305
9494, 2338
9498, 2364
9502, 2302
9506, 2367
9510, 2377
9514, 2332
9518, 2260
9522, 2299
9526, 2368
9530, 2391
9534, 2420
9538, 2474
9542, 2452
9546, 2451
9550, 2361
9554, 2386
9558, 2432
9562, 2427
9566, 2349
9570, 2398
9574, 2465
9578, 2430
9582, 2496
9586, 2426
9590, 2468
9594, 2423
9598, 2458
9602, 2344
9606, 2408
9610, 2459
9614, 2467
9618, 2434
9622, 2317
9626, 2522
9630, 2514
9634, 2521
9638, 2451
9642, 2533
9646, 2525
9650, 2522
9654, 2568
9658, 2505
9662, 2504
9666, 2509
9670, 2460
9674, 2519
9678, 2518
9682, 2396
9686, 2494
9690, 2533
9694, 2495
9698, 2440
9702, 2512
9706, 2466
9710, 2505
9714, 2454
9718, 2610
9722, 2527
9726, 2561
9730, 2503
9734, 2474
9738, 2461
9742, 2386
9746, 2276
9750, 2403
9754, 2366
9758, 2299
9762, 2210
9766, 2232
9770, 2086
9774, 2089
9778, 2007
9782, 1951
9786, 1937
9790, 1886
9794, 1875
9798, 1889
9802, 1769
9806, 1731
9810, 1746
9814, 1762
9818, 1822
9822, 1768
9826, 1720
9830, 1687
9834, 1669
9838, 1727
9842, 1658
9846, 1624
9850, 1582
9854, 1553
9858, 1592
9862, 1578
9866, 1576
9870, 1622
9874, 1499
9878, 1503
9882, 1549
9886, 1494
9890, 1560
9894, 1549
9898, 1508
9902, 1506
9906, 1529
9910, 1525
9914, 1498
9918, 1510
9922, 1443
9926, 1528
9930, 1471
9934, 1445
9938, 1498
9942, 1476
9946, 1407
9950, 1446
9954, 1486
9958, 1430
9962, 1408
9966, 1421
9970, 1407
9974, 1381
9978, 1398
9982, 1402
9986, 1457
9990, 1459
9994, 1394
9998, 1386
10002, 1376
10006, 1382
10010, 1385
10014, 1361
10018, 1393
10022, 1344
10026, 1363
10030, 1336
10034, 1295
10038, 1366
10042, 1279
10046, 1317
10050, 1312
10054, 1353
10058, 1310
10062, 1321
10066, 1207
10070, 1274
10074, 1212
10078, 1317
10082, 1310
10086, 1206
10090, 1253
10094, 1253
10098, 1249
10102, 1188
10106, 1218
10110, 1186
10114, 1215
10118, 1204
10122, 1191
10126, 1219
10130, 1170
10134, 1221
10138, 1215
10142, 1173
10146, 1132
10150, 1098
10154, 1124
10158, 1119
10162, 1159
10166, 1131
10170, 1113
10174, 1085
10178, 1089
10182, 1100
10186, 1062
10190, 1071
10194, 1035
10198, 1063
10202, 964
10206, 1035
10210, 1066
10214, 1051
10218, 996
10222, 912
10226, 981
10230, 981
10234, 1049
10238, 1000
10242, 923
10246, 961
10250, 961
10254, 909
10258, 848
10262, 885
10266, 910
10270, 861
10274, 833
10278, 916
10282, 850
10286, 858
10290, 851
10294, 832
10298, 849
10302, 817
10306, 806
10310, 802
10314, 783
10318, 796
10322, 733
10326, 732
10330, 741
10334, 697
10338, 750
10342, 699
10346, 725
10350, 696
10354, 659
10358, 685
10362, 633
10366, 687
10370, 656
10374, 722
10378, 660
10382, 601
10386, 663
10390, 612
10394, 603
10398, 592
10402, 569
10406, 584
10410, 589
10414, 590
10418, 562
10422, 520
10426, 505
10430, 541
10434, 498
10438, 510
10442, 522
10446, 512
10450, 486
10454, 513
10458, 450
10462, 446
10466, 482
10470, 455
10474, 458
10478, 498
10482, 478
10486, 463
10490, 426
10494, 416
10498, 412
10502, 449
10506, 445
10510, 444
10514, 417
10518, 413
10522, 375
10526, 409
10530, 388
10534, 393
10538, 376
10542, 408
10546, 401
10550, 392
10554, 383
10558, 424
10562, 426
10566, 420
10570, 421
10574, 376
10578, 356
10582, 370
10586, 357
10590, 386
10594, 340
10598, 384
10602, 347
10606, 353
10610, 322
10614, 323
10618, 337
10622, 344
10626, 364
10630, 296
10634, 316
10638, 301
10642, 292
10646, 298
10650, 321
10654, 318
10658, 295
10662, 300
10666, 305
10670, 328
10674, 287
10678, 279
10682, 333
10686, 280
10690, 333
10694, 297
10698, 319
10702, 284
10706, 316
10710, 287
10714, 340
10718, 283
10722, 291
10726, 307
10730, 278
10734, 286
10738, 307
10742, 263
10746, 300
10750, 298
10754, 287
10758, 308
10762, 288
10766, 270
10770, 298
10774, 314
10778, 284
10782, 320
10786, 298
10790, 268
10794, 265
10798, 306
10802, 277
10806, 224
10810, 284
10814, 243
10818, 272
10822, 297
10826, 276
10830, 253
10834, 288
10838, 283
10842, 276
10846, 280
10850, 273
10854, 252
10858, 303
10862, 256
10866, 252
10870, 267
10874, 241
10878, 263
10882, 302
10886, 273
10890, 277
10894, 250
10898, 255
10902, 273
10906, 256
10910, 286
10914, 281
10918, 303
10922, 305
10926, 316
10930, 321
10934, 346
10938, 342
10942, 386
10946, 356
10950, 382
10954, 390
10958, 409
10962, 402
10966, 464
10970, 450
10974, 458
10978, 503
10982, 522
10986, 641
10990, 684
10994, 780
10998, 935
11002, 1158
11006, 1633
11010, 2524
11014, 4103
11018, 6865
11022, 11157
11026, 16756
11030, 23281
11034, 30854
11038, 36405
11042, 39542
11046, 38868
11050, 34708
11054, 28497
11058, 22068
11062, 16431
11066, 11802
11070, 8560
11074, 6224
11078, 4605
11082, 3591
11086, 2835
11090, 2324
11094, 1903
11098, 1450
11102, 1237
11106, 1034
11110, 916
11114, 867
11118, 754
11122, 664
11126, 654
11130, 553
11134, 538
11138, 468
11142, 429
11146, 356
11150, 332
11154, 317
11158, 277
11162, 267
11166, 261
11170, 249
11174, 237
11178, 206
11182, 218
11186, 190
11190, 193
11194, 183
11198, 167
11202, 169
11206, 147
11210, 142
11214, 142
11218, 120
11222, 111
11226, 118
11230, 122
11234, 122
11238, 127
11242, 120
11246, 106
11250, 112
11254, 102
11258, 99
11262, 117
11266, 97
11270, 113
11274, 113
11278, 89
11282, 124
11286, 123
11290, 111
11294, 111
11298, 129
11302, 121
11306, 131
11310, 136
11314, 144
11318, 145
11322, 165
11326, 218
11330, 267
11334, 322
11338, 348
11342, 382
11346, 363
11350, 356
11354, 331
11358, 255
11362, 224
11366, 188
11370, 184
11374, 136
11378, 145
11382, 144
11386, 135
11390, 112
11394, 119
11398, 115
11402, 121
11406, 126
11410, 110
11414, 110
11418, 133
11422, 131
11426, 116
11430, 140
11434, 137
11438, 119
11442, 146
11446, 129
11450, 135
11454, 142
11458, 152
11462, 144
11466, 150
11470, 137
11474, 151
11478, 125
11482, 123
11486, 126
11490, 114
11494, 105
11498, 121
11502, 107
11506, 119
11510, 122
11514, 105
11518, 133
11522, 100
11526, 107
11530, 143
11534, 127
11538, 129
11542, 107
11546, 111
11550, 105
11554, 126
11558, 130
11562, 109
11566, 118
11570, 138
11574, 116
11578, 110
11582, 146
11586, 122
11590, 117
11594, 145
11598, 124
11602, 127
11606, 116
11610, 124
11614, 131
11618, 116
11622, 114
11626, 125
11630, 110
11634, 122
11638, 123
11642, 119
11646, 150
11650, 127
11654, 113
11658, 125
11662, 119
11666, 106
11670, 111
11674, 128
11678, 114
11682, 103
11686, 130
11690, 113
11694, 108
11698, 101
11702, 117
11706, 121
11710, 137
11714, 135
11718, 106
11722, 135
11726, 129
11730, 108
11734, 123
11738, 114
11742, 129
11746, 113
11750, 116
11754, 127
11758, 126
11762, 146
11766, 126
11770, 129
11774, 139
11778, 143
11782, 128
11786, 120
11790, 118
11794, 118
11798, 132
11802, 125
11806, 131
11810, 116
11814, 111
11818, 123
11822, 113
11826, 108
11830, 115
11834, 120
11838, 129
11842, 127
11846, 106
11850, 120
11854, 129
11858, 120
11862, 137
11866, 126
11870, 125
11874, 126
11878, 110
11882, 116
11886, 130
11890, 133
11894, 129
11898, 124
11902, 134
11906, 128
11910, 132
11914, 137
11918, 135
11922, 116
11926, 125
11930, 130
11934, 130
11938, 119
11942, 116
11946, 123
11950, 121
11954, 126
11958, 121
11962, 121
11966, 113
11970, 114
11974, 130
11978, 132
11982, 116
11986, 117
11990, 115
11994, 130
11998, 94
12002, 128
12006, 129
12010, 137
12014, 119
12018, 137
12022, 141
12026, 144
12030, 135
12034, 115
12038, 133
12042, 129
12046, 138
12050, 136
12054, 129
12058, 155
12062, 129
12066, 133
12070, 112
12074, 118
12078, 124
12082, 136
12086, 143
12090, 152
12094, 124
12098, 145
12102, 126
12106, 119
12110, 113
12114, 119
12118, 137
12122, 132
12126, 139
12130, 124
12134, 121
12138, 143
12142, 127
12146, 129
12150, 142
12154, 120
12158, 156
12162, 128
12166, 126
12170, 135
12174, 132
12178, 140
12182, 127
12186, 140
12190, 149
12194, 128
12198, 148
12202, 134
12206, 128
12210, 132
12214, 151
12218, 118
12222, 122
12226, 133
12230, 120
12234, 136
12238, 131
12242, 128
12246, 139
12250, 152
12254, 124
12258, 137
12262, 143
12266, 128
12270, 123
12274, 138
12278, 145
12282, 160
12286, 107
12290, 133
12294, 129
12298, 123
12302, 132
12306, 133
12310, 134
12314, 123
12318, 135
12322, 129
12326, 138
12330, 126
12334, 147
12338, 127
12342, 136
12346, 113
12350, 121
12354, 120
12358, 169
12362, 141
12366, 119
12370, 150
12374, 108
12378, 131
12382, 141
12386, 137
12390, 130
12394, 133
12398, 145
12402, 104
12406, 132
12410, 134
12414, 127
12418, 139
12422, 124
12426, 153
12430, 128
12434, 131
12438, 136
12442, 138
12446, 137
12450, 140
12454, 156
12458, 135
12462, 141
12466, 123
12470, 133
12474, 157
12478, 155
12482, 155
12486, 136
12490, 137
12494, 133
12498, 134
12502, 155
12506, 143
12510, 136
12514, 135
12518, 149
12522, 155
12526, 129
12530, 151
12534, 147
12538, 144
12542, 156
12546, 151
12550, 137
12554, 153
12558, 137
12562, 124
12566, 140
12570, 150
12574, 128
12578, 151
12582, 158
12586, 144
12590, 144
12594, 130
12598, 126
12602, 137
12606, 133
12610, 131
12614, 148
12618, 168
12622, 143
12626, 143
12630, 162
12634, 134
12638, 133
12642, 129
12646, 138
12650, 159
12654, 148
12658, 140
12662, 138
12666, 119
12670, 129
12674, 117
12678, 157
12682, 157
12686, 137
12690, 131
12694, 153
12698, 152
12702, 137
12706, 148
12710, 117
12714, 139
12718, 144
12722, 165
12726, 128
12730, 149
12734, 144
12738, 156
12742, 134
12746, 141
12750, 149
12754, 167
12758, 147
12762, 127
12766, 151
12770, 152
12774, 161
12778, 146
12782, 171
12786, 165
12790, 163
12794, 157
12798, 147
12802, 143
12806, 147
12810, 189
12814, 138
12818, 162
12822, 159
12826, 145
12830, 159
12834, 152
12838, 142
12842, 149
12846, 138
12850, 149
12854, 135
12858, 160
12862, 154
12866, 131
12870, 133
12874, 123
12878, 125
12882, 116
12886, 122
12890, 135
12894, 123
12898, 124
12902, 111
12906, 111
12910, 114
12914, 120
12918, 102
12922, 102
12926, 117
12930, 101
12934, 108
12938, 112
12942, 106
12946, 101
12950, 107
12954, 111
12958, 113
12962, 117
12966, 101
12970, 95
12974, 112
12978, 102
12982, 107
12986, 120
12990, 133
12994, 106
12998, 100
13002, 109
13006, 106
13010, 107
13014, 99
13018, 111
13022, 104
13026, 89
13030, 99
13034, 100
13038, 103
13042, 86
13046, 102
13050, 88
13054, 81
13058, 93
13062, 110
13066, 95
13070, 97
13074, 106
13078, 99
13082, 118
13086, 105
13090, 94
13094, 90
13098, 108
13102, 109
13106, 106
13110, 76
13114, 98
13118, 99
13122, 109
13126, 95
13130, 66
13134, 88
13138, 81
13142, 96
13146, 87
13150, 78
13154, 85
13158, 86
13162, 92
13166, 74
13170, 99
13174, 79
13178, 83
13182, 72
13186, 74
13190, 102
13194, 86
13198, 90
13202, 74
13206, 72
13210, 122
13214, 111
13218, 126
13222, 106
13226, 103
13230, 132
13234, 127
13238, 103
13242, 111
13246, 104
13250, 84
13254, 86
13258, 100
13262, 85
13266, 64
13270, 81
13274, 76
13278, 79
13282, 66
13286, 83
13290, 82
13294, 74
13298, 67
13302, 70
13306, 72
13310, 98
13314, 70
13318, 67
13322, 90
13326, 101
13330, 103
13334, 88
13338, 101
13342, 104
13346, 92
13350, 73
13354, 82
13358, 60
13362, 86
13366, 60
13370, 59
13374, 77
13378, 64
13382, 67
13386, 65
13390, 91
13394, 62
13398, 48
13402, 61
13406, 74
13410, 59
13414, 65
13418, 63
13422, 53
13426, 64
13430, 53
13434, 58
13438, 65
13442, 54
13446, 52
13450, 59
13454, 54
13458, 53
13462, 55
13466, 52
13470, 65
13474, 49
13478, 54
13482, 56
13486, 52
13490, 54
13494, 46
13498, 52
13502, 41
13506, 51
13510, 48
13514, 52
13518, 52
13522, 43
13526, 46
13530, 35
13534, 41
13538, 46
13542, 45
13546, 44
13550, 39
13554, 34
13558, 27
13562, 33
13566, 46
13570, 45
13574, 41
13578, 30
13582, 42
13586, 32
13590, 41
13594, 33
13598, 33
13602, 34
13606, 30
13610, 33
13614, 36
13618, 31
13622, 33
13626, 29
13630, 35
13634, 41
13638, 50
13642, 41
13646, 28
13650, 28
13654, 30
13658, 30
13662, 29
13666, 18
13670, 30
13674, 30
13678, 37
13682, 22
13686, 24
13690, 25
13694, 30
13698, 28
13702, 29
13706, 39
13710, 22
13714, 28
13718, 29
13722, 20
13726, 31
13730, 30
13734, 22
13738, 22
13742, 22
13746, 27
13750, 24
13754, 26
13758, 28
13762, 31
13766, 27
13770, 31
13774, 46
13778, 48
13782, 64
13786, 48
13790, 68
13794, 71
13798, 82
13802, 86
13806, 64
13810, 50
13814, 39
13818, 29
13822, 29
13826, 25
13830, 27
13834, 28
13838, 28
13842, 21
13846, 22
13850, 21
13854, 22
13858, 23
13862, 27
13866, 30
13870, 22
13874, 19
13878, 26
13882, 14
13886, 26
13890, 24
13894, 20
13898, 27
13902, 29
13906, 20
13910, 27
13914, 28
13918, 16
13922, 27
13926, 24
13930, 23
13934, 22
13938, 25
13942, 26
13946, 26
13950, 28
13954, 22
13958, 21
13962, 22
13966, 19
13970, 24
13974, 15
13978, 19
13982, 25
13986, 21
13990, 20
13994, 25
13998, 28
14002, 20
14006, 20
14010, 30
14014, 16
14018, 23
14022, 17
14026, 22
14030, 32
14034, 30
14038, 25
14042, 29
14046, 28
14050, 28
14054, 38
14058, 20
14062, 33
14066, 35
14070, 33
14074, 28
14078, 36
14082, 39
14086, 41
14090, 38
14094, 57
14098, 46
14102, 91
14106, 114
14110, 167
14114, 272
14118, 452
14122, 715
14126, 1112
14130, 1506
14134, 1804
14138, 2066
14142, 1946
14146, 1820
14150, 1421
14154, 1077
14158, 708
14162, 493
14166, 338
14170, 218
14174, 179
14178, 136
14182, 108
14186, 93
14190, 66
14194, 64
14198, 53
14202, 46
14206, 33
14210, 34
14214, 45
14218, 41
14222, 35
14226, 35
14230, 56
14234, 66
14238, 104
14242, 149
14246, 207
14250, 252
14254, 258
14258, 261
14262, 247
14266, 161
14270, 151
14274, 118
14278, 74
14282, 66
14286, 44
14290, 36
14294, 31
14298, 26
14302, 21
14306, 23
14310, 24
14314, 13
14318, 13
14322, 19
14326, 19
14330, 27
14334, 35
14338, 30
14342, 25
14346, 22
14350, 23
14354, 21
14358, 17
14362, 22
14366, 19
14370, 13
14374, 9
14378, 7
14382, 15
14386, 17
14390, 12
14394, 14
14398, 16
14402, 11
14406, 15
14410, 11
14414, 18
14418, 11
14422, 12
14426, 7
14430, 7
14434, 13
14438, 12
14442, 10
14446, 14
14450, 11
14454, 11
14458, 9
14462, 12
14466, 11
14470, 10
14474, 10
14478, 13
14482, 9
14486, 13
14490, 6
14494, 7
14498, 3
14502, 4
14506, 10
14510, 11
14514, 10
14518, 15
14522, 9
14526, 12
14530, 9
14534, 10
14538, 10
14542, 12
14546, 15
14550, 9
14554, 13
14558, 8
14562, 15
14566, 10
14570, 5
14574, 7
14578, 9
14582, 6
14586, 12
14590, 7
14594, 6
14598, 9
14602, 11
14606, 7
14610, 7
14614, 7
14618, 9
14622, 10
14626, 9
14630, 7
14634, 5
14638, 12
14642, 8
14646, 5
14650, 9
14654, 4
14658, 5
14662, 4
14666, 12
14670, 12
14674, 8
14678, 13
14682, 6
14686, 13
14690, 16
14694, 10
14698, 6
14702, 12
14706, 7
14710, 7
14714, 8
14718, 10
14722, 6
14726, 9
14730, 4
14734, 8
14738, 2
14742, 12
14746, 8
14750, 9
14754, 7
14758, 9
14762, 7
14766, 3
14770, 9
14774, 8
14778, 9
14782, 3
14786, 7
14790, 5
14794, 11
14798, 10
14802, 10
14806, 8
14810, 10
14814, 9
14818, 10
14822, 12
14826, 9
14830, 15
14834, 14
14838, 10
14842, 19
14846, 20
14850, 22
14854, 15
14858, 14
14862, 9
14866, 12
14870, 9
14874, 14
14878, 5
14882, 6
14886, 7
14890, 5
14894, 6
14898, 5
14902, 5
14906, 11
14910, 7
14914, 10
14918, 7
14922, 6
14926, 12
14930, 11
14934, 8
14938, 9
14942, 15
14946, 20
14950, 34
14954, 40
14958, 40
14962, 36
14966, 34
14970, 32
14974, 15
14978, 11
14982, 8
14986, 15
14990, 4
14994, 9
14998, 8
15002, 5
15006, 9
15010, 8
15014, 8
15018, 7
15022, 6
15026, 9
15030, 5
15034, 8
15038, 8
15042, 6
15046, 8
15050, 6
15054, 10
15058, 8
15062, 6
15066, 6
15070, 4
15074, 7
15078, 6
15082, 4
15086, 6
15090, 6
15094, 6
15098, 7
15102, 7
15106, 9
15110, 6
15114, 8
15118, 8
15122, 6
15126, 4
15130, 5
15134, 6
15138, 4
15142, 4
15146, 7
15150, 3
15154, 5
15158, 6
15162, 8
15166, 6
15170, 2
15174, 6
15178, 1
15182, 4
15186, 2
15190, 4
15194, 9
15198, 3
15202, 6
15206, 6
15210, 6
15214, 3
15218, 8
15222, 6
15226, 6
15230, 6
15234, 11
15238, 10
15242, 8
15246, 14
15250, 9
15254, 9
15258, 9
15262, 6
15266, 6
15270, 6
15274, 7
15278, 5
15282, 3
15286, 4
15290, 2
15294, 6
15298, 4
15302, 6
15306, 7
15310, 3
15314, 3
15318, 5
15322, 4
15326, 2
15330, 1
15334, 6
15338, 3
15342, 5
15346, 1
15350, 6
15354, 7
15358, 7
15362, 7
15366, 2
15370, 6
15374, 4
15378, 6
15382, 4
15386, 8
15390, 3
15394, 2
15398, 1
15402, 4
15406, 4
15410, 7
15414, 2
15418, 2
15422, 10
15426, 6
15430, 1
15434, 3
15438, 5
15442, 8
15446, 2
15450, 4
15454, 2
15458, 1
15462, 4
15466, 2
15470, 1
15474, 3
15482, 7
15486, 7
15490, 6
15494, 3
15498, 2
15502, 2
15506, 3
15510, 5
15514, 3
15518, 4
15522, 3
15526, 2
15530, 6
15534, 3
15538, 3
15542, 4
15546, 4
15550, 4
15554, 7
15558, 4
15562, 5
15566, 2
15570, 3
15574, 4
15578, 3
15582, 4
15586, 4
15590, 3
15594, 4
15598, 7
15602, 5
15606, 10
15610, 7
15614, 10
15618, 11
15622, 14
15626, 9
15630, 15
15634, 13
15638, 22
15642, 16
15646, 25
15650, 24
15654, 34
15658, 67
15662, 56
15666, 54
15670, 44
15674, 42
15678, 35
15682, 15
15686, 10
15690, 13
15694, 12
15698, 16
15702, 9
15706, 8
15710, 6
15714, 6
15718, 7
15722, 8
15726, 4
15730, 3
15734, 8
15738, 7
15742, 8
15746, 5
15750, 10
15754, 20
15758, 13
15762, 28
15766, 29
15770, 49
15774, 59
15778, 62
15782, 69
15786, 43
15790, 40
15794, 23
15798, 28
15802, 12
15806, 18
15810, 9
15814, 6
15818, 3
15822, 12
15826, 7
15830, 6
15834, 5
15838, 2
15842, 3
15846, 10
15850, 4
15854, 4
15858, 5
15862, 3
15866, 2
15870, 3
15878, 3
15882, 2
15886, 5
15890, 5
15894, 7
15898, 5
15902, 8
15906, 7
15910, 3
15914, 5
15918, 5
15922, 6
15926, 4
15930, 3
15934, 6
15938, 3
15942, 2
15946, 3
15950, 3
15954, 10
15958, 4
15962, 2
15966, 3
15970, 4
15974, 8
15982, 3
15986, 1
15990, 3
15994, 5
15998, 4
