2, 206413
6, 328
10, 343
14, 475
18, 834
22, 1250
26, 2152
30, 3126
34, 4352
38, 5650
42, 7019
46, 7639
50, 8651
54, 9048
58, 9442
62, 9962
66, 10095
70, 10380
74, 10338
78, 10500
82, 10808
86, 10757
90, 10893
94, 10910
98, 11112
102, 11207
106, 11155
110, 11450
114, 11534
118, 11616
122, 11720
126, 11994
130, 12230
134, 12421
138, 12565
142, 12579
146, 12823
150, 12698
154, 12734
158, 13079
162, 13243
166, 13254
170, 13535
174, 13740
178, 13879
182, 13780
186, 14200
190, 14079
194, 14323
198, 14472
202, 14587
206, 14751
210, 14797
214, 14782
218, 14902
222, 14999
226, 15175
230, 15068
234, 15280
238, 15496
242, 15402
246, 15362
250, 15487
254, 15668
258, 15623
262, 15732
266, 15819
270, 15867
274, 15996
278, 16040
282, 16201
286, 16062
290, 16056
294, 16205
298, 16275
302, 16245
306, 16349
310, 16326
314, 16415
318, 16573
322, 16433
326, 16961
330, 16818
334, 16939
338, 16958
342, 16923
346, 17219
350, 17092
354, 17322
358, 17400
362, 17253
366, 17198
370, 17621
374, 17534
378, 17554
382, 17702
386, 18107
390, 17978
394, 18382
398, 18590
402, 18833
406, 18876
410, 18662
414, 18888
418, 18798
422, 18656
426, 18330
430, 18515
434, 18474
438, 18600
442, 18798
446, 18623
450, 18513
454, 18721
458, 19041
462, 19394
466, 19128
470, 19106
474, 19279
478, 19568
482, 19088
486, 19058
490, 19326
494, 19446
498, 19207
502, 19248
506, 19520
510, 19583
514, 19387
518, 19419
522, 19251
526, 19662
530, 19563
534, 19532
538, 19410
542, 19517
546, 19560
550, 19776
554, 19861
558, 19963
562, 19913
566, 19399
570, 19938
574, 19917
578, 20114
582, 19817
586, 20197
590, 20355
594, 20165
598, 20344
602, 20203
606, 20452
610, 20381
614, 20868
618, 20875
622, 20632
626, 20589
630, 20774
634, 20568
638, 20722
642, 20871
646, 20666
650, 20827
654, 20616
658, 20763
662, 20735
666, 20480
670, 20316
674, 20844
678, 20725
682, 20534
686, 20734
690, 20716
694, 20584
698, 20708
702, 20818
706, 20681
710, 20620
714, 20747
718, 20610
722, 20493
726, 20830
730, 20581
734, 20428
738, 20592
742, 20523
746, 20585
750, 20264
754, 20253
758, 20242
762, 20481
766, 19972
770, 19863
774, 20303
778, 20061
782, 20295
786, 20129
790, 19974
794, 19899
798, 19848
802, 20052
806, 19725
810, 19995
814, 19697
818, 19688
822, 19877
826, 19808
830, 19518
834, 19682
838, 19627
842, 19379
846, 19808
850, 19288
854, 19205
858, 19245
862, 19179
866, 19428
870, 19635
874, 19504
878, 18997
882, 19369
886, 19117
890, 19215
894, 19182
898, 18788
902, 19012
906, 18907
910, 18583
914, 18699
918, 18932
922, 18768
926, 18762
930, 18699
934, 18576
938, 18886
942, 18652
946, 19115
950, 18989
954, 19069
958, 19176
962, 19468
966, 19324
970, 19532
974, 20235
978, 20354
982, 20380
986, 20755
990, 21013
994, 21083
998, 21147
1002, 21437
1006, 21089
1010, 21113
1014, 21180
1018, 21075
1022, 21144
1026, 20667
1030, 21141
1034, 20982
1038, 21028
1042, 20780
1046, 20567
1050, 20541
1054, 20347
1058, 20486
1062, 20224
1066, 20251
1070, 19737
1074, 19943
1078, 20044
1082, 19438
1086, 19342
1090, 19242
1094, 19104
1098, 19072
1102, 18839
1106, 19058
1110, 18802
1114, 18764
1118, 18425
1122, 18558
1126, 18355
1130, 18143
1134, 17983
1138, 17896
1142, 17701
1146, 17786
1150, 17929
1154, 17478
1158, 17551
1162, 17563
1166, 17300
1170, 16859
1174, 17133
1178, 17151
1182, 16960
1186, 16936
1190, 16921
1194, 16629
1198, 16675
1202, 16423
1206, 16174
1210, 16371
1214, 16460
1218, 16263
1222, 16150
1226, 16152
1230, 16173
1234, 16110
1238, 16076
1242, 16005
1246, 15794
1250, 15923
1254, 16018
1258, 15844
1262, 16036
1266, 16061
1270, 15734
1274, 15864
1278, 15994
1282, 15769
1286, 15492
1290, 15351
1294, 15727
1298, 15402
1302, 15437
1306, 15321
1310, 15490
1314, 15346
1318, 15377
1322, 15021
1326, 14836
1330, 14672
1334, 14840
1338, 14590
1342, 14568
1346, 14695
1350, 14546
1354, 14639
1358, 14400
1362, 14191
1366, 14235
1370, 14212
1374, 13942
1378, 14020
1382, 14076
1386, 13991
1390, 13835
1394, 13846
1398, 13817
1402, 13741
1406, 13586
1410, 13478
1414, 13431
1418, 13392
1422, 13401
1426, 13447
1430, 13434
1434, 13310
1438, 13201
1442, 13315
1446, 13019
1450, 13004
1454, 13025
1458, 12912
1462, 12986
1466, 12792
1470, 12720
1474, 12770
1478, 12880
1482, 12549
1486, 12586
1490, 12439
1494, 12398
1498, 12262
1502, 12362
1506, 12236
1510, 12380
1514, 12387
1518, 12236
1522, 11806
1526, 12088
1530, 12110
1534, 11891
1538, 11870
1542, 11868
1546, 11789
1550, 11802
1554, 11839
1558, 11576
1562, 11742
1566, 11654
1570, 11768
1574, 11610
1578, 11705
1582, 11559
1586, 11398
1590, 11437
1594, 11386
1598, 11396
1602, 11385
1606, 11340
1610, 11319
1614, 11301
1618, 11289
1622, 11275
1626, 11419
1630, 11143
1634, 11150
1638, 11205
1642, 11092
1646, 11150
1650, 10984
1654, 11002
1658, 10974
1662, 11129
1666, 11088
1670, 11132
1674, 11076
1678, 10987
1682, 10822
1686, 10775
1690, 10789
1694, 10802
1698, 10884
1702, 10805
1706, 10736
1710, 10569
1714, 10560
1718, 10893
1722, 10635
1726, 10807
1730, 10550
1734, 10676
1738, 10585
1742, 10504
1746, 10623
1750, 10686
1754, 10681
1758, 10535
1762, 10582
1766, 10608
1770, 10525
1774, 10384
1778, 10472
1782, 10497
1786, 10475
1790, 10350
1794, 10417
1798, 10529
1802, 10376
1806, 10349
1810, 10269
1814, 10606
1818, 10485
1822, 10340
1826, 10320
1830, 10279
1834, 10405
1838, 10307
1842, 10259
1846, 10368
1850, 10326
1854, 10185
1858, 10364
1862, 10181
1866, 10429
1870, 10117
1874, 10399
1878, 10292
1882, 10119
1886, 10301
1890, 10299
1894, 10297
1898, 10206
1902, 9949
1906, 10281
1910, 10178
1914, 9988
1918, 9945
1922, 10236
1926, 10482
1930, 10245
1934, 10209
1938, 10328
1942, 9992
1946, 10237
1950, 10176
1954, 10241
1958, 10133
1962, 10319
1966, 10178
1970, 10284
1974, 10377
1978, 10436
1982, 10230
1986, 10284
1990, 10153
1994, 10314
1998, 10274
2002, 10192
2006, 10142
2010, 10207
2014, 10327
2018, 10259
2022, 10408
2026, 10364
2030, 10440
2034, 10516
2038, 10352
2042, 10349
2046, 10655
2050, 10354
2054, 10636
2058, 10447
2062, 10314
2066, 10619
2070, 10295
2074, 10649
2078, 10542
2082, 10571
2086, 10509
2090, 10711
2094, 10325
2098, 10541
2102, 10731
2106, 10486
2110, 10692
2114, 10615
2118, 10682
2122, 10311
2126, 10527
2130, 10400
2134, 10614
2138, 10313
2142, 10566
2146, 10439
2150, 10575
2154, 10325
2158, 10356
2162, 10264
2166, 10454
2170, 10256
2174, 10234
2178, 10305
2182, 10322
2186, 10144
2190, 10119
2194, 10049
2198, 10284
2202, 9932
2206, 9883
2210, 9882
2214, 9823
2218, 9583
2222, 9522
2226, 9335
2230, 8996
2234, 8828
2238, 8523
2242, 8599
2246, 8289
2250, 8002
2254, 7832
2258, 7561
2262, 7688
2266, 7305
2270, 7293
2274, 7360
2278, 7278
2282, 6839
2286, 6886
2290, 6744
2294, 6783
2298, 6718
2302, 6449
2306, 6473
2310, 6596
2314, 6397
2318, 6334
2322, 6452
2326, 6427
2330, 6278
2334, 6324
2338, 6264
2342, 6115
2346, 5852
2350, 5944
2354, 5896
2358, 5900
2362, 5820
2366, 5751
2370, 5745
2374, 5793
2378, 5688
2382, 5579
2386, 5534
2390, 5600
2394, 5662
2398, 5400
2402, 5498
2406, 5376
2410, 5315
2414, 5268
2418, 5212
2422, 5120
2426, 5000
2430, 5098
2434, 5228
2438, 5153
2442, 5008
2446, 5024
2450, 4881
2454, 4954
2458, 4809
2462, 4821
2466, 4830
2470, 4877
2474, 4652
2478, 4643
2482, 4724
2486, 4654
2490, 4602
2494, 4605
2498, 4692
2502, 4598
2506, 4537
2510, 4458
2514, 4408
2518, 4371
2522, 4324
2526, 4351
2530, 4324
2534, 4226
2538, 4292
2542, 4245
2546, 4104
2550, 4069
2554, 4048
2558, 4051
2562, 4033
2566, 4068
2570, 3967
2574, 3834
2578, 4046
2582, 3946
2586, 3836
2590, 3766
2594, 3738
2598, 3837
2602, 3724
2606, 3685
2610, 3643
2614, 3653
2618, 3606
2622, 3735
2626, 3477
2630, 3519
2634, 3530
2638, 3608
2642, 3440
2646, 3423
2650, 3343
2654, 3370
2658, 3338
2662, 3310
2666, 3375
2670, 3448
2674, 3445
2678, 3530
2682, 3605
2686, 3543
2690, 3574
2694, 3421
2698, 3324
2702, 3266
2706, 3213
2710, 3219
2714, 3214
2718, 3205
2722, 3169
2726, 3155
2730, 3142
2734, 3134
2738, 3142
2742, 3138
2746, 3082
2750, 3055
2754, 3100
2758, 3086
2762, 3110
2766, 3106
2770, 3120
2774, 3200
2778, 3283
2782, 3310
2786, 3640
2790, 4041
2794, 4934
2798, 5579
2802, 6203
2806, 6563
2810, 6209
2814, 5589
2818, 4869
2822, 4327
2826, 3799
2830, 3441
2834, 3155
2838, 3142
2842, 2955
2846, 2984
2850, 2779
2854, 2891
2858, 2865
2862, 2834
2866, 2681
2870, 2663
2874, 2714
2878, 2658
2882, 2787
2886, 2801
2890, 2686
2894, 2666
2898, 2709
2902, 2680
2906, 2546
2910, 2574
2914, 2479
2918, 2611
2922, 2584
2926, 2526
2930, 2531
2934, 2544
2938, 2550
2942, 2560
2946, 2584
2950, 2402
2954, 2502
2958, 2510
2962, 2539
2966, 2490
2970, 2424
2974, 2458
2978, 2494
2982, 2481
2986, 2426
2990, 2478
2994, 2451
2998, 2491
3002, 2474
3006, 2417
3010, 2430
3014, 2477
3018, 2517
3022, 2490
3026, 2393
3030, 2362
3034, 2484
3038, 2449
3042, 2442
3046, 2474
3050, 2495
3054, 2482
3058, 2456
3062, 2613
3066, 2488
3070, 2733
3074, 2915
3078, 3143
3082, 3587
3086, 4433
3090, 6937
3094, 11496
3098, 18409
3102, 25562
3106, 29614
3110, 28587
3114, 22451
3118, 15297
3122, 9683
3126, 6196
3130, 4668
3134, 3999
3138, 3730
3142, 3670
3146, 3581
3150, 3464
3154, 3423
3158, 3249
3162, 3557
3166, 3606
3170, 3664
3174, 3713
3178, 3743
3182, 3950
3186, 4432
3190, 5116
3194, 6341
3198, 8240
3202, 11856
3206, 20730
3210, 40057
3214, 74712
3218, 118666
3222, 155191
3226, 163680
3230, 137438
3234, 92268
3238, 52208
3242, 27691
3246, 15527
3250, 10520
3254, 8860
3258, 8257
3262, 7759
3266, 6795
3270, 5881
3274, 4867
3278, 4000
3282, 3789
3286, 3711
3290, 3465
3294, 3398
3298, 3016
3302, 2834
3306, 2534
3310, 2507
3314, 2385
3318, 2365
3322, 2214
3326, 2003
3330, 1863
3334, 1707
3338, 1678
3342, 1609
3346, 1738
3350, 1697
3354, 1698
3358, 1755
3362, 1675
3366, 1676
3370, 1675
3374, 1716
3378, 1751
3382, 1756
3386, 1806
3390, 1794
3394, 1773
3398, 1640
3402, 1522
3406, 1517
3410, 1514
3414, 1478
3418, 1469
3422, 1468
3426, 1477
3430, 1515
3434, 1428
3438, 1421
3442, 1444
3446, 1371
3450, 1414
3454, 1422
3458, 1313
3462, 1339
3466, 1409
3470, 1413
3474, 1402
3478, 1394
3482, 1427
3486, 1447
3490, 1408
3494, 1440
3498, 1432
3502, 1360
3506, 1399
3510, 1402
3514, 1392
3518, 1397
3522, 1423
3526, 1462
3530, 1420
3534, 1366
3538, 1417
3542, 1456
3546, 1330
3550, 1409
3554, 1376
3558, 1350
3562, 1333
3566, 1385
3570, 1383
3574, 1364
3578, 1328
3582, 1346
3586, 1345
3590, 1320
3594, 1397
3598, 1406
3602, 1342
3606, 1443
3610, 1354
3614, 1399
3618, 1384
3622, 1337
3626, 1435
3630, 1293
3634, 1443
3638, 1311
3642, 1373
3646, 1323
3650, 1337
3654, 1342
3658, 1382
3662, 1318
3666, 1382
3670, 1361
3674, 1325
3678, 1339
3682, 1310
3686, 1366
3690, 1316
3694, 1356
3698, 1269
3702, 1315
3706, 1313
3710, 1314
3714, 1278
3718, 1327
3722, 1336
3726, 1271
3730, 1312
3734, 1324
3738, 1338
3742, 1313
3746, 1360
3750, 1309
3754, 1297
3758, 1305
3762, 1355
3766, 1369
3770, 1312
3774, 1338
3778, 1350
3782, 1342
3786, 1402
3790, 1302
3794, 1285
3798, 1321
3802, 1310
3806, 1301
3810, 1311
3814, 1312
3818, 1334
3822, 1351
3826, 1280
3830, 1289
3834, 1260
3838, 1244
3842, 1301
3846, 1401
3850, 1280
3854, 1319
3858, 1292
3862, 1228
3866, 1331
3870, 1283
3874, 1260
3878, 1312
3882, 1275
3886, 1303
3890, 1278
3894, 1308
3898, 1274
3902, 1227
3906, 1238
3910, 1273
3914, 1222
3918, 1284
3922, 1353
3926, 1286
3930, 1291
3934, 1305
3938, 1237
3942, 1300
3946, 1285
3950, 1248
3954, 1268
3958, 1229
3962, 1287
3966, 1187
3970, 1304
3974, 1318
3978, 1262
3982, 1277
3986, 1327
3990, 1272
3994, 1278
3998, 1324
4002, 1294
4006, 1272
4010, 1267
4014, 1209
4018, 1326
4022, 1278
4026, 1281
4030, 1230
4034, 1235
4038, 1291
4042, 1249
4046, 1343
4050, 1250
4054, 1226
4058, 1280
4062, 1220
4066, 1219
4070, 1236
4074, 1224
4078, 1203
4082, 1215
4086, 1203
4090, 1214
4094, 1215
4098, 1242
4102, 1280
4106, 1302
4110, 1253
4114, 1246
4118, 1245
4122, 1258
4126, 1256
4130, 1275
4134, 1222
4138, 1218
4142, 1249
4146, 1222
4150, 1230
4154, 1181
4158, 1223
4162, 1229
4166, 1226
4170, 1278
4174, 1216
4178, 1180
4182, 1201
4186, 1172
4190, 1271
4194, 1223
4198, 1229
4202, 1199
4206, 1193
4210, 1243
4214, 1136
4218, 1219
4222, 1252
4226, 1204
4230, 1217
4234, 1195
4238, 1212
4242, 1268
4246, 1212
4250, 1195
4254, 1172
4258, 1176
4262, 1275
4266, 1176
4270, 1180
4274, 1254
4278, 1188
4282, 1129
4286, 1177
4290, 1196
4294, 1263
4298, 1169
4302, 1169
4306, 1117
4310, 1238
4314, 1172
4318, 1195
4322, 1271
4326, 1172
4330, 1227
4334, 1201
4338, 1208
4342, 1225
4346, 1165
4350, 1202
4354, 1205
4358, 1231
4362, 1229
4366, 1219
4370, 1179
4374, 1222
4378, 1206
4382, 1229
4386, 1203
4390, 1185
4394, 1186
4398, 1167
4402, 1196
4406, 1214
4410, 1136
4414, 1180
4418, 1223
4422, 1162
4426, 1186
4430, 1327
4434, 1291
4438, 1362
4442, 1340
4446, 1334
4450, 1298
4454, 1238
4458, 1199
4462, 1265
4466, 1153
4470, 1152
4474, 1147
4478, 1183
4482, 1213
4486, 1183
4490, 1218
4494, 1213
4498, 1192
4502, 1170
4506, 1203
4510, 1170
4514, 1202
4518, 1221
4522, 1202
4526, 1232
4530, 1212
4534, 1163
4538, 1097
4542, 1176
4546, 1203
4550, 1202
4554, 1209
4558, 1147
4562, 1175
4566, 1166
4570, 1211
4574, 1126
4578, 1173
4582, 1236
4586, 1155
4590, 1176
4594, 1151
4598, 1116
4602, 1150
4606, 1142
4610, 1192
4614, 1175
4618, 1178
4622, 1149
4626, 1170
4630, 1127
4634, 1202
4638, 1157
4642, 1192
4646, 1127
4650, 1164
4654, 1129
4658, 1156
4662, 1200
4666, 1168
4670, 1197
4674, 1173
4678, 1179
4682, 1185
4686, 1134
4690, 1156
4694, 1071
4698, 1175
4702, 1174
4706, 1132
4710, 1162
4714, 1203
4718, 1186
4722, 1157
4726, 1246
4730, 1249
4734, 1259
4738, 1289
4742, 1278
4746, 1263
4750, 1238
4754, 1161
4758, 1169
4762, 1173
4766, 1163
4770, 1133
4774, 1106
4778, 1187
4782, 1192
4786, 1143
4790, 1153
4794, 1162
4798, 1144
4802, 1172
4806, 1125
4810, 1148
4814, 1101
4818, 1110
4822, 1178
4826, 1115
4830, 1153
4834, 1165
4838, 1192
4842, 1127
4846, 1137
4850, 1105
4854, 1139
4858, 1213
4862, 1145
4866, 1150
4870, 1141
4874, 1128
4878, 1115
4882, 1116
4886, 1197
4890, 1161
4894, 1126
4898, 1194
4902, 1153
4906, 1153
4910, 1148
4914, 1129
4918, 1119
4922, 1105
4926, 1127
4930, 1173
4934, 1097
4938, 1093
4942, 1237
4946, 1158
4950, 1167
4954, 1125
4958, 1128
4962, 1122
4966, 1107
4970, 1162
4974, 1141
4978, 1173
4982, 1193
4986, 1152
4990, 1150
4994, 1104
4998, 1194
5002, 1182
5006, 1114
5010, 1192
5014, 1152
5018, 1161
5022, 1126
5026, 1095
5030, 1172
5034, 1096
5038, 1080
5042, 1214
5046, 1128
5050, 1169
5054, 1130
5058, 1153
5062, 1134
5066, 1071
5070, 1231
5074, 1096
5078, 1108
5082, 1155
5086, 1095
5090, 1127
5094, 1102
5098, 1145
5102, 1155
5106, 1150
5110, 1181
5114, 1098
5118, 1116
5122, 1101
5126, 1089
5130, 1145
5134, 1153
5138, 1063
5142, 1155
5146, 1063
5150, 1123
5154, 1151
5158, 1116
5162, 1077
5166, 1091
5170, 1104
5174, 1105
5178, 1073
5182, 1137
5186, 1099
5190, 1109
5194, 1138
5198, 1142
5202, 1139
5206, 1161
5210, 1072
5214, 1053
5218, 1065
5222, 1106
5226, 1118
5230, 1110
5234, 1093
5238, 1093
5242, 1139
5246, 1117
5250, 1074
5254, 1122
5258, 1173
5262, 1125
5266, 1153
5270, 1163
5274, 1125
5278, 1105
5282, 1071
5286, 1147
5290, 1102
5294, 1112
5298, 1127
5302, 1128
5306, 1066
5310, 1153
5314, 1114
5318, 1144
5322, 1094
5326, 1149
5330, 1175
5334, 1120
5338, 1089
5342, 1069
5346, 1119
5350, 1119
5354, 1080
5358, 1154
5362, 1084
5366, 1143
5370, 1158
5374, 1115
5378, 1114
5382, 1119
5386, 1175
5390, 1170
5394, 1134
5398, 1128
5402, 1158
5406, 1187
5410, 1183
5414, 1197
5418, 1093
5422, 1231
5426, 1234
5430, 1221
5434, 1526
5438, 1674
5442, 2184
5446, 3082
5450, 3921
5454, 4596
5458, 4451
5462, 3928
5466, 3007
5470, 2257
5474, 1817
5478, 1581
5482, 1395
5486, 1368
5490, 1399
5494, 1309
5498, 1284
5502, 1340
5506, 1223
5510, 1253
5514, 1311
5518, 1254
5522, 1235
5526, 1269
5530, 1204
5534, 1186
5538, 1189
5542, 1264
5546, 1181
5550, 1219
5554, 1202
5558, 1239
5562, 1235
5566, 1224
5570, 1210
5574, 1189
5578, 1157
5582, 1279
5586, 1275
5590, 1251
5594, 1323
5598, 1218
5602, 1232
5606, 1229
5610, 1307
5614, 1230
5618, 1220
5622, 1190
5626, 1227
5630, 1268
5634, 1204
5638, 1219
5642, 1217
5646, 1234
5650, 1192
5654, 1200
5658, 1173
5662, 1167
5666, 1256
5670, 1153
5674, 1211
5678, 1246
5682, 1169
5686, 1241
5690, 1160
5694, 1260
5698, 1309
5702, 1293
5706, 1368
5710, 1316
5714, 1311
5718, 1298
5722, 1353
5726, 1299
5730, 1279
5734, 1269
5738, 1257
5742, 1235
5746, 1305
5750, 1234
5754, 1297
5758, 1199
5762, 1209
5766, 1215
5770, 1234
5774, 1253
5778, 1248
5782, 1239
5786, 1195
5790, 1315
5794, 1175
5798, 1257
5802, 1308
5806, 1237
5810, 1235
5814, 1239
5818, 1154
5822, 1282
5826, 1263
5830, 1188
5834, 1225
5838, 1158
5842, 1228
5846, 1221
5850, 1312
5854, 1260
5858, 1209
5862, 1286
5866, 1273
5870, 1291
5874, 1274
5878, 1227
5882, 1229
5886, 1272
5890, 1266
5894, 1252
5898, 1213
5902, 1226
5906, 1263
5910, 1251
5914, 1272
5918, 1185
5922, 1182
5926, 1172
5930, 1224
5934, 1198
5938, 1221
5942, 1229
5946, 1151
5950, 1208
5954, 1176
5958, 1247
5962, 1184
5966, 1226
5970, 1255
5974, 1166
5978, 1180
5982, 1180
5986, 1203
5990, 1247
5994, 1250
5998, 1204
6002, 1182
6006, 1234
6010, 1216
6014, 1180
6018, 1271
6022, 1195
6026, 1206
6030, 1195
6034, 1254
6038, 1260
6042, 1207
6046, 1271
6050, 1238
6054, 1217
6058, 1229
6062, 1269
6066, 1178
6070, 1247
6074, 1203
6078, 1209
6082, 1237
6086, 1218
6090, 1139
6094, 1290
6098, 1233
6102, 1250
6106, 1205
6110, 1210
6114, 1204
6118, 1185
6122, 1166
6126, 1187
6130, 1200
6134, 1189
6138, 1233
6142, 1237
6146, 1174
6150, 1174
6154, 1174
6158, 1221
6162, 1191
6166, 1219
6170, 1285
6174, 1249
6178, 1145
6182, 1192
6186, 1232
6190, 1183
6194, 1173
6198, 1119
6202, 1230
6206, 1231
6210, 1245
6214, 1203
6218, 1148
6222, 1266
6226, 1185
6230, 1206
6234, 1226
6238, 1187
6242, 1149
6246, 1207
6250, 1211
6254, 1142
6258, 1215
6262, 1151
6266, 1254
6270, 1191
6274, 1233
6278, 1184
6282, 1136
6286, 1178
6290, 1196
6294, 1195
6298, 1210
6302, 1212
6306, 1269
6310, 1256
6314, 1162
6318, 1225
6322, 1156
6326, 1157
6330, 1197
6334, 1269
6338, 1223
6342, 1170
6346, 1159
6350, 1206
6354, 1195
6358, 1262
6362, 1215
6366, 1223
6370, 1241
6374, 1166
6378, 1249
6382, 1249
6386, 1215
6390, 1190
6394, 1168
6398, 1244
6402, 1255
6406, 1204
6410, 1239
6414, 1249
6418, 1231
6422, 1239
6426, 1189
6430, 1248
6434, 1289
6438, 1184
6442, 1267
6446, 1250
6450, 1160
6454, 1194
6458, 1226
6462, 1204
6466, 1252
6470, 1248
6474, 1222
6478, 1227
6482, 1205
6486, 1255
6490, 1267
6494, 1173
6498, 1178
6502, 1275
6506, 1261
6510, 1199
6514, 1198
6518, 1258
6522, 1138
6526, 1201
6530, 1200
6534, 1248
6538, 1206
6542, 1267
6546, 1240
6550, 1182
6554, 1238
6558, 1233
6562, 1238
6566, 1261
6570, 1202
6574, 1260
6578, 1198
6582, 1196
6586, 1270
6590, 1191
6594, 1183
6598, 1192
6602, 1188
6606, 1226
6610, 1236
6614, 1202
6618, 1265
6622, 1265
6626, 1174
6630, 1192
6634, 1262
6638, 1264
6642, 1234
6646, 1223
6650, 1265
6654, 1205
6658, 1198
6662, 1231
6666, 1239
6670, 1240
6674, 1243
6678, 1298
6682, 1264
6686, 1234
6690, 1217
6694, 1184
6698, 1233
6702, 1210
6706, 1150
6710, 1214
6714, 1216
6718, 1226
6722, 1273
6726, 1179
6730, 1209
6734, 1204
6738, 1182
6742, 1254
6746, 1210
6750, 1213
6754, 1294
6758, 1226
6762, 1252
6766, 1281
6770, 1283
6774, 1227
6778, 1249
6782, 1219
6786, 1199
6790, 1225
6794, 1298
6798, 1232
6802, 1243
6806, 1245
6810, 1261
6814, 1246
6818, 1271
6822, 1300
6826, 1237
6830, 1221
6834, 1308
6838, 1235
6842, 1226
6846, 1246
6850, 1282
6854, 1308
6858, 1216
6862, 1242
6866, 1219
6870, 1259
6874, 1197
6878, 1278
6882, 1310
6886, 1293
6890, 1274
6894, 1326
6898, 1281
6902, 1273
6906, 1317
6910, 1222
6914, 1297
6918, 1261
6922, 1230
6926, 1328
6930, 1247
6934, 1341
6938, 1256
6942, 1242
6946, 1247
6950, 1253
6954, 1248
6958, 1254
6962, 1267
6966, 1247
6970, 1297
6974, 1263
6978, 1242
6982, 1305
6986, 1248
6990, 1249
6994, 1293
6998, 1253
7002, 1269
7006, 1351
7010, 1295
7014, 1209
7018, 1275
7022, 1202
7026, 1303
7030, 1276
7034, 1302
7038, 1299
7042, 1226
7046, 1233
7050, 1332
7054, 1315
7058, 1222
7062, 1348
7066, 1269
7070, 1266
7074, 1254
7078, 1256
7082, 1329
7086, 1252
7090, 1295
7094, 1318
7098, 1390
7102, 1323
7106, 1346
7110, 1407
7114, 1367
7118, 1489
7122, 1593
7126, 1980
7130, 2314
7134, 2585
7138, 2614
7142, 2549
7146, 2198
7150, 1848
7154, 1627
7158, 1553
7162, 1411
7166, 1411
7170, 1331
7174, 1356
7178, 1355
7182, 1358
7186, 1453
7190, 1295
7194, 1312
7198, 1317
7202, 1330
7206, 1319
7210, 1286
7214, 1387
7218, 1298
7222, 1299
7226, 1291
7230, 1349
7234, 1315
7238, 1326
7242, 1319
7246, 1301
7250, 1291
7254, 1383
7258, 1263
7262, 1316
7266, 1303
7270, 1305
7274, 1350
7278, 1291
7282, 1285
7286, 1226
7290, 1313
7294, 1297
7298, 1336
7302, 1368
7306, 1326
7310, 1268
7314, 1351
7318, 1294
7322, 1311
7326, 1320
7330, 1344
7334, 1357
7338, 1280
7342, 1253
7346, 1298
7350, 1292
7354, 1272
7358, 1282
7362, 1279
7366, 1351
7370, 1325
7374, 1365
7378, 1303
7382, 1261
7386, 1281
7390, 1322
7394, 1345
7398, 1302
7402, 1312
7406, 1362
7410, 1298
7414, 1257
7418, 1277
7422, 1283
7426, 1351
7430, 1325
7434, 1354
7438, 1282
7442, 1352
7446, 1281
7450, 1272
7454, 1332
7458, 1267
7462, 1352
7466, 1257
7470, 1339
7474, 1351
7478, 1328
7482, 1312
7486, 1289
7490, 1368
7494, 1271
7498, 1283
7502, 1337
7506, 1219
7510, 1300
7514, 1265
7518, 1265
7522, 1304
7526, 1293
7530, 1319
7534, 1315
7538, 1316
7542, 1335
7546, 1338
7550, 1386
7554, 1360
7558, 1423
7562, 1334
7566, 1418
7570, 1279
7574, 1322
7578, 1271
7582, 1347
7586, 1353
7590, 1312
7594, 1278
7598, 1350
7602, 1264
7606, 1336
7610, 1311
7614, 1280
7618, 1331
7622, 1329
7626, 1359
7630, 1277
7634, 1348
7638, 1326
7642, 1322
7646, 1390
7650, 1312
7654, 1306
7658, 1295
7662, 1316
7666, 1304
7670, 1339
7674, 1296
7678, 1340
7682, 1344
7686, 1377
7690, 1345
7694, 1313
7698, 1326
7702, 1309
7706, 1309
7710, 1304
7714, 1304
7718, 1308
7722, 1318
7726, 1357
7730, 1338
7734, 1316
7738, 1397
7742, 1371
7746, 1371
7750, 1393
7754, 1358
7758, 1303
7762, 1337
7766, 1386
7770, 1289
7774, 1355
7778, 1337
7782, 1392
7786, 1335
7790, 1380
7794, 1333
7798, 1364
7802, 1382
7806, 1363
7810, 1371
7814, 1455
7818, 1407
7822, 1328
7826, 1370
7830, 1362
7834, 1300
7838, 1322
7842, 1385
7846, 1341
7850, 1377
7854, 1375
7858, 1360
7862, 1401
7866, 1386
7870, 1416
7874, 1333
7878, 1317
7882, 1304
7886, 1434
7890, 1405
7894, 1390
7898, 1385
7902, 1314
7906, 1359
7910, 1409
7914, 1336
7918, 1384
7922, 1412
7926, 1312
7930, 1330
7934, 1397
7938, 1374
7942, 1311
7946, 1370
7950, 1379
7954, 1446
7958, 1467
7962, 1420
7966, 1455
7970, 1427
7974, 1441
7978, 1403
7982, 1409
7986, 1415
7990, 1355
7994, 1379
7998, 1446
8002, 1390
8006, 1356
8010, 1465
8014, 1412
8018, 1409
8022, 1371
8026, 1440
8030, 1460
8034, 1509
8038, 1464
8042, 1522
8046, 1431
8050, 1500
8054, 1467
8058, 1421
8062, 1409
8066, 1392
8070, 1474
8074, 1428
8078, 1405
8082, 1442
8086, 1447
8090, 1451
8094, 1397
8098, 1441
8102, 1434
8106, 1484
8110, 1493
8114, 1467
8118, 1450
8122, 1383
8126, 1440
8130, 1472
8134, 1465
8138, 1446
8142, 1409
8146, 1449
8150, 1417
8154, 1455
8158, 1450
8162, 1457
8166, 1404
8170, 1485
8174, 1494
8178, 1527
8182, 1425
8186, 1422
8190, 1452
8194, 1467
8198, 1448
8202, 1505
8206, 1490
8210, 1510
8214, 1441
8218, 1516
8222, 1541
8226, 1519
8230, 1565
8234, 1573
8238, 1644
8242, 1811
8246, 1976
8250, 2250
8254, 2788
8258, 3515
8262, 4103
8266, 4489
8270, 4405
8274, 3887
8278, 3396
8282, 2943
8286, 2508
8290, 2108
8294, 1950
8298, 1774
8302, 1710
8306, 1662
8310, 1681
8314, 1522
8318, 1573
8322, 1572
8326, 1520
8330, 1555
8334, 1572
8338, 1552
8342, 1567
8346, 1566
8350, 1482
8354, 1544
8358, 1566
8362, 1566
8366, 1563
8370, 1594
8374, 1618
8378, 1584
8382, 1597
8386, 1604
8390, 1578
8394, 1610
8398, 1625
8402, 1598
8406, 1486
8410, 1649
8414, 1571
8418, 1618
8422, 1580
8426, 1566
8430, 1524
8434, 1564
8438, 1597
8442, 1600
8446, 1547
8450, 1575
8454, 1593
8458, 1458
8462, 1552
8466, 1537
8470, 1633
8474, 1633
8478, 1650
8482, 1605
8486, 1583
8490, 1667
8494, 1595
8498, 1623
8502, 1562
8506, 1647
8510, 1578
8514, 1594
8518, 1661
8522, 1645
8526, 1599
8530, 1541
8534, 1570
8538, 1694
8542, 1641
8546, 1674
8550, 1770
8554, 1864
8558, 1960
8562, 2017
8566, 1935
8570, 1989
8574, 1869
8578, 1772
8582, 1706
8586, 1709
8590, 1737
8594, 1688
8598, 1668
8602, 1681
8606, 1648
8610, 1646
8614, 1624
8618, 1659
8622, 1672
8626, 1648
8630, 1782
8634, 1706
8638, 1698
8642, 1654
8646, 1616
8650, 1638
8654, 1730
8658, 1679
8662, 1732
8666, 1684
8670, 1759
8674, 1710
8678, 1718
8682, 1792
8686, 1768
8690, 1722
8694, 1740
8698, 1774
8702, 1745
8706, 1707
8710, 1721
8714, 1749
8718, 1686
8722, 1714
8726, 1700
8730, 1686
8734, 1855
8738, 1686
8742, 1732
8746, 1685
8750, 1718
8754, 1708
8758, 1764
8762, 1758
8766, 1759
8770, 1743
8774, 1733
8778, 1756
8782, 1783
8786, 1791
8790, 1791
8794, 1783
8798, 1727
8802, 1778
8806, 1894
8810, 1804
8814, 1843
8818, 1769
8822, 1709
8826, 1697
8830, 1766
8834, 1825
8838, 1830
8842, 1803
8846, 1801
8850, 1806
8854, 1759
8858, 1729
8862, 1853
8866, 1772
8870, 1783
8874, 1860
8878, 1821
8882, 1845
8886, 1792
8890, 1879
8894, 1836
8898, 1834
8902, 1829
8906, 1813
8910, 1773
8914, 1876
8918, 1835
8922, 1811
8926, 1859
8930, 1886
8934, 1913
8938, 1846
8942, 1859
8946, 1918
8950, 1815
8954, 1926
8958, 1869
8962, 1961
8966, 1824
8970, 1944
8974, 1891
8978, 1866
8982, 1879
8986, 1966
8990, 1875
8994, 1869
8998, 1863
9002, 1970
9006, 1881
9010, 1901
9014, 1985
9018, 1915
9022, 1990
9026, 1847
9030, 1979
9034, 1948
9038, 1931
9042, 1910
9046, 1928
9050, 2004
9054, 1955
9058, 1931
9062, 2024
9066, 2018
9070, 2025
9074, 2002
9078, 2022
9082, 2000
9086, 2103
9090, 1918
9094, 2075
9098, 2061
9102, 2031
9106, 1990
9110, 2132
9114, 2014
9118, 2084
9122, 2056
9126, 2037
9130, 1973
9134, 2048
9138, 2066
9142, 2002
9146, 2087
9150, 2151
9154, 2023
9158, 2134
9162, 2081
9166, 2095
9170, 2006
9174, 2029
9178, 2077
9182, 2078
9186, 2119
9190, 2092
9194, 2089
9198, 2059
9202, 2192
9206, 2103
9210, 2110
9214, 2123
9218, 2184
9222, 2109
9226, 2164
9230, 2138
9234, 2189
9238, 2152
9242, 2194
9246, 2199
9250, 2247
9254, 2194
9258, 2161
9262, 2241
9266, 2183
9270, 2254
9274, 2209
9278, 2261
9282, 2180
9286, 2156
9290, 2201
9294, 2257
9298, 2197
9302, 2205
9306, 2232
9310, 2232
9314, 2195
9318, 2325
9322, 2267
9326, 2244
9330, 2277
9334, 2213
9338, 2215
9342, 2270
9346, 2256
9350, 2275
9354, 2301
9358, 2168
9362, 2321
9366, 2315
9370, 2329
9374, 2256
9378, 2345
9382, 2327
9386, 2326
9390, 2355
9394, 2291
9398, 2288
9402, 2345
9406, 2355
9410, 2416
9414, 2391
9418, 2330
9422, 2333
9426, 2405
9430, 2404
9434, 2400
9438, 2481
9442, 2377
9446, 2447
9450, 2407
9454, 2471
9458, 2445
9462, 2412
9466, 2528
9470, 2542
9474, 2350
9478, 2466
9482, 2519
9486, 2458
9490, 2452
9494, 2418
9498, 2523
9502, 2519
9506, 2464
9510, 2563
9514, 2470
9518, 2518
9522, 2592
9526, 2599
9530, 2518
9534, 2519
9538, 2697
9542, 2557
9546, 2565
9550, 2525
9554, 2667
9558, 2667
9562, 2712
9566, 2623
9570, 2591
9574, 2600
9578, 2612
9582, 2657
9586, 2579
9590, 2653
9594, 2623
9598, 2675
9602, 2667
9606, 2692
9610, 2629
9614, 2626
9618, 2697
9622, 2641
9626, 2675
9630, 2703
9634, 2796
9638, 2612
9642, 2754
9646, 2723
9650, 2752
9654, 2670
9658, 2747
9662, 2777
9666, 2842
9670, 2864
9674, 2741
9678, 2881
9682, 2682
9686, 2764
9690, 2885
9694, 2863
9698, 2819
9702, 2822
9706, 2784
9710, 2881
9714, 2766
9718, 2810
9722, 2850
9726, 2760
9730, 2909
9734, 2779
9738, 2791
9742, 2805
9746, 2812
9750, 2763
9754, 2754
9758, 2820
9762, 2938
9766, 2681
9770, 2812
9774, 2781
9778, 2885
9782, 2834
9786, 2867
9790, 2723
9794, 2821
9798, 2822
9802, 2743
9806, 2669
9810, 2622
9814, 2655
9818, 2658
9822, 2588
9826, 2501
9830, 2504
9834, 2405
9838, 2429
9842, 2286
9846, 2282
9850, 2193
9854, 2172
9858, 2154
9862, 1978
9866, 2010
9870, 2083
9874, 2037
9878, 1986
9882, 1916
9886, 1959
9890, 1923
9894, 1945
9898, 1931
9902, 1944
9906, 1868
9910, 1827
9914, 1893
9918, 1825
9922, 1832
9926, 1796
9930, 1713
9934, 1852
9938, 1749
9942, 1725
9946, 1768
9950, 1702
9954, 1684
9958, 1649
9962, 1757
9966, 1740
9970, 1661
9974, 1700
9978, 1679
9982, 1694
9986, 1701
9990, 1708
9994, 1632
9998, 1685
10002, 1701
10006, 1658
10010, 1612
10014, 1578
10018, 1589
10022, 1603
10026, 1647
10030, 1636
10034, 1584
10038, 1610
10042, 1558
10046, 1548
10050, 1587
10054, 1541
10058, 1576
10062, 1477
10066, 1564
10070, 1540
10074, 1490
10078, 1492
10082, 1478
10086, 1507
10090, 1520
10094, 1488
10098, 1539
10102, 1569
10106, 1484
10110, 1492
10114, 1497
10118, 1437
10122, 1458
10126, 1460
10130, 1428
10134, 1362
10138, 1345
10142, 1435
10146, 1410
10150, 1386
10154, 1348
10158, 1475
10162, 1366
10166, 1417
10170, 1331
10174, 1365
10178, 1392
10182, 1344
10186, 1315
10190, 1302
10194, 1302
10198, 1335
10202, 1294
10206, 1322
10210, 1279
10214, 1315
10218, 1360
10222, 1293
10226, 1157
10230, 1240
10234, 1277
10238, 1213
10242, 1204
10246, 1247
10250, 1163
10254, 1187
10258, 1177
10262, 1159
10266, 1155
10270, 1191
10274, 1161
10278, 1125
10282, 1128
10286, 1128
10290, 1111
10294, 1099
10298, 1178
10302, 1142
10306, 1138
10310, 1038
10314, 1063
10318, 1076
10322, 1040
10326, 1048
10330, 1077
10334, 1049
10338, 1018
10342, 976
10346, 975
10350, 1009
10354, 983
10358, 935
10362, 952
10366, 961
10370, 938
10374, 875
10378, 846
10382, 878
10386, 881
10390, 894
10394, 923
10398, 867
10402, 801
10406, 850
10410, 849
10414, 777
10418, 815
10422, 749
10426, 777
10430, 777
10434, 714
10438, 715
10442, 723
10446, 695
10450, 746
10454, 691
10458, 710
10462, 700
10466, 699
10470, 705
10474, 663
10478, 661
10482, 700
10486, 650
10490, 620
10494, 629
10498, 647
10502, 590
10506, 616
10510, 607
10514, 557
10518, 559
10522, 574
10526, 562
10530, 566
10534, 552
10538, 575
10542, 504
10546, 528
10550, 498
10554, 514
10558, 461
10562, 515
10566, 491
10570, 517
10574, 479
10578, 456
10582, 455
10586, 455
10590, 446
10594, 478
10598, 421
10602, 452
10606, 452
10610, 425
10614, 435
10618, 424
10622, 438
10626, 510
10630, 452
10634, 525
10638, 514
10642, 492
10646, 514
10650, 462
10654, 418
10658, 441
10662, 416
10666, 424
10670, 387
10674, 412
10678, 368
10682, 361
10686, 361
10690, 387
10694, 370
10698, 341
10702, 319
10706, 390
10710, 368
10714, 343
10718, 339
10722, 315
10726, 342
10730, 319
10734, 345
10738, 334
10742, 335
10746, 320
10750, 360
10754, 345
10758, 320
10762, 319
10766, 336
10770, 345
10774, 318
10778, 329
10782, 354
10786, 366
10790, 307
10794, 330
10798, 330
10802, 322
10806, 296
10810, 299
10814, 313
10818, 322
10822, 309
10826, 308
10830, 293
10834, 308
10838, 296
10842, 312
10846, 311
10850, 322
10854, 300
10858, 294
10862, 325
10866, 296
10870, 326
10874, 292
10878, 305
10882, 264
10886, 309
10890, 303
10894, 301
10898, 309
10902, 290
10906, 292
10910, 304
10914, 270
10918, 293
10922, 315
10926, 293
10930, 292
10934, 310
10938, 286
10942, 291
10946, 275
10950, 319
10954, 278
10958, 310
10962, 288
10966, 305
10970, 280
10974, 256
10978, 320
10982, 316
10986, 284
10990, 292
10994, 314
10998, 321
11002, 326
11006, 310
11010, 328
11014, 330
11018, 395
11022, 370
11026, 383
11030, 399
11034, 372
11038, 420
11042, 458
11046, 475
11050, 471
11054, 503
11058, 579
11062, 579
11066, 593
11070, 733
11074, 809
11078, 847
11082, 1044
11086, 1189
11090, 1609
11094, 2315
11098, 3737
11102, 6949
11106, 12081
11110, 20237
11114, 31832
11118, 43024
11122, 50990
11126, 52832
11130, 47854
11134, 37949
11138, 27368
11142, 18943
11146, 12749
11150, 8758
11154, 6485
11158, 5032
11162, 4176
11166, 3409
11170, 2830
11174, 2265
11178, 1824
11182, 1419
11186, 1226
11190, 1062
11194, 984
11198, 929
11202, 897
11206, 847
11210, 743
11214, 678
11218, 638
11222, 546
11226, 538
11230, 476
11234, 438
11238, 422
11242, 380
11246, 305
11250, 306
11254, 304
11258, 267
11262, 263
11266, 285
11270, 257
11274, 257
11278, 226
11282, 208
11286, 208
11290, 179
11294, 164
11298, 165
11302, 145
11306, 150
11310, 143
11314, 135
11318, 137
11322, 148
11326, 135
11330, 141
11334, 145
11338, 147
11342, 109
11346, 118
11350, 126
11354, 151
11358, 149
11362, 140
11366, 136
11370, 142
11374, 128
11378, 127
11382, 158
11386, 124
11390, 127
11394, 138
11398, 164
11402, 180
11406, 201
11410, 289
11414, 329
11418, 408
11422, 427
11426, 456
11430, 419
11434, 402
11438, 341
11442, 291
11446, 231
11450, 180
11454, 168
11458, 166
11462, 157
11466, 155
11470, 149
11474, 140
11478, 140
11482, 151
11486, 150
11490, 157
11494, 140
11498, 144
11502, 128
11506, 139
11510, 143
11514, 144
11518, 132
11522, 141
11526, 144
11530, 165
11534, 168
11538, 188
11542, 179
11546, 170
11550, 147
11554, 149
11558, 138
11562, 111
11566, 137
11570, 128
11574, 139
11578, 128
11582, 158
11586, 144
11590, 130
11594, 136
11598, 105
11602, 136
11606, 141
11610, 132
11614, 108
11618, 156
11622, 141
11626, 151
11630, 144
11634, 127
11638, 138
11642, 138
11646, 113
11650, 148
11654, 150
11658, 158
11662, 133
11666, 137
11670, 139
11674, 164
11678, 142
11682, 141
11686, 153
11690, 141
11694, 150
11698, 154
11702, 140
11706, 150
11710, 141
11714, 143
11718, 136
11722, 150
11726, 137
11730, 141
11734, 116
11738, 143
11742, 103
11746, 125
11750, 141
11754, 125
11758, 153
11762, 146
11766, 129
11770, 114
11774, 129
11778, 123
11782, 127
11786, 135
11790, 134
11794, 140
11798, 130
11802, 135
11806, 138
11810, 162
11814, 132
11818, 122
11822, 138
11826, 131
11830, 153
11834, 146
11838, 135
11842, 159
11846, 140
11850, 142
11854, 155
11858, 154
11862, 136
11866, 134
11870, 137
11874, 134
11878, 143
11882, 147
11886, 134
11890, 151
11894, 128
11898, 136
11902, 113
11906, 127
11910, 155
11914, 129
11918, 118
11922, 140
11926, 148
11930, 156
11934, 133
11938, 143
11942, 137
11946, 134
11950, 157
11954, 138
11958, 125
11962, 139
11966, 143
11970, 135
11974, 139
11978, 127
11982, 126
11986, 138
11990, 138
11994, 154
11998, 135
12002, 154
12006, 136
12010, 139
12014, 150
12018, 144
12022, 154
12026, 148
12030, 154
12034, 138
12038, 136
12042, 148
12046, 156
12050, 125
12054, 136
12058, 133
12062, 143
12066, 133
12070, 130
12074, 146
12078, 140
12082, 136
12086, 132
12090, 177
12094, 149
12098, 147
12102, 144
12106, 137
12110, 143
12114, 129
12118, 160
12122, 150
12126, 152
12130, 164
12134, 152
12138, 132
12142, 164
12146, 162
12150, 162
12154, 168
12158, 145
12162, 141
12166, 145
12170, 171
12174, 149
12178, 172
12182, 143
12186, 160
12190, 148
12194, 161
12198, 173
12202, 162
12206, 148
12210, 135
12214, 118
12218, 141
12222, 141
12226, 141
12230, 170
12234, 144
12238, 151
12242, 171
12246, 140
12250, 162
12254, 150
12258, 145
12262, 136
12266, 161
12270, 136
12274, 165
12278, 156
12282, 147
12286, 143
12290, 154
12294, 156
12298, 130
12302, 146
12306, 149
12310, 156
12314, 152
12318, 141
12322, 159
12326, 162
12330, 156
12334, 157
12338, 163
12342, 158
12346, 147
12350, 143
12354, 178
12358, 132
12362, 154
12366, 164
12370, 147
12374, 156
12378, 129
12382, 167
12386, 157
12390, 141
12394, 143
12398, 165
12402, 148
12406, 143
12410, 142
12414, 147
12418, 165
12422, 143
12426, 153
12430, 157
12434, 148
12438, 146
12442, 152
12446, 142
12450, 140
12454, 174
12458, 166
12462, 156
12466, 148
12470, 134
12474, 154
12478, 138
12482, 152
12486, 161
12490, 160
12494, 167
12498, 136
12502, 163
12506, 179
12510, 154
12514, 161
12518, 150
12522, 147
12526, 160
12530, 159
12534, 152
12538, 138
12542, 167
12546, 167
12550, 159
12554, 149
12558, 158
12562, 169
12566, 157
12570, 159
12574, 160
12578, 162
12582, 172
12586, 170
12590, 133
12594, 138
12598, 167
12602, 168
12606, 149
12610, 171
12614, 158
12618, 157
12622, 141
12626, 185
12630, 177
12634, 161
12638, 171
12642, 175
12646, 147
12650, 155
12654, 163
12658, 187
12662, 145
12666, 145
12670, 174
12674, 165
12678, 164
12682, 153
12686, 157
12690, 129
12694, 163
12698, 159
12702, 153
12706, 160
12710, 169
12714, 180
12718, 150
12722, 156
12726, 166
12730, 165
12734, 149
12738, 157
12742, 156
12746, 194
12750, 178
12754, 161
12758, 159
12762, 143
12766, 175
12770, 185
12774, 166
12778, 155
12782, 161
12786, 141
12790, 147
12794, 158
12798, 162
12802, 174
12806, 177
12810, 178
12814, 172
12818, 167
12822, 163
12826, 150
12830, 181
12834, 163
12838, 171
12842, 183
12846, 146
12850, 171
12854, 193
12858, 162
12862, 156
12866, 171
12870, 170
12874, 180
12878, 155
12882, 148
12886, 165
12890, 156
12894, 157
12898, 178
12902, 161
12906, 172
12910, 155
12914, 166
12918, 154
12922, 160
12926, 169
12930, 167
12934, 157
12938, 149
12942, 149
12946, 160
12950, 157
12954, 160
12958, 155
12962, 132
12966, 172
12970, 157
12974, 156
12978, 166
12982, 148
12986, 143
12990, 119
12994, 135
12998, 148
13002, 123
13006, 140
13010, 139
13014, 112
13018, 130
13022, 116
13026, 143
13030, 121
13034, 121
13038, 115
13042, 125
13046, 127
13050, 149
13054, 121
13058, 141
13062, 134
13066, 116
13070, 124
13074, 129
13078, 125
13082, 134
13086, 144
13090, 121
13094, 125
13098, 132
13102, 117
13106, 99
13110, 122
13114, 119
13118, 105
13122, 97
13126, 98
13130, 113
13134, 98
13138, 125
13142, 104
13146, 117
13150, 114
13154, 117
13158, 121
13162, 90
13166, 110
13170, 97
13174, 101
13178, 120
13182, 97
13186, 117
13190, 127
13194, 105
13198, 117
13202, 102
13206, 122
13210, 117
13214, 116
13218, 117
13222, 93
13226, 96
13230, 107
13234, 113
13238, 90
13242, 114
13246, 114
13250, 89
13254, 87
13258, 109
13262, 113
13266, 105
13270, 105
13274, 96
13278, 93
13282, 95
13286, 99
13290, 113
13294, 108
13298, 95
13302, 91
13306, 108
13310, 123
13314, 130
13318, 140
13322, 126
13326, 129
13330, 119
13334, 114
13338, 94
13342, 111
13346, 95
13350, 96
13354, 81
13358, 89
13362, 86
13366, 89
13370, 94
13374, 98
13378, 72
13382, 95
13386, 90
13390, 109
13394, 91
13398, 93
13402, 86
13406, 86
13410, 88
13414, 103
13418, 102
13422, 111
13426, 119
13430, 108
13434, 111
13438, 86
13442, 88
13446, 101
13450, 81
13454, 68
13458, 79
13462, 87
13466, 73
13470, 71
13474, 84
13478, 74
13482, 68
13486, 77
13490, 63
13494, 67
13498, 70
13502, 53
13506, 75
13510, 70
13514, 62
13518, 53
13522, 66
13526, 78
13530, 59
13534, 59
13538, 63
13542, 65
13546, 72
13550, 57
13554, 52
13558, 65
13562, 68
13566, 61
13570, 63
13574, 61
13578, 50
13582, 66
13586, 58
13590, 68
13594, 54
13598, 54
13602, 40
13606, 65
13610, 48
13614, 51
13618, 58
13622, 59
13626, 56
13630, 39
13634, 50
13638, 61
13642, 56
13646, 60
13650, 35
13654, 35
13658, 50
13662, 37
13666, 47
13670, 42
13674, 26
13678, 30
13682, 48
13686, 39
13690, 42
13694, 45
13698, 34
13702, 36
13706, 41
13710, 34
13714, 32
13718, 47
13722, 30
13726, 44
13730, 30
13734, 40
13738, 41
13742, 31
13746, 35
13750, 35
13754, 31
13758, 39
13762, 34
13766, 28
13770, 34
13774, 34
13778, 29
13782, 27
13786, 38
13790, 32
13794, 28
13798, 35
13802, 33
13806, 32
13810, 37
13814, 23
13818, 39
13822, 32
13826, 23
13830, 34
13834, 33
13838, 37
13842, 33
13846, 30
13850, 31
13854, 20
13858, 30
13862, 31
13866, 39
13870, 39
13874, 71
13878, 46
13882, 92
13886, 99
13890, 91
13894, 108
13898, 76
13902, 70
13906, 52
13910, 43
13914, 43
13918, 30
13922, 35
13926, 36
13930, 29
13934, 34
13938, 29
13942, 37
13946, 34
13950, 26
13954, 31
13958, 17
13962, 23
13966, 23
13970, 26
13974, 18
13978, 27
13982, 35
13986, 28
13990, 22
13994, 32
13998, 21
14002, 22
14006, 31
14010, 26
14014, 32
14018, 20
14022, 24
14026, 21
14030, 23
14034, 32
14038, 18
14042, 24
14046, 25
14050, 23
14054, 24
14058, 20
14062, 27
14066, 22
14070, 26
14074, 23
14078, 27
14082, 23
14086, 24
14090, 22
14094, 27
14098, 24
14102, 24
14106, 34
14110, 27
14114, 30
14118, 35
14122, 27
14126, 25
14130, 33
14134, 28
14138, 24
14142, 30
14146, 21
14150, 35
14154, 38
14158, 32
14162, 29
14166, 49
14170, 31
14174, 35
14178, 45
14182, 42
14186, 43
14190, 56
14194, 66
14198, 58
14202, 78
14206, 112
14210, 159
14214, 247
14218, 408
14222, 739
14226, 1171
14230, 1612
14234, 2186
14238, 2445
14242, 2466
14246, 2145
14250, 1579
14254, 1105
14258, 730
14262, 445
14266, 309
14270, 229
14274, 187
14278, 145
14282, 124
14286, 101
14290, 105
14294, 67
14298, 62
14302, 46
14306, 55
14310, 42
14314, 36
14318, 51
14322, 31
14326, 56
14330, 46
14334, 91
14338, 102
14342, 154
14346, 228
14350, 303
14354, 352
14358, 346
14362, 351
14366, 268
14370, 164
14374, 125
14378, 89
14382, 66
14386, 50
14390, 49
14394, 35
14398, 41
14402, 35
14406, 31
14410, 21
14414, 21
14418, 15
14422, 25
14426, 24
14430, 31
14434, 35
14438, 40
14442, 40
14446, 31
14450, 30
14454, 21
14458, 20
14462, 22
14466, 13
14470, 15
14474, 14
14478, 17
14482, 15
14486, 15
14490, 18
14494, 15
14498, 17
14502, 18
14506, 13
14510, 14
14514, 12
14518, 13
14522, 16
14526, 9
14530, 13
14534, 17
14538, 16
14542, 6
14546, 14
14550, 10
14554, 16
14558, 7
14562, 7
14566, 10
14570, 10
14574, 10
14578, 13
14582, 15
14586, 7
14590, 11
14594, 9
14598, 13
14602, 9
14606, 7
14610, 15
14614, 11
14618, 7
14622, 8
14626, 13
14630, 13
14634, 6
14638, 9
14642, 8
14646, 12
14650, 13
14654, 11
14658, 8
14662, 14
14666, 16
14670, 3
14674, 5
14678, 11
14682, 10
14686, 7
14690, 10
14694, 7
14698, 10
14702, 8
14706, 10
14710, 10
14714, 6
14718, 14
14722, 9
14726, 10
14730, 12
14734, 10
14738, 8
14742, 15
14746, 8
14750, 6
14754, 11
14758, 3
14762, 10
14766, 12
14770, 6
14774, 10
14778, 11
14782, 11
14786, 6
14790, 7
14794, 6
14798, 11
14802, 10
14806, 9
14810, 5
14814, 7
14818, 14
14822, 4
14826, 13
14830, 5
14834, 7
14838, 6
14842, 10
14846, 6
14850, 8
14854, 6
14858, 10
14862, 9
14866, 10
14870, 11
14874, 9
14878, 11
14882, 13
14886, 11
14890, 8
14894, 11
14898, 8
14902, 11
14906, 10
14910, 12
14914, 14
14918, 10
14922, 3
14926, 13
14930, 15
14934, 11
14938, 26
14942, 21
14946, 25
14950, 27
14954, 21
14958, 16
14962, 13
14966, 14
14970, 12
14974, 11
14978, 9
14982, 10
14986, 11
14990, 12
14994, 6
14998, 8
15002, 10
15006, 4
15010, 11
15014, 9
15018, 7
15022, 9
15026, 9
15030, 4
15034, 11
15038, 11
15042, 11
15046, 17
15050, 23
15054, 23
15058, 53
15062, 31
15066, 39
15070, 42
15074, 38
15078, 25
15082, 22
15086, 13
15090, 15
15094, 10
15098, 12
15102, 4
15106, 6
15110, 7
15114, 8
15118, 8
15122, 7
15126, 9
15130, 3
15134, 7
15138, 13
15142, 9
15146, 7
15150, 7
15154, 7
15158, 8
15162, 6
15166, 8
15170, 5
15174, 4
15178, 3
15182, 4
15186, 8
15190, 5
15194, 7
15198, 6
15202, 3
15206, 9
15210, 6
15214, 3
15218, 9
15222, 8
15226, 6
15230, 5
15234, 5
15238, 5
15242, 5
15246, 7
15250, 8
15254, 9
15258, 7
15262, 6
15266, 3
15270, 4
15274, 5
15278, 2
15282, 5
15286, 7
15290, 6
15294, 7
15298, 8
15302, 4
15306, 4
15310, 5
15314, 5
15318, 5
15322, 7
15326, 15
15330, 5
15334, 10
15338, 11
15342, 6
15346, 16
15350, 7
15354, 13
15358, 8
15362, 11
15366, 10
15370, 8
15374, 10
15378, 9
15382, 9
15386, 4
15390, 4
15394, 7
15398, 10
15402, 6
15406, 4
15410, 9
15414, 5
15418, 8
15422, 4
15426, 4
15430, 6
15434, 4
15438, 8
15442, 14
15446, 7
15450, 4
15454, 6
15458, 4
15462, 9
15466, 3
15470, 2
15474, 5
15478, 5
15482, 3
15486, 4
15490, 5
15494, 4
15498, 3
15502, 8
15506, 3
15510, 4
15514, 3
15518, 6
15526, 5
15530, 6
15534, 6
15538, 4
15542, 3
15546, 13
15550, 5
15554, 4
15558, 7
15562, 9
15566, 11
15570, 5
15574, 6
15578, 4
15582, 4
15586, 9
15590, 5
15594, 6
15598, 3
15602, 6
15606, 7
15610, 6
15614, 8
15618, 6
15622, 3
15626, 2
15630, 2
15634, 5
15638, 9
15642, 5
15646, 5
15650, 5
15654, 10
15658, 6
15662, 7
15666, 5
15670, 8
15674, 4
15678, 5
15682, 6
15686, 10
15690, 5
15694, 3
15698, 5
15702, 5
15706, 6
15710, 13
15714, 3
15718, 9
15722, 11
15726, 11
15730, 17
15734, 11
15738, 20
15742, 17
15746, 20
15750, 26
15754, 13
15758, 35
15762, 43
15766, 40
15770, 58
15774, 61
15778, 61
15782, 40
15786, 47
15790, 14
15794, 23
15798, 11
15802, 9
15806, 10
15810, 1
15814, 5
15818, 8
15822, 12
15826, 9
15830, 2
15834, 10
15838, 7
15842, 12
15846, 10
15850, 9
15854, 5
15858, 6
15862, 17
15866, 10
15870, 25
15874, 27
15878, 51
15882, 59
15886, 77
15890, 75
15894, 64
15898, 55
15902, 36
15906, 33
15910, 22
15914, 15
15918, 11
15922, 10
15926, 7
15930, 9
15934, 7
15938, 6
15942, 11
15946, 2
15950, 4
15954, 9
15958, 4
15962, 2
15966, 4
15970, 7
15974, 3
15978, 6
15982, 2
15986, 6
15990, 9
15994, 6
15998, 3
