2, 42778
6, 18
10, 24
14, 17
18, 31
22, 33
26, 27
30, 38
34, 34
38, 54
42, 89
46, 72
50, 117
54, 129
58, 178
62, 211
66, 251
70, 315
74, 396
78, 499
82, 613
86, 787
90, 928
94, 1081
98, 1315
102, 1603
106, 1834
110, 2008
114, 2276
118, 2467
122, 2507
126, 2708
130, 2793
134, 2884
138, 3046
142, 2975
146, 3059
150, 3154
154, 3261
158, 3331
162, 3253
166, 3318
170, 3512
174, 3405
178, 3498
182, 3515
186, 3550
190, 3707
194, 3627
198, 3668
202, 3703
206, 3698
210, 3766
214, 3768
218, 3795
222, 3939
226, 3874
230, 4015
234, 3907
238, 3949
242, 3950
246, 4086
250, 4007
254, 3955
258, 4101
262, 4109
266, 3997
270, 4214
274, 4134
278, 4233
282, 4240
286, 4144
290, 4161
294, 4181
298, 4228
302, 4243
306, 4126
310, 4372
314, 4207
318, 4333
322, 4333
326, 4447
330, 4273
334, 4511
338, 4302
342, 4338
346, 4528
350, 4591
354, 4584
358, 4409
362, 4371
366, 4643
370, 4469
374, 4622
378, 4537
382, 4667
386, 4569
390, 4663
394, 4648
398, 4753
402, 4657
406, 4714
410, 4788
414, 4751
418, 4729
422, 4685
426, 4834
430, 4813
434, 4944
438, 4881
442, 4793
446, 4958
450, 4916
454, 4867
458, 4935
462, 4983
466, 4987
470, 5056
474, 5126
478, 4840
482, 4948
486, 4929
490, 5010
494, 5101
498, 5116
502, 5070
506, 5121
510, 5067
514, 5094
518, 5200
522, 5066
526, 5093
530, 5108
534, 5028
538, 5229
542, 5180
546, 5204
550, 5039
554, 5174
558, 5252
562, 5241
566, 5332
570, 5109
574, 5319
578, 5432
582, 5426
586, 5362
590, 5339
594, 5361
598, 5332
602, 5405
606, 5473
610, 5599
614, 5391
618, 5467
622, 5554
626, 5486
630, 5591
634, 5617
638, 5671
642, 5635
646, 5453
650, 5772
654, 5667
658, 5654
662, 5755
666, 5653
670, 5524
674, 5816
678, 5805
682, 5641
686, 5704
690, 5812
694, 5748
698, 5902
702, 5918
706, 5868
710, 5729
714, 5850
718, 5793
722, 5914
726, 5828
730, 5742
734, 5786
738, 5876
742, 5813
746, 5785
750, 5785
754, 5771
758, 5628
762, 5753
766, 5951
770, 5757
774, 5870
778, 5685
782, 5742
786, 5694
790, 5671
794, 5728
798, 5779
802, 5771
806, 5832
810, 5755
814, 5589
818, 5632
822, 5528
826, 5664
830, 5658
834, 5655
838, 5623
842, 5550
846, 5668
850, 5659
854, 5497
858, 5455
862, 5572
866, 5450
870, 5461
874, 5596
878, 5516
882, 5624
886, 5516
890, 5493
894, 5556
898, 5688
902, 5544
906, 5614
910, 5602
914, 5550
918, 5631
922, 5572
926, 5751
930, 5692
934, 5517
938, 5543
942, 5653
946, 5623
950, 5634
954, 5759
958, 5767
962, 5870
966, 5819
970, 5971
974, 6058
978, 5924
982, 6252
986, 6227
990, 6287
994, 6384
998, 6176
1002, 6360
1006, 6365
1010, 6344
1014, 6417
1018, 6336
1022, 6210
1026, 6184
1030, 6335
1034, 6182
1038, 6133
1042, 6294
1046, 6200
1050, 6177
1054, 6176
1058, 6164
1062, 6104
1066, 5995
1070, 6071
1074, 5875
1078, 5998
1082, 5875
1086, 5774
1090, 5824
1094, 5795
1098, 5655
1102, 5610
1106, 5570
1110, 5691
1114, 5528
1118, 5575
1122, 5537
1126, 5323
1130, 5306
1134, 5384
1138, 5345
1142, 5429
1146, 5170
1150, 5165
1154, 5323
1158, 5121
1162, 5192
1166, 5027
1170, 5066
1174, 4975
1178, 4923
1182, 4911
1186, 4940
1190, 4831
1194, 4962
1198, 4812
1202, 4806
1206, 4682
1210, 4836
1214, 4764
1218, 4722
1222, 4721
1226, 4779
1230, 4724
1234, 4699
1238, 4646
1242, 4631
1246, 4644
1250, 4694
1254, 4700
1258, 4696
1262, 4566
1266, 4737
1270, 4615
1274, 4635
1278, 4641
1282, 4667
1286, 4609
1290, 4623
1294, 4528
1298, 4568
1302, 4579
1306, 4474
1310, 4506
1314, 4545
1318, 4488
1322, 4415
1326, 4358
1330, 4354
1334, 4423
1338, 4361
1342, 4277
1346, 4297
1350, 4323
1354, 4403
1358, 4252
1362, 4221
1366, 4181
1370, 4320
1374, 4202
1378, 4225
1382, 4151
1386, 4172
1390, 3969
1394, 4177
1398, 4146
1402, 4057
1406, 4062
1410, 4041
1414, 4000
1418, 3965
1422, 3950
1426, 4002
1430, 3904
1434, 3932
1438, 3920
1442, 3860
1446, 3883
1450, 3838
1454, 3789
1458, 3777
1462, 3806
1466, 3940
1470, 3878
1474, 3811
1478, 3798
1482, 3639
1486, 3707
1490, 3757
1494, 3708
1498, 3709
1502, 3726
1506, 3500
1510, 3583
1514, 3595
1518, 3505
1522, 3677
1526, 3590
1530, 3470
1534, 3566
1538, 3586
1542, 3574
1546, 3412
1550, 3482
1554, 3449
1558, 3477
1562, 3347
1566, 3422
1570, 3388
1574, 3325
1578, 3453
1582, 3331
1586, 3255
1590, 3445
1594, 3318
1598, 3347
1602, 3289
1606, 3273
1610, 3402
1614, 3289
1618, 3334
1622, 3182
1626, 3248
1630, 3112
1634, 3222
1638, 3307
1642, 3200
1646, 3190
1650, 3222
1654, 3221
1658, 3113
1662, 3114
1666, 3277
1670, 3067
1674, 2992
1678, 3138
1682, 3234
1686, 3146
1690, 3001
1694, 3103
1698, 3121
1702, 3089
1706, 3132
1710, 3097
1714, 3091
1718, 3019
1722, 3061
1726, 3037
1730, 2996
1734, 3019
1738, 3102
1742, 3062
1746, 3089
1750, 3029
1754, 3030
1758, 2958
1762, 2969
1766, 3010
1770, 2960
1774, 2986
1778, 2874
1782, 2955
1786, 2974
1790, 2902
1794, 2896
1798, 3029
1802, 2993
1806, 2992
1810, 2900
1814, 2982
1818, 2905
1822, 2899
1826, 2947
1830, 2928
1834, 2995
1838, 2963
1842, 2950
1846, 2938
1850, 2818
1854, 2971
1858, 2895
1862, 2749
1866, 2837
1870, 2914
1874, 2944
1878, 2816
1882, 2988
1886, 2932
1890, 2877
1894, 2889
1898, 2934
1902, 2895
1906, 2971
1910, 2812
1914, 2897
1918, 2870
1922, 2851
1926, 2887
1930, 2820
1934, 2905
1938, 2862
1942, 2814
1946, 2894
1950, 2887
1954, 2933
1958, 2885
1962, 2975
1966, 2910
1970, 2941
1974, 2817
1978, 2804
1982, 2895
1986, 2951
1990, 2924
1994, 2962
1998, 2978
2002, 2959
2006, 2922
2010, 2943
2014, 2961
2018, 2926
2022, 2937
2026, 2986
2030, 3066
2034, 2943
2038, 2855
2042, 2973
2046, 2994
2050, 2960
2054, 3075
2058, 3049
2062, 3003
2066, 2928
2070, 2928
2074, 2956
2078, 2999
2082, 3075
2086, 3095
2090, 2972
2094, 3116
2098, 3009
2102, 3025
2106, 2945
2110, 2953
2114, 2949
2118, 3073
2122, 3038
2126, 2934
2130, 3084
2134, 2959
2138, 2997
2142, 2905
2146, 3025
2150, 2873
2154, 2933
2158, 2845
2162, 2923
2166, 2824
2170, 2875
2174, 2916
2178, 2847
2182, 2832
2186, 2838
2190, 2796
2194, 2843
2198, 2739
2202, 2796
2206, 2699
2210, 2677
2214, 2623
2218, 2656
2222, 2709
2226, 2604
2230, 2585
2234, 2484
2238, 2469
2242, 2381
2246, 2344
2250, 2320
2254, 2291
2258, 2220
2262, 2286
2266, 2180
2270, 2141
2274, 2159
2278, 2085
2282, 2075
2286, 1976
2290, 1951
2294, 1916
2298, 1864
2302, 1942
2306, 1926
2310, 1860
2314, 1820
2318, 1790
2322, 1831
2326, 1792
2330, 1823
2334, 1753
2338, 1761
2342, 1748
2346, 1717
2350, 1819
2354, 1673
2358, 1714
2362, 1599
2366, 1683
2370, 1549
2374, 1699
2378, 1594
2382, 1616
2386, 1667
2390, 1582
2394, 1633
2398, 1600
2402, 1509
2406, 1552
2410, 1594
2414, 1527
2418, 1440
2422, 1471
2426, 1523
2430, 1453
2434, 1427
2438, 1446
2442, 1427
2446, 1418
2450, 1432
2454, 1455
2458, 1400
2462, 1420
2466, 1367
2470, 1422
2474, 1423
2478, 1377
2482, 1371
2486, 1303
2490, 1348
2494, 1294
2498, 1262
2502, 1283
2506, 1262
2510, 1284
2514, 1276
2518, 1278
2522, 1255
2526, 1249
2530, 1234
2534, 1289
2538, 1222
2542, 1218
2546, 1273
2550, 1216
2554, 1201
2558, 1176
2562, 1196
2566, 1172
2570, 1182
2574, 1153
2578, 1205
2582, 1139
2586, 1088
2590, 1109
2594, 1065
2598, 1139
2602, 1170
2606, 1074
2610, 1089
2614, 1108
2618, 1033
2622, 1039
2626, 1033
2630, 1030
2634, 1024
2638, 1031
2642, 1061
2646, 1060
2650, 1038
2654, 983
2658, 992
2662, 977
2666, 964
2670, 993
2674, 1005
2678, 946
2682, 974
2686, 911
2690, 943
2694, 1001
2698, 934
2702, 961
2706, 926
2710, 882
2714, 911
2718, 904
2722, 892
2726, 898
2730, 946
2734, 883
2738, 905
2742, 911
2746, 872
2750, 893
2754, 876
2758, 959
2762, 994
2766, 971
2770, 975
2774, 995
2778, 978
2782, 1042
2786, 995
2790, 1068
2794, 1159
2798, 1137
2802, 1155
2806, 1216
2810, 1347
2814, 1368
2818, 1409
2822, 1407
2826, 1365
2830, 1316
2834, 1292
2838, 1190
2842, 1098
2846, 1045
2850, 992
2854, 970
2858, 902
2862, 884
2866, 897
2870, 857
2874, 870
2878, 825
2882, 848
2886, 822
2890, 788
2894, 831
2898, 770
2902, 738
2906, 764
2910, 732
2914, 764
2918, 744
2922, 740
2926, 713
2930, 764
2934, 736
2938, 712
2942, 741
2946, 760
2950, 759
2954, 714
2958, 784
2962, 736
2966, 737
2970, 736
2974, 722
2978, 766
2982, 722
2986, 704
2990, 740
2994, 723
2998, 704
3002, 727
3006, 706
3010, 781
3014, 722
3018, 740
3022, 749
3026, 731
3030, 734
3034, 778
3038, 781
3042, 789
3046, 772
3050, 822
3054, 825
3058, 912
3062, 938
3066, 1019
3070, 1225
3074, 1286
3078, 1341
3082, 1514
3086, 1635
3090, 1844
3094, 2037
3098, 2358
3102, 2556
3106, 2988
3110, 3437
3114, 3830
3118, 4063
3122, 3990
3126, 3765
3130, 3456
3134, 3037
3138, 2479
3142, 2235
3146, 1918
3150, 1768
3154, 1759
3158, 1717
3162, 1787
3166, 1766
3170, 1907
3174, 2022
3178, 2341
3182, 2789
3186, 3324
3190, 4034
3194, 4807
3198, 5548
3202, 6369
3206, 7048
3210, 8127
3214, 9175
3218, 11020
3222, 13364
3226, 15814
3230, 18367
3234, 19657
3238, 19814
3242, 18884
3246, 16682
3250, 13740
3254, 10983
3258, 8635
3262, 7158
3266, 6088
3270, 5248
3274, 4556
3278, 4016
3282, 3449
3286, 2820
3290, 2410
3294, 2009
3298, 1718
3302, 1456
3306, 1321
3310, 1036
3314, 1061
3318, 829
3322, 775
3326, 741
3330, 660
3334, 672
3338, 565
3342, 568
3346, 541
3350, 502
3354, 463
3358, 492
3362, 449
3366, 448
3370, 427
3374, 408
3378, 454
3382, 465
3386, 432
3390, 432
3394, 462
3398, 437
3402, 443
3406, 469
3410, 442
3414, 427
3418, 439
3422, 418
3426, 435
3430, 400
3434, 415
3438, 414
3442, 421
3446, 409
3450, 390
3454, 431
3458, 382
3462, 405
3466, 409
3470, 446
3474, 410
3478, 418
3482, 360
3486, 372
3490, 372
3494, 353
3498, 440
3502, 374
3506, 362
3510, 358
3514, 366
3518, 387
3522, 387
3526, 360
3530, 360
3534, 383
3538, 365
3542, 389
3546, 356
3550, 369
3554, 400
3558, 364
3562, 390
3566, 322
3570, 368
3574, 376
3578, 372
3582, 413
3586, 375
3590, 354
3594, 366
3598, 328
3602, 372
3606, 398
3610, 349
3614, 395
3618, 382
3622, 372
3626, 365
3630, 375
3634, 376
3638, 352
3642, 352
3646, 355
3650, 337
3654, 397
3658, 389
3662, 351
3666, 356
3670, 365
3674, 341
3678, 357
3682, 358
3686, 372
3690, 345
3694, 347
3698, 337
3702, 380
3706, 353
3710, 343
3714, 370
3718, 398
3722, 372
3726, 306
3730, 351
3734, 378
3738, 355
3742, 376
3746, 401
3750, 345
3754, 344
3758, 330
3762, 345
3766, 352
3770, 311
3774, 373
3778, 394
3782, 340
3786, 334
3790, 333
3794, 364
3798, 371
3802, 353
3806, 366
3810, 356
3814, 368
3818, 372
3822, 336
3826, 356
3830, 369
3834, 376
3838, 360
3842, 336
3846, 333
3850, 359
3854, 364
3858, 363
3862, 364
3866, 375
3870, 317
3874, 354
3878, 357
3882, 357
3886, 349
3890, 348
3894, 348
3898, 366
3902, 330
3906, 331
3910, 379
3914, 288
3918, 355
3922, 340
3926, 341
3930, 332
3934, 342
3938, 323
3942, 356
3946, 321
3950, 327
3954, 329
3958, 307
3962, 316
3966, 330
3970, 315
3974, 345
3978, 343
3982, 356
3986, 328
3990, 351
3994, 347
3998, 343
4002, 329
4006, 315
4010, 300
4014, 328
4018, 361
4022, 318
4026, 363
4030, 331
4034, 361
4038, 310
4042, 348
4046, 335
4050, 334
4054, 306
4058, 324
4062, 324
4066, 343
4070, 337
4074, 324
4078, 320
4082, 343
4086, 323
4090, 314
4094, 327
4098, 317
4102, 326
4106, 315
4110, 332
4114, 353
4118, 330
4122, 345
4126, 323
4130, 315
4134, 334
4138, 332
4142, 318
4146, 314
4150, 350
4154, 326
4158, 335
4162, 320
4166, 341
4170, 310
4174, 342
4178, 351
4182, 329
4186, 336
4190, 326
4194, 338
4198, 318
4202, 315
4206, 354
4210, 332
4214, 353
4218, 308
4222, 317
4226, 350
4230, 343
4234, 335
4238, 308
4242, 320
4246, 310
4250, 328
4254, 324
4258, 304
4262, 323
4266, 299
4270, 306
4274, 352
4278, 299
4282, 319
4286, 305
4290, 338
4294, 327
4298, 324
4302, 336
4306, 330
4310, 325
4314, 325
4318, 314
4322, 306
4326, 324
4330, 321
4334, 334
4338, 337
4342, 296
4346, 335
4350, 294
4354, 280
4358, 309
4362, 322
4366, 290
4370, 306
4374, 303
4378, 331
4382, 288
4386, 316
4390, 341
4394, 324
4398, 345
4402, 342
4406, 290
4410, 281
4414, 318
4418, 284
4422, 297
4426, 317
4430, 324
4434, 313
4438, 334
4442, 309
4446, 342
4450, 326
4454, 330
4458, 326
4462, 292
4466, 330
4470, 300
4474, 297
4478, 344
4482, 305
4486, 289
4490, 309
4494, 333
4498, 289
4502, 295
4506, 368
4510, 334
4514, 304
4518, 309
4522, 344
4526, 321
4530, 302
4534, 307
4538, 314
4542, 337
4546, 300
4550, 355
4554, 329
4558, 310
4562, 294
4566, 342
4570, 335
4574, 308
4578, 293
4582, 295
4586, 293
4590, 294
4594, 305
4598, 327
4602, 316
4606, 336
4610, 331
4614, 312
4618, 292
4622, 338
4626, 333
4630, 313
4634, 349
4638, 328
4642, 308
4646, 318
4650, 318
4654, 326
4658, 347
4662, 318
4666, 304
4670, 295
4674, 327
4678, 295
4682, 319
4686, 305
4690, 337
4694, 312
4698, 305
4702, 335
4706, 293
4710, 321
4714, 312
4718, 314
4722, 303
4726, 312
4730, 284
4734, 317
4738, 323
4742, 306
4746, 300
4750, 310
4754, 294
4758, 330
4762, 289
4766, 323
4770, 292
4774, 309
4778, 337
4782, 327
4786, 345
4790, 295
4794, 306
4798, 296
4802, 321
4806, 330
4810, 318
4814, 290
4818, 284
4822, 296
4826, 298
4830, 321
4834, 316
4838, 305
4842, 249
4846, 319
4850, 330
4854, 313
4858, 304
4862, 277
4866, 320
4870, 319
4874, 343
4878, 345
4882, 290
4886, 312
4890, 323
4894, 326
4898, 309
4902, 309
4906, 305
4910, 294
4914, 301
4918, 324
4922, 278
4926, 280
4930, 310
4934, 301
4938, 296
4942, 271
4946, 299
4950, 288
4954, 318
4958, 309
4962, 291
4966, 324
4970, 284
4974, 313
4978, 280
4982, 303
4986, 278
4990, 281
4994, 299
4998, 304
5002, 309
5006, 324
5010, 280
5014, 297
5018, 324
5022, 296
5026, 313
5030, 292
5034, 302
5038, 295
5042, 325
5046, 274
5050, 303
5054, 288
5058, 305
5062, 277
5066, 309
5070, 288
5074, 266
5078, 282
5082, 296
5086, 313
5090, 287
5094, 314
5098, 293
5102, 280
5106, 302
5110, 312
5114, 334
5118, 319
5122, 290
5126, 286
5130, 289
5134, 290
5138, 295
5142, 315
5146, 291
5150, 295
5154, 270
5158, 245
5162, 297
5166, 290
5170, 282
5174, 297
5178, 305
5182, 292
5186, 291
5190, 283
5194, 291
5198, 298
5202, 286
5206, 273
5210, 300
5214, 281
5218, 300
5222, 299
5226, 289
5230, 311
5234, 303
5238, 290
5242, 283
5246, 268
5250, 280
5254, 307
5258, 278
5262, 297
5266, 270
5270, 306
5274, 284
5278, 303
5282, 280
5286, 263
5290, 261
5294, 249
5298, 311
5302, 301
5306, 296
5310, 279
5314, 265
5318, 291
5322, 299
5326, 286
5330, 324
5334, 297
5338, 301
5342, 316
5346, 289
5350, 320
5354, 282
5358, 266
5362, 295
5366, 314
5370, 282
5374, 300
5378, 289
5382, 312
5386, 305
5390, 328
5394, 292
5398, 300
5402, 321
5406, 322
5410, 259
5414, 340
5418, 343
5422, 350
5426, 342
5430, 396
5434, 418
5438, 357
5442, 441
5446, 481
5450, 513
5454, 510
5458, 463
5462, 589
5466, 674
5470, 735
5474, 801
5478, 760
5482, 779
5486, 759
5490, 764
5494, 639
5498, 534
5502, 497
5506, 486
5510, 455
5514, 436
5518, 413
5522, 440
5526, 401
5530, 346
5534, 337
5538, 389
5542, 385
5546, 335
5550, 343
5554, 328
5558, 328
5562, 325
5566, 328
5570, 301
5574, 349
5578, 341
5582, 319
5586, 346
5590, 319
5594, 316
5598, 331
5602, 323
5606, 327
5610, 336
5614, 335
5618, 330
5622, 344
5626, 303
5630, 333
5634, 326
5638, 322
5642, 339
5646, 349
5650, 309
5654, 296
5658, 315
5662, 319
5666, 317
5670, 315
5674, 316
5678, 323
5682, 324
5686, 330
5690, 334
5694, 344
5698, 311
5702, 345
5706, 363
5710, 338
5714, 318
5718, 312
5722, 333
5726, 356
5730, 344
5734, 344
5738, 323
5742, 311
5746, 327
5750, 346
5754, 296
5758, 352
5762, 354
5766, 309
5770, 337
5774, 360
5778, 333
5782, 314
5786, 285
5790, 305
5794, 316
5798, 296
5802, 304
5806, 326
5810, 331
5814, 294
5818, 323
5822, 339
5826, 361
5830, 329
5834, 303
5838, 317
5842, 294
5846, 315
5850, 305
5854, 318
5858, 317
5862, 333
5866, 359
5870, 333
5874, 311
5878, 339
5882, 318
5886, 309
5890, 299
5894, 322
5898, 314
5902, 339
5906, 291
5910, 300
5914, 341
5918, 331
5922, 347
5926, 340
5930, 297
5934, 319
5938, 300
5942, 313
5946, 291
5950, 300
5954, 318
5958, 333
5962, 352
5966, 360
5970, 318
5974, 305
5978, 332
5982, 347
5986, 343
5990, 321
5994, 316
5998, 363
6002, 321
6006, 320
6010, 315
6014, 308
6018, 327
6022, 310
6026, 297
6030, 318
6034, 326
6038, 318
6042, 325
6046, 316
6050, 366
6054, 336
6058, 348
6062, 331
6066, 366
6070, 338
6074, 307
6078, 317
6082, 337
6086, 309
6090, 303
6094, 351
6098, 318
6102, 307
6106, 305
6110, 333
6114, 328
6118, 338
6122, 329
6126, 336
6130, 357
6134, 305
6138, 319
6142, 325
6146, 291
6150, 326
6154, 337
6158, 297
6162, 349
6166, 335
6170, 339
6174, 298
6178, 309
6182, 303
6186, 310
6190, 318
6194, 328
6198, 313
6202, 331
6206, 324
6210, 296
6214, 344
6218, 299
6222, 299
6226, 321
6230, 315
6234, 322
6238, 326
6242, 305
6246, 325
6250, 323
6254, 319
6258, 323
6262, 342
6266, 319
6270, 318
6274, 338
6278, 299
6282, 349
6286, 330
6290, 347
6294, 323
6298, 338
6302, 348
6306, 333
6310, 313
6314, 356
6318, 328
6322, 318
6326, 304
6330, 320
6334, 347
6338, 311
6342, 305
6346, 336
6350, 347
6354, 351
6358, 333
6362, 301
6366, 329
6370, 332
6374, 345
6378, 341
6382, 322
6386, 297
6390, 326
6394, 316
6398, 319
6402, 342
6406, 335
6410, 337
6414, 343
6418, 318
6422, 321
6426, 312
6430, 327
6434, 323
6438, 301
6442, 335
6446, 395
6450, 345
6454, 322
6458, 323
6462, 355
6466, 342
6470, 348
6474, 309
6478, 346
6482, 341
6486, 344
6490, 319
6494, 338
6498, 355
6502, 347
6506, 334
6510, 333
6514, 337
6518, 331
6522, 361
6526, 324
6530, 358
6534, 343
6538, 307
6542, 341
6546, 334
6550, 318
6554, 328
6558, 308
6562, 336
6566, 351
6570, 324
6574, 346
6578, 337
6582, 332
6586, 345
6590, 345
6594, 323
6598, 382
6602, 337
6606, 355
6610, 334
6614, 338
6618, 339
6622, 332
6626, 325
6630, 333
6634, 345
6638, 330
6642, 349
6646, 329
6650, 314
6654, 365
6658, 360
6662, 348
6666, 336
6670, 301
6674, 347
6678, 340
6682, 343
6686, 309
6690, 307
6694, 343
6698, 341
6702, 359
6706, 339
6710, 331
6714, 352
6718, 343
6722, 331
6726, 307
6730, 322
6734, 384
6738, 332
6742, 338
6746, 357
6750, 379
6754, 334
6758, 348
6762, 332
6766, 318
6770, 367
6774, 336
6778, 338
6782, 341
6786, 354
6790, 336
6794, 331
6798, 339
6802, 344
6806, 338
6810, 359
6814, 355
6818, 348
6822, 337
6826, 341
6830, 346
6834, 364
6838, 336
6842, 336
6846, 368
6850, 337
6854, 357
6858, 353
6862, 350
6866, 356
6870, 350
6874, 349
6878, 351
6882, 349
6886, 363
6890, 316
6894, 367
6898, 349
6902, 327
6906, 367
6910, 375
6914, 354
6918, 376
6922, 362
6926, 334
6930, 360
6934, 334
6938, 369
6942, 328
6946, 371
6950, 337
6954, 367
6958, 341
6962, 325
6966, 344
6970, 347
6974, 315
6978, 381
6982, 356
6986, 349
6990, 337
6994, 374
6998, 371
7002, 364
7006, 392
7010, 345
7014, 324
7018, 359
7022, 356
7026, 322
7030, 341
7034, 333
7038, 365
7042, 360
7046, 331
7050, 342
7054, 370
7058, 371
7062, 349
7066, 334
7070, 362
7074, 378
7078, 353
7082, 383
7086, 367
7090, 330
7094, 361
7098, 330
7102, 370
7106, 349
7110, 376
7114, 311
7118, 362
7122, 354
7126, 362
7130, 383
7134, 369
7138, 347
7142, 332
7146, 358
7150, 374
7154, 368
7158, 368
7162, 400
7166, 365
7170, 395
7174, 376
7178, 351
7182, 410
7186, 386
7190, 418
7194, 366
7198, 369
7202, 374
7206, 354
7210, 383
7214, 358
7218, 365
7222, 354
7226, 362
7230, 376
7234, 374
7238, 379
7242, 338
7246, 374
7250, 361
7254, 396
7258, 396
7262, 346
7266, 383
7270, 347
7274, 361
7278, 370
7282, 366
7286, 329
7290, 413
7294, 350
7298, 380
7302, 400
7306, 357
7310, 342
7314, 383
7318, 359
7322, 372
7326, 369
7330, 364
7334, 367
7338, 389
7342, 391
7346, 334
7350, 389
7354, 388
7358, 378
7362, 394
7366, 345
7370, 346
7374, 364
7378, 332
7382, 373
7386, 346
7390, 381
7394, 376
7398, 325
7402, 371
7406, 376
7410, 373
7414, 322
7418, 344
7422, 367
7426, 366
7430, 375
7434, 350
7438, 351
7442, 345
7446, 383
7450, 381
7454, 356
7458, 354
7462, 333
7466, 357
7470, 346
7474, 351
7478, 376
7482, 340
7486, 377
7490, 350
7494, 346
7498, 357
7502, 371
7506, 337
7510, 364
7514, 344
7518, 333
7522, 383
7526, 312
7530, 358
7534, 373
7538, 338
7542, 405
7546, 342
7550, 356
7554, 320
7558, 371
7562, 411
7566, 343
7570, 395
7574, 388
7578, 399
7582, 407
7586, 355
7590, 344
7594, 375
7598, 383
7602, 379
7606, 385
7610, 349
7614, 336
7618, 365
7622, 386
7626, 394
7630, 380
7634, 373
7638, 383
7642, 387
7646, 355
7650, 366
7654, 410
7658, 358
7662, 406
7666, 375
7670, 383
7674, 385
7678, 345
7682, 392
7686, 367
7690, 381
7694, 371
7698, 379
7702, 391
7706, 397
7710, 354
7714, 367
7718, 338
7722, 384
7726, 392
7730, 344
7734, 380
7738, 373
7742, 381
7746, 376
7750, 354
7754, 382
7758, 388
7762, 405
7766, 354
7770, 387
7774, 382
7778, 378
7782, 370
7786, 375
7790, 375
7794, 381
7798, 383
7802, 371
7806, 396
7810, 375
7814, 357
7818, 394
7822, 413
7826, 391
7830, 391
7834, 357
7838, 355
7842, 384
7846, 421
7850, 371
7854, 353
7858, 367
7862, 365
7866, 354
7870, 409
7874, 366
7878, 363
7882, 357
7886, 362
7890, 373
7894, 353
7898, 388
7902, 369
7906, 384
7910, 406
7914, 408
7918, 367
7922, 367
7926, 378
7930, 405
7934, 383
7938, 369
7942, 380
7946, 394
7950, 397
7954, 401
7958, 400
7962, 411
7966, 365
7970, 415
7974, 398
7978, 400
7982, 388
7986, 377
7990, 420
7994, 394
7998, 419
8002, 373
8006, 422
8010, 385
8014, 383
8018, 397
8022, 393
8026, 407
8030, 416
8034, 357
8038, 388
8042, 377
8046, 404
8050, 367
8054, 392
8058, 426
8062, 397
8066, 374
8070, 427
8074, 387
8078, 404
8082, 379
8086, 404
8090, 410
8094, 401
8098, 398
8102, 395
8106, 404
8110, 416
8114, 407
8118, 391
8122, 433
8126, 386
8130, 407
8134, 417
8138, 423
8142, 433
8146, 382
8150, 392
8154, 428
8158, 437
8162, 407
8166, 405
8170, 423
8174, 407
8178, 379
8182, 411
8186, 423
8190, 413
8194, 370
8198, 377
8202, 420
8206, 370
8210, 388
8214, 398
8218, 380
8222, 443
8226, 439
8230, 439
8234, 412
8238, 388
8242, 471
8246, 493
8250, 453
8254, 478
8258, 520
8262, 515
8266, 537
8270, 529
8274, 619
8278, 598
8282, 652
8286, 716
8290, 785
8294, 770
8298, 823
8302, 862
8306, 838
8310, 867
8314, 829
8318, 750
8322, 697
8326, 617
8330, 617
8334, 544
8338, 588
8342, 496
8346, 532
8350, 523
8354, 489
8358, 472
8362, 472
8366, 482
8370, 450
8374, 436
8378, 412
8382, 428
8386, 441
8390, 457
8394, 464
8398, 466
8402, 474
8406, 435
8410, 434
8414, 457
8418, 401
8422, 432
8426, 466
8430, 481
8434, 428
8438, 444
8442, 473
8446, 440
8450, 432
8454, 462
8458, 451
8462, 437
8466, 447
8470, 449
8474, 453
8478, 455
8482, 427
8486, 426
8490, 494
8494, 440
8498, 436
8502, 418
8506, 441
8510, 441
8514, 469
8518, 450
8522, 459
8526, 420
8530, 451
8534, 405
8538, 417
8542, 452
8546, 482
8550, 490
8554, 462
8558, 443
8562, 502
8566, 480
8570, 444
8574, 420
8578, 461
8582, 514
8586, 488
8590, 501
8594, 512
8598, 483
8602, 483
8606, 507
8610, 506
8614, 518
8618, 499
8622, 499
8626, 468
8630, 491
8634, 460
8638, 499
8642, 499
8646, 489
8650, 473
8654, 433
8658, 469
8662, 476
8666, 493
8670, 482
8674, 467
8678, 523
8682, 460
8686, 516
8690, 459
8694, 437
8698, 473
8702, 512
8706, 486
8710, 519
8714, 513
8718, 470
8722, 502
8726, 521
8730, 470
8734, 502
8738, 478
8742, 478
8746, 488
8750, 504
8754, 475
8758, 488
8762, 476
8766, 515
8770, 479
8774, 481
8778, 449
8782, 491
8786, 474
8790, 510
8794, 490
8798, 479
8802, 528
8806, 505
8810, 502
8814, 516
8818, 501
8822, 490
8826, 486
8830, 558
8834, 531
8838, 479
8842, 504
8846, 526
8850, 493
8854, 496
8858, 517
8862, 570
8866, 514
8870, 485
8874, 516
8878, 499
8882, 489
8886, 523
8890, 532
8894, 504
8898, 536
8902, 501
8906, 521
8910, 524
8914, 523
8918, 536
8922, 531
8926, 471
8930, 514
8934, 532
8938, 497
8942, 547
8946, 543
8950, 564
8954, 502
8958, 515
8962, 513
8966, 484
8970, 519
8974, 551
8978, 494
8982, 562
8986, 529
8990, 539
8994, 519
8998, 519
9002, 558
9006, 525
9010, 553
9014, 517
9018, 534
9022, 542
9026, 574
9030, 588
9034, 504
9038, 545
9042, 550
9046, 522
9050, 557
9054, 498
9058, 564
9062, 588
9066, 570
9070, 561
9074, 508
9078, 551
9082, 606
9086, 547
9090, 511
9094, 556
9098, 587
9102, 584
9106, 591
9110, 566
9114, 528
9118, 534
9122, 545
9126, 553
9130, 580
9134, 538
9138, 587
9142, 554
9146, 555
9150, 574
9154, 588
9158, 584
9162, 538
9166, 559
9170, 558
9174, 619
9178, 536
9182, 564
9186, 556
9190, 578
9194, 543
9198, 582
9202, 572
9206, 599
9210, 583
9214, 600
9218, 610
9222, 524
9226, 605
9230, 543
9234, 600
9238, 608
9242, 593
9246, 596
9250, 556
9254, 583
9258, 586
9262, 609
9266, 621
9270, 607
9274, 596
9278, 592
9282, 659
9286, 656
9290, 567
9294, 576
9298, 611
9302, 630
9306, 602
9310, 602
9314, 614
9318, 650
9322, 613
9326, 648
9330, 623
9334, 614
9338, 578
9342, 626
9346, 619
9350, 637
9354, 663
9358, 643
9362, 647
9366, 643
9370, 639
9374, 619
9378, 628
9382, 617
9386, 658
9390, 685
9394, 627
9398, 660
9402, 648
9406, 651
9410, 650
9414, 659
9418, 630
9422, 664
9426, 666
9430, 704
9434, 642
9438, 671
9442, 646
9446, 655
9450, 700
9454, 667
9458, 647
9462, 617
9466, 665
9470, 639
9474, 693
9478, 668
9482, 685
9486, 697
9490, 653
9494, 666
9498, 707
9502, 686
9506, 681
9510, 740
9514, 725
9518, 692
9522, 711
9526, 687
9530, 699
9534, 692
9538, 703
9542, 696
9546, 757
9550, 740
9554, 720
9558, 684
9562, 678
9566, 754
9570, 701
9574, 745
9578, 650
9582, 712
9586, 729
9590, 721
9594, 713
9598, 740
9602, 693
9606, 743
9610, 689
9614, 732
9618, 743
9622, 772
9626, 749
9630, 703
9634, 785
9638, 811
9642, 757
9646, 771
9650, 753
9654, 751
9658, 769
9662, 759
9666, 798
9670, 773
9674, 779
9678, 761
9682, 735
9686, 736
9690, 806
9694, 765
9698, 813
9702, 816
9706, 754
9710, 767
9714, 771
9718, 755
9722, 765
9726, 771
9730, 815
9734, 823
9738, 755
9742, 816
9746, 771
9750, 786
9754, 747
9758, 810
9762, 833
9766, 796
9770, 813
9774, 729
9778, 841
9782, 779
9786, 786
9790, 783
9794, 824
9798, 782
9802, 749
9806, 782
9810, 795
9814, 799
9818, 836
9822, 828
9826, 815
9830, 787
9834, 765
9838, 729
9842, 773
9846, 737
9850, 777
9854, 753
9858, 699
9862, 717
9866, 702
9870, 698
9874, 664
9878, 680
9882, 624
9886, 618
9890, 664
9894, 639
9898, 598
9902, 577
9906, 573
9910, 595
9914, 591
9918, 530
9922, 531
9926, 550
9930, 531
9934, 546
9938, 520
9942, 529
9946, 503
9950, 526
9954, 496
9958, 525
9962, 540
9966, 507
9970, 492
9974, 502
9978, 481
9982, 461
9986, 499
9990, 508
9994, 480
9998, 487
10002, 506
10006, 474
10010, 462
10014, 469
10018, 470
10022, 471
10026, 437
10030, 440
10034, 451
10038, 478
10042, 466
10046, 452
10050, 472
10054, 428
10058, 439
10062, 422
10066, 504
10070, 408
10074, 487
10078, 456
10082, 446
10086, 422
10090, 406
10094, 419
10098, 401
10102, 402
10106, 421
10110, 471
10114, 413
10118, 445
10122, 460
10126, 397
10130, 415
10134, 371
10138, 428
10142, 419
10146, 423
10150, 389
10154, 334
10158, 444
10162, 430
10166, 391
10170, 373
10174, 398
10178, 380
10182, 443
10186, 349
10190, 362
10194, 390
10198, 373
10202, 387
10206, 406
10210, 369
10214, 402
10218, 402
10222, 375
10226, 418
10230, 382
10234, 373
10238, 395
10242, 383
10246, 364
10250, 348
10254, 379
10258, 388
10262, 336
10266, 362
10270, 340
10274, 374
10278, 343
10282, 365
10286, 332
10290, 326
10294, 345
10298, 355
10302, 341
10306, 304
10310, 315
10314, 315
10318, 322
10322, 298
10326, 320
10330, 325
10334, 306
10338, 316
10342, 309
10346, 311
10350, 297
10354, 351
10358, 312
10362, 332
10366, 293
10370, 281
10374, 305
10378, 283
10382, 283
10386, 286
10390, 279
10394, 255
10398, 284
10402, 267
10406, 278
10410, 269
10414, 269
10418, 251
10422, 253
10426, 233
10430, 269
10434, 268
10438, 261
10442, 252
10446, 240
10450, 222
10454, 261
10458, 257
10462, 247
10466, 238
10470, 215
10474, 219
10478, 215
10482, 212
10486, 210
10490, 228
10494, 247
10498, 201
10502, 210
10506, 210
10510, 202
10514, 202
10518, 198
10522, 221
10526, 217
10530, 180
10534, 183
10538, 192
10542, 188
10546, 152
10550, 164
10554, 162
10558, 169
10562, 146
10566, 173
10570, 153
10574, 175
10578, 156
10582, 174
10586, 152
10590, 181
10594, 150
10598, 162
10602, 155
10606, 161
10610, 146
10614, 144
10618, 126
10622, 121
10626, 144
10630, 161
10634, 141
10638, 143
10642, 136
10646, 128
10650, 122
10654, 124
10658, 135
10662, 125
10666, 109
10670, 112
10674, 111
10678, 123
10682, 144
10686, 118
10690, 131
10694, 123
10698, 127
10702, 138
10706, 122
10710, 103
10714, 118
10718, 116
10722, 102
10726, 113
10730, 96
10734, 125
10738, 100
10742, 112
10746, 107
10750, 101
10754, 107
10758, 99
10762, 89
10766, 86
10770, 114
10774, 87
10778, 95
10782, 107
10786, 100
10790, 105
10794, 114
10798, 92
10802, 103
10806, 101
10810, 96
10814, 94
10818, 82
10822, 115
10826, 84
10830, 97
10834, 100
10838, 89
10842, 93
10846, 92
10850, 88
10854, 94
10858, 97
10862, 94
10866, 98
10870, 102
10874, 99
10878, 94
10882, 89
10886, 84
10890, 90
10894, 102
10898, 94
10902, 102
10906, 84
10910, 92
10914, 90
10918, 97
10922, 92
10926, 91
10930, 101
10934, 98
10938, 62
10942, 95
10946, 93
10950, 85
10954, 79
10958, 87
10962, 82
10966, 92
10970, 82
10974, 101
10978, 70
10982, 76
10986, 80
10990, 95
10994, 96
10998, 72
11002, 93
11006, 89
11010, 88
11014, 92
11018, 94
11022, 69
11026, 90
11030, 84
11034, 97
11038, 93
11042, 101
11046, 98
11050, 113
11054, 99
11058, 93
11062, 121
11066, 104
11070, 127
11074, 127
11078, 171
11082, 149
11086, 181
11090, 169
11094, 174
11098, 181
11102, 192
11106, 250
11110, 270
11114, 339
11118, 421
11122, 476
11126, 663
11130, 856
11134, 967
11138, 1191
11142, 1564
11146, 1793
11150, 2149
11154, 2549
11158, 2853
11162, 3398
11166, 3958
11170, 4703
11174, 5510
11178, 6266
11182, 7271
11186, 7653
11190, 7730
11194, 7458
11198, 6881
11202, 6003
11206, 5164
11210, 4301
11214, 3506
11218, 2906
11222, 2384
11226, 2083
11230, 1723
11234, 1466
11238, 1286
11242, 1014
11246, 816
11250, 681
11254, 585
11258, 475
11262, 391
11266, 297
11270, 290
11274, 232
11278, 204
11282, 170
11286, 152
11290, 141
11294, 121
11298, 113
11302, 113
11306, 86
11310, 87
11314, 69
11318, 68
11322, 69
11326, 64
11330, 68
11334, 72
11338, 70
11342, 61
11346, 54
11350, 65
11354, 55
11358, 48
11362, 62
11366, 52
11370, 52
11374, 48
11378, 37
11382, 39
11386, 36
11390, 43
11394, 46
11398, 41
11402, 42
11406, 39
11410, 33
11414, 45
11418, 53
11422, 45
11426, 46
11430, 34
11434, 35
11438, 43
11442, 50
11446, 57
11450, 58
11454, 47
11458, 59
11462, 63
11466, 71
11470, 59
11474, 87
11478, 70
11482, 71
11486, 90
11490, 92
11494, 91
11498, 94
11502, 67
11506, 70
11510, 65
11514, 64
11518, 59
11522, 57
11526, 43
11530, 35
11534, 42
11538, 46
11542, 52
11546, 39
11550, 39
11554, 41
11558, 48
11562, 47
11566, 33
11570, 35
11574, 48
11578, 43
11582, 50
11586, 47
11590, 40
11594, 33
11598, 51
11602, 43
11606, 24
11610, 51
11614, 39
11618, 37
11622, 36
11626, 39
11630, 49
11634, 31
11638, 41
11642, 47
11646, 31
11650, 34
11654, 34
11658, 29
11662, 27
11666, 35
11670, 43
11674, 35
11678, 28
11682, 38
11686, 38
11690, 37
11694, 36
11698, 32
11702, 32
11706, 35
11710, 39
11714, 42
11718, 31
11722, 42
11726, 34
11730, 42
11734, 39
11738, 33
11742, 39
11746, 38
11750, 38
11754, 34
11758, 37
11762, 41
11766, 36
11770, 32
11774, 23
11778, 48
11782, 40
11786, 34
11790, 47
11794, 36
11798, 43
11802, 30
11806, 39
11810, 34
11814, 29
11818, 22
11822, 36
11826, 43
11830, 32
11834, 34
11838, 34
11842, 41
11846, 41
11850, 33
11854, 26
11858, 34
11862, 37
11866, 29
11870, 35
11874, 37
11878, 40
11882, 36
11886, 37
11890, 29
11894, 49
11898, 46
11902, 37
11906, 51
11910, 42
11914, 38
11918, 45
11922, 24
11926, 52
11930, 40
11934, 47
11938, 47
11942, 55
11946, 37
11950, 57
11954, 41
11958, 36
11962, 38
11966, 49
11970, 35
11974, 42
11978, 41
11982, 40
11986, 37
11990, 37
11994, 33
11998, 36
12002, 43
12006, 45
12010, 37
12014, 39
12018, 35
12022, 40
12026, 36
12030, 37
12034, 43
12038, 33
12042, 31
12046, 33
12050, 47
12054, 39
12058, 49
12062, 56
12066, 47
12070, 43
12074, 44
12078, 42
12082, 27
12086, 36
12090, 34
12094, 37
12098, 44
12102, 54
12106, 51
12110, 38
12114, 43
12118, 29
12122, 37
12126, 33
12130, 42
12134, 29
12138, 38
12142, 49
12146, 43
12150, 35
12154, 37
12158, 36
12162, 40
12166, 40
12170, 38
12174, 43
12178, 49
12182, 38
12186, 38
12190, 56
12194, 37
12198, 48
12202, 39
12206, 49
12210, 45
12214, 33
12218, 51
12222, 24
12226, 51
12230, 48
12234, 32
12238, 40
12242, 32
12246, 56
12250, 38
12254, 35
12258, 45
12262, 48
12266, 50
12270, 29
12274, 40
12278, 45
12282, 41
12286, 44
12290, 39
12294, 45
12298, 34
12302, 38
12306, 44
12310, 35
12314, 34
12318, 48
12322, 30
12326, 44
12330, 35
12334, 38
12338, 41
12342, 47
12346, 40
12350, 40
12354, 31
12358, 46
12362, 40
12366, 41
12370, 43
12374, 35
12378, 40
12382, 35
12386, 32
12390, 33
12394, 46
12398, 38
12402, 43
12406, 39
12410, 49
12414, 43
12418, 35
12422, 40
12426, 29
12430, 37
12434, 27
12438, 37
12442, 38
12446, 49
12450, 40
12454, 43
12458, 50
12462, 44
12466, 40
12470, 45
12474, 46
12478, 34
12482, 46
12486, 46
12490, 45
12494, 51
12498, 50
12502, 35
12506, 40
12510, 28
12514, 31
12518, 45
12522, 51
12526, 41
12530, 38
12534, 39
12538, 42
12542, 26
12546, 41
12550, 45
12554, 45
12558, 44
12562, 48
12566, 27
12570, 54
12574, 50
12578, 39
12582, 40
12586, 36
12590, 50
12594, 42
12598, 47
12602, 38
12606, 51
12610, 38
12614, 42
12618, 45
12622, 35
12626, 44
12630, 38
12634, 48
12638, 60
12642, 38
12646, 34
12650, 44
12654, 26
12658, 40
12662, 36
12666, 35
12670, 41
12674, 36
12678, 32
12682, 49
12686, 35
12690, 47
12694, 30
12698, 50
12702, 52
12706, 38
12710, 43
12714, 44
12718, 39
12722, 46
12726, 54
12730, 41
12734, 38
12738, 38
12742, 39
12746, 40
12750, 39
12754, 48
12758, 26
12762, 49
12766, 41
12770, 38
12774, 52
12778, 43
12782, 55
12786, 46
12790, 48
12794, 45
12798, 50
12802, 61
12806, 56
12810, 50
12814, 49
12818, 44
12822, 45
12826, 38
12830, 45
12834, 44
12838, 46
12842, 45
12846, 31
12850, 35
12854, 44
12858, 44
12862, 45
12866, 48
12870, 49
12874, 43
12878, 45
12882, 53
12886, 52
12890, 54
12894, 42
12898, 45
12902, 43
12906, 46
12910, 42
12914, 38
12918, 48
12922, 52
12926, 56
12930, 47
12934, 48
12938, 57
12942, 51
12946, 41
12950, 38
12954, 39
12958, 36
12962, 50
12966, 31
12970, 45
12974, 50
12978, 44
12982, 47
12986, 38
12990, 40
12994, 45
12998, 52
13002, 40
13006, 47
13010, 55
13014, 44
13018, 43
13022, 44
13026, 36
13030, 45
13034, 31
13038, 50
13042, 34
13046, 37
13050, 36
13054, 33
13058, 45
13062, 28
13066, 36
13070, 35
13074, 29
13078, 36
13082, 30
13086, 31
13090, 33
13094, 39
13098, 32
13102, 40
13106, 36
13110, 30
13114, 39
13118, 29
13122, 32
13126, 45
13130, 40
13134, 30
13138, 39
13142, 39
13146, 30
13150, 37
13154, 26
13158, 43
13162, 35
13166, 38
13170, 37
13174, 24
13178, 30
13182, 39
13186, 28
13190, 31
13194, 28
13198, 25
13202, 32
13206, 32
13210, 25
13214, 30
13218, 31
13222, 23
13226, 37
13230, 25
13234, 37
13238, 25
13242, 25
13246, 33
13250, 30
13254, 31
13258, 30
13262, 27
13266, 26
13270, 33
13274, 43
13278, 32
13282, 22
13286, 33
13290, 40
13294, 27
13298, 30
13302, 30
13306, 27
13310, 29
13314, 25
13318, 32
13322, 23
13326, 28
13330, 34
13334, 31
13338, 28
13342, 23
13346, 25
13350, 29
13354, 25
13358, 28
13362, 32
13366, 26
13370, 27
13374, 30
13378, 22
13382, 30
13386, 36
13390, 31
13394, 31
13398, 33
13402, 27
13406, 26
13410, 37
13414, 22
13418, 20
13422, 19
13426, 28
13430, 26
13434, 18
13438, 20
13442, 26
13446, 20
13450, 24
13454, 27
13458, 34
13462, 23
13466, 19
13470, 26
13474, 20
13478, 20
13482, 23
13486, 24
13490, 18
13494, 23
13498, 23
13502, 25
13506, 16
13510, 19
13514, 28
13518, 17
13522, 22
13526, 19
13530, 12
13534, 23
13538, 19
13542, 24
13546, 27
13550, 23
13554, 22
13558, 25
13562, 22
13566, 13
13570, 13
13574, 21
13578, 26
13582, 10
13586, 18
13590, 18
13594, 16
13598, 19
13602, 10
13606, 18
13610, 19
13614, 19
13618, 17
13622, 19
13626, 15
13630, 16
13634, 24
13638, 17
13642, 20
13646, 11
13650, 15
13654, 13
13658, 15
13662, 28
13666, 14
13670, 15
13674, 15
13678, 12
13682, 9
13686, 8
13690, 14
13694, 11
13698, 14
13702, 12
13706, 19
13710, 15
13714, 4
13718, 9
13722, 14
13726, 19
13730, 12
13734, 18
13738, 11
13742, 13
13746, 15
13750, 8
13754, 13
13758, 9
13762, 24
13766, 11
13770, 5
13774, 15
13778, 10
13782, 13
13786, 5
13790, 7
13794, 11
13798, 13
13802, 10
13806, 14
13810, 11
13814, 8
13818, 7
13822, 6
13826, 12
13830, 12
13834, 10
13838, 10
13842, 9
13846, 8
13850, 9
13854, 7
13858, 10
13862, 9
13866, 14
13870, 6
13874, 9
13878, 12
13882, 9
13886, 11
13890, 7
13894, 6
13898, 11
13902, 6
13906, 10
13910, 10
13914, 10
13918, 11
13922, 7
13926, 7
13930, 11
13934, 11
13938, 12
13942, 15
13946, 5
13950, 17
13954, 19
13958, 19
13962, 8
13966, 16
13970, 20
13974, 13
13978, 12
13982, 17
13986, 15
13990, 19
13994, 11
13998, 11
14002, 15
14006, 12
14010, 10
14014, 7
14018, 7
14022, 10
14026, 11
14030, 8
14034, 8
14038, 11
14042, 12
14046, 8
14050, 12
14054, 5
14058, 3
14062, 12
14066, 8
14070, 7
14074, 8
14078, 9
14082, 7
14086, 6
14090, 12
14094, 14
14098, 10
14102, 10
14106, 5
14110, 6
14114, 6
14118, 9
14122, 6
14126, 10
14130, 6
14134, 8
14138, 4
14142, 8
14146, 10
14150, 3
14154, 5
14158, 8
14162, 8
14166, 3
14170, 11
14174, 8
14178, 9
14182, 7
14186, 10
14190, 4
14194, 11
14198, 17
14202, 9
14206, 11
14210, 15
14214, 13
14218, 9
14222, 11
14226, 15
14230, 14
14234, 11
14238, 15
14242, 20
14246, 16
14250, 47
14254, 50
14258, 59
14262, 70
14266, 96
14270, 71
14274, 112
14278, 115
14282, 164
14286, 155
14290, 177
14294, 215
14298, 252
14302, 292
14306, 335
14310, 381
14314, 348
14318, 337
14322, 299
14326, 279
14330, 213
14334, 172
14338, 140
14342, 139
14346, 112
14350, 103
14354, 82
14358, 68
14362, 59
14366, 44
14370, 45
14374, 33
14378, 32
14382, 31
14386, 24
14390, 20
14394, 17
14398, 41
14402, 26
14406, 33
14410, 31
14414, 44
14418, 42
14422, 46
14426, 43
14430, 40
14434, 49
14438, 43
14442, 43
14446, 34
14450, 38
14454, 22
14458, 24
14462, 15
14466, 27
14470, 10
14474, 14
14478, 11
14482, 5
14486, 11
14490, 8
14494, 11
14498, 7
14502, 5
14506, 8
14510, 10
14514, 7
14518, 7
14522, 1
14526, 6
14530, 13
14534, 7
14538, 5
14542, 8
14546, 9
14550, 6
14554, 5
14558, 1
14562, 4
14566, 7
14570, 9
14574, 7
14578, 8
14582, 1
14586, 6
14590, 5
14594, 8
14598, 6
14602, 2
14606, 8
14610, 2
14614, 6
14618, 4
14622, 6
14626, 4
14630, 2
14634, 1
14638, 5
14642, 1
14646, 2
14650, 6
14654, 4
14658, 7
14662, 3
14666, 6
14670, 5
14674, 2
14678, 2
14682, 3
14686, 2
14690, 1
14698, 8
14702, 3
14706, 4
14714, 4
14718, 6
14722, 3
14726, 5
14730, 4
14734, 3
14738, 6
14742, 2
14746, 6
14750, 2
14754, 4
14758, 1
14762, 6
14766, 1
14770, 2
14778, 7
14782, 7
14786, 4
14790, 4
14794, 2
14798, 4
14802, 5
14806, 5
14810, 5
14814, 6
14818, 6
14822, 3
14826, 2
14830, 3
14834, 5
14838, 4
14842, 6
14846, 3
14850, 4
14854, 8
14858, 1
14862, 2
14866, 6
14870, 6
14874, 6
14878, 8
14882, 5
14886, 2
14890, 2
14894, 6
14898, 4
14902, 3
14906, 4
14914, 4
14918, 5
14922, 5
14926, 3
14930, 4
14934, 4
14938, 4
14942, 7
14946, 3
14950, 3
14954, 1
14958, 7
14962, 4
14966, 3
14970, 7
14974, 3
14978, 4
14982, 8
14986, 7
14990, 1
14994, 6
14998, 6
15002, 2
15006, 7
15010, 9
15014, 5
15018, 9
15022, 3
15026, 7
15030, 7
15034, 6
15038, 5
15042, 3
15046, 6
15050, 7
15054, 7
15058, 5
15062, 2
15066, 5
15070, 5
15074, 5
15078, 3
15082, 5
15086, 5
15090, 4
15094, 4
15098, 9
15102, 4
15106, 5
15110, 6
15114, 4
15118, 7
15122, 4
15126, 7
15130, 4
15134, 5
15138, 6
15142, 10
15146, 4
15150, 9
15154, 7
15158, 5
15162, 8
15166, 5
15170, 7
15174, 5
15178, 6
15182, 4
15186, 4
15190, 7
15194, 6
15198, 3
15202, 2
15206, 4
15210, 2
15214, 3
15218, 6
15222, 5
15226, 6
15230, 3
15234, 2
15238, 4
15242, 5
15246, 2
15250, 1
15254, 9
15258, 3
15262, 5
15266, 2
15270, 5
15274, 3
15278, 6
15282, 3
15286, 2
15290, 4
15294, 7
15298, 6
15302, 10
15306, 2
15310, 5
15314, 3
15318, 3
15322, 3
15326, 8
15330, 2
15334, 5
15338, 3
15342, 3
15346, 1
15350, 4
15354, 2
15358, 7
15362, 5
15366, 3
15370, 3
15374, 1
15378, 4
15382, 2
15386, 3
15390, 7
15394, 5
15398, 6
15402, 9
15406, 8
15410, 4
15414, 5
15418, 3
15422, 7
15426, 3
15434, 6
15438, 4
15442, 3
15446, 3
15450, 4
15454, 4
15458, 5
15462, 7
15466, 5
15470, 5
15474, 6
15478, 4
15482, 3
15486, 3
15490, 9
15494, 5
15498, 2
15502, 6
15506, 3
15510, 4
15514, 4
15518, 5
15522, 1
15526, 2
15530, 2
15534, 10
15538, 5
15542, 6
15546, 8
15550, 6
15554, 6
15558, 1
15562, 6
15566, 3
15570, 3
15574, 7
15578, 4
15582, 3
15586, 5
15590, 6
15594, 4
15602, 4
15606, 4
15610, 4
15614, 6
15618, 6
15622, 2
15626, 1
15630, 2
15634, 4
15638, 5
15642, 5
15646, 4
15650, 7
15654, 1
15658, 3
15662, 3
15666, 8
15670, 3
15674, 5
15678, 3
15682, 1
15686, 4
15690, 6
15694, 4
15698, 7
15702, 8
15710, 2
15714, 2
15718, 2
15722, 2
15726, 3
15730, 5
15734, 3
15738, 6
15742, 8
15746, 4
15750, 5
15754, 6
15758, 3
15762, 5
15766, 4
15770, 4
15774, 5
15778, 2
15782, 4
15786, 3
15790, 8
15794, 7
15798, 7
15802, 7
15806, 3
15810, 2
15814, 8
15818, 1
15822, 3
15826, 7
15830, 6
15834, 11
15838, 9
15842, 9
15846, 6
15850, 6
15854, 10
15858, 12
15862, 4
15866, 8
15870, 4
15874, 8
15878, 6
15882, 3
15886, 7
15890, 5
15894, 2
15898, 3
15902, 2
15906, 10
15910, 4
15914, 3
15918, 3
15922, 6
15926, 2
15930, 4
15934, 6
15938, 5
15942, 5
15946, 8
15950, 6
15954, 9
15958, 10
15962, 4
15966, 5
15970, 6
15974, 6
15978, 8
15982, 7
15986, 4
15990, 6
15994, 7
15998, 6
