2, 5650
6, 349
10, 281
14, 443
18, 1261
22, 1917
26, 1334
30, 424
34, 203
38, 241
42, 311
46, 346
50, 391
54, 421
58, 488
62, 444
66, 455
70, 477
74, 526
78, 478
82, 480
86, 469
90, 565
94, 529
98, 534
102, 509
106, 521
110, 557
114, 571
118, 490
122, 487
126, 543
130, 551
134, 577
138, 556
142, 552
146, 622
150, 612
154, 548
158, 593
162, 627
166, 580
170, 647
174, 597
178, 663
182, 615
186, 604
190, 590
194, 573
198, 609
202, 633
206, 668
210, 650
214, 661
218, 676
222, 635
226, 649
230, 605
234, 641
238, 650
242, 711
246, 663
250, 707
254, 672
258, 676
262, 683
266, 710
270, 709
274, 722
278, 640
282, 679
286, 678
290, 664
294, 727
298, 711
302, 758
306, 746
310, 755
314, 744
318, 751
322, 797
326, 816
330, 788
334, 771
338, 784
342, 777
346, 770
350, 724
354, 803
358, 814
362, 844
366, 875
370, 834
374, 791
378, 870
382, 901
386, 875
390, 901
394, 970
398, 855
402, 859
406, 952
410, 919
414, 941
418, 967
422, 916
426, 956
430, 959
434, 975
438, 943
442, 881
446, 946
450, 937
454, 948
458, 972
462, 953
466, 1014
470, 930
474, 983
478, 994
482, 990
486, 1062
490, 990
494, 1024
498, 956
502, 994
506, 952
510, 983
514, 1019
518, 987
522, 1008
526, 985
530, 996
534, 989
538, 1020
542, 953
546, 1049
550, 983
554, 1043
558, 993
562, 1021
566, 1006
570, 1015
574, 1016
578, 1029
582, 1094
586, 1052
590, 1043
594, 1007
598, 1072
602, 1002
606, 1110
610, 1124
614, 1056
618, 1060
622, 1103
626, 1100
630, 1069
634, 1031
638, 1080
642, 1033
646, 1106
650, 1095
654, 1164
658, 1062
662, 1072
666, 1055
670, 1001
674, 1041
678, 1023
682, 1060
686, 1036
690, 1057
694, 1085
698, 1058
702, 1035
706, 1008
710, 1055
714, 1026
718, 1006
722, 1078
726, 1056
730, 1010
734, 1065
738, 1074
742, 1037
746, 1079
750, 1033
754, 988
758, 1024
762, 1018
766, 1021
770, 1024
774, 1003
778, 949
782, 1006
786, 968
790, 975
794, 1000
798, 993
802, 933
806, 973
810, 964
814, 994
818, 892
822, 955
826, 932
830, 877
834, 967
838, 964
842, 1006
846, 911
850, 992
854, 1006
858, 950
862, 984
866, 915
870, 913
874, 929
878, 918
882, 900
886, 933
890, 922
894, 905
898, 951
902, 925
906, 940
910, 915
914, 919
918, 934
922, 906
926, 954
930, 943
934, 888
938, 865
942, 926
946, 890
950, 905
954, 938
958, 903
962, 921
966, 918
970, 915
974, 941
978, 955
982, 974
986, 892
990, 971
994, 966
998, 919
1002, 966
1006, 969
1010, 898
1014, 900
1018, 952
1022, 951
1026, 922
1030, 984
1034, 918
1038, 902
1042, 925
1046, 991
1050, 977
1054, 929
1058, 917
1062, 928
1066, 889
1070, 882
1074, 866
1078, 830
1082, 881
1086, 872
1090, 844
1094, 862
1098, 807
1102, 823
1106, 817
1110, 834
1114, 793
1118, 798
1122, 768
1126, 786
1130, 767
1134, 784
1138, 807
1142, 778
1146, 743
1150, 804
1154, 752
1158, 750
1162, 736
1166, 720
1170, 718
1174, 833
1178, 739
1182, 731
1186, 733
1190, 761
1194, 727
1198, 706
1202, 719
1206, 717
1210, 686
1214, 668
1218, 753
1222, 690
1226, 706
1230, 740
1234, 755
1238, 669
1242, 742
1246, 682
1250, 666
1254, 685
1258, 741
1262, 674
1266, 662
1270, 691
1274, 693
1278, 629
1282, 698
1286, 638
1290, 683
1294, 642
1298, 620
1302, 637
1306, 682
1310, 673
1314, 627
1318, 689
1322, 625
1326, 635
1330, 668
1334, 684
1338, 670
1342, 661
1346, 695
1350, 596
1354, 598
1358, 642
1362, 636
1366, 591
1370, 624
1374, 597
1378, 606
1382, 580
1386, 619
1390, 603
1394, 600
1398, 598
1402, 614
1406, 603
1410, 615
1414, 634
1418, 591
1422, 562
1426, 609
1430, 555
1434, 553
1438, 581
1442, 535
1446, 607
1450, 586
1454, 564
1458, 576
1462, 568
1466, 594
1470, 537
1474, 562
1478, 543
1482, 542
1486, 496
1490, 592
1494, 545
1498, 540
1502, 562
1506, 549
1510, 543
1514, 528
1518, 496
1522, 552
1526, 553
1530, 594
1534, 573
1538, 542
1542, 557
1546, 537
1550, 550
1554, 513
1558, 516
1562, 505
1566, 568
1570, 540
1574, 533
1578, 498
1582, 538
1586, 531
1590, 523
1594, 583
1598, 521
1602, 466
1606, 527
1610, 505
1614, 493
1618, 495
1622, 510
1626, 494
1630, 520
1634, 456
1638, 468
1642, 493
1646, 485
1650, 524
1654, 498
1658, 449
1662, 495
1666, 476
1670, 480
1674, 473
1678, 508
1682, 505
1686, 454
1690, 487
1694, 471
1698, 454
1702, 478
1706, 489
1710, 471
1714, 449
1718, 518
1722, 485
1726, 479
1730, 487
1734, 482
1738, 505
1742, 487
1746, 514
1750, 470
1754, 462
1758, 476
1762, 526
1766, 500
1770, 477
1774, 437
1778, 482
1782, 466
1786, 471
1790, 472
1794, 506
1798, 436
1802, 496
1806, 471
1810, 468
1814, 491
1818, 439
1822, 423
1826, 454
1830, 470
1834, 495
1838, 475
1842, 499
1846, 478
1850, 452
1854, 484
1858, 496
1862, 452
1866, 468
1870, 435
1874, 466
1878, 427
1882, 453
1886, 459
1890, 441
1894, 467
1898, 445
1902, 447
1906, 491
1910, 433
1914, 481
1918, 496
1922, 452
1926, 479
1930, 490
1934, 418
1938, 473
1942, 467
1946, 504
1950, 442
1954, 494
1958, 460
1962, 457
1966, 450
1970, 465
1974, 445
1978, 499
1982, 481
1986, 453
1990, 431
1994, 479
1998, 480
2002, 457
2006, 462
2010, 466
2014, 459
2018, 484
2022, 464
2026, 481
2030, 451
2034, 458
2038, 458
2042, 501
2046, 491
2050, 498
2054, 457
2058, 475
2062, 446
2066, 484
2070, 463
2074, 480
2078, 454
2082, 472
2086, 481
2090, 483
2094, 456
2098, 470
2102, 494
2106, 447
2110, 461
2114, 467
2118, 452
2122, 442
2126, 472
2130, 443
2134, 439
2138, 458
2142, 467
2146, 451
2150, 441
2154, 440
2158, 465
2162, 464
2166, 478
2170, 456
2174, 474
2178, 432
2182, 456
2186, 447
2190, 474
2194, 445
2198, 436
2202, 422
2206, 446
2210, 454
2214, 423
2218, 403
2222, 377
2226, 379
2230, 399
2234, 415
2238, 346
2242, 354
2246, 359
2250, 334
2254, 387
2258, 357
2262, 339
2266, 347
2270, 381
2274, 387
2278, 340
2282, 355
2286, 355
2290, 321
2294, 361
2298, 355
2302, 326
2306, 318
2310, 343
2314, 303
2318, 319
2322, 306
2326, 330
2330, 301
2334, 325
2338, 312
2342, 297
2346, 301
2350, 317
2354, 326
2358, 298
2362, 290
2366, 291
2370, 282
2374, 320
2378, 297
2382, 262
2386, 300
2390, 293
2394, 308
2398, 274
2402, 280
2406, 299
2410, 278
2414, 292
2418, 291
2422, 284
2426, 246
2430, 277
2434, 275
2438, 277
2442, 281
2446, 303
2450, 246
2454, 258
2458, 261
2462, 248
2466, 264
2470, 264
2474, 275
2478, 255
2482, 234
2486, 242
2490, 233
2494, 247
2498, 252
2502, 256
2506, 225
2510, 257
2514, 265
2518, 238
2522, 216
2526, 228
2530, 205
2534, 262
2538, 221
2542, 219
2546, 231
2550, 233
2554, 232
2558, 235
2562, 216
2566, 214
2570, 211
2574, 219
2578, 239
2582, 208
2586, 198
2590, 221
2594, 208
2598, 188
2602, 198
2606, 220
2610, 209
2614, 195
2618, 224
2622, 193
2626, 199
2630, 197
2634, 215
2638, 208
2642, 188
2646, 188
2650, 209
2654, 187
2658, 186
2662, 190
2666, 194
2670, 179
2674, 176
2678, 189
2682, 210
2686, 198
2690, 211
2694, 195
2698, 185
2702, 193
2706, 157
2710, 188
2714, 193
2718, 165
2722, 180
2726, 158
2730, 178
2734, 188
2738, 166
2742, 201
2746, 160
2750, 218
2754, 200
2758, 227
2762, 275
2766, 339
2770, 364
2774, 372
2778, 345
2782, 265
2786, 244
2790, 213
2794, 211
2798, 180
2802, 147
2806, 154
2810, 145
2814, 144
2818, 154
2822, 150
2826, 158
2830, 157
2834, 143
2838, 151
2842, 151
2846, 138
2850, 156
2854, 165
2858, 145
2862, 156
2866, 128
2870, 166
2874, 150
2878, 136
2882, 147
2886, 152
2890, 140
2894, 131
2898, 136
2902, 132
2906, 132
2910, 130
2914, 109
2918, 135
2922, 163
2926, 133
2930, 145
2934, 143
2938, 137
2942, 136
2946, 121
2950, 129
2954, 115
2958, 156
2962, 119
2966, 123
2970, 130
2974, 142
2978, 150
2982, 132
2986, 152
2990, 111
2994, 124
2998, 139
3002, 108
3006, 100
3010, 123
3014, 113
3018, 119
3022, 122
3026, 121
3030, 148
3034, 131
3038, 143
3042, 162
3046, 190
3050, 237
3054, 373
3058, 806
3062, 1218
3066, 1204
3070, 769
3074, 501
3078, 353
3082, 368
3086, 221
3090, 141
3094, 140
3098, 105
3102, 117
3106, 112
3110, 104
3114, 91
3118, 117
3122, 112
3126, 116
3130, 119
3134, 123
3138, 123
3142, 110
3146, 144
3150, 196
3154, 274
3158, 447
3162, 577
3166, 990
3170, 2333
3174, 4909
3178, 6638
3182, 5146
3186, 2941
3190, 1884
3194, 1571
3198, 1252
3202, 657
3206, 259
3210, 137
3214, 102
3218, 98
3222, 94
3226, 83
3230, 91
3234, 86
3238, 76
3242, 105
3246, 74
3250, 98
3254, 62
3258, 83
3262, 79
3266, 88
3270, 109
3274, 79
3278, 90
3282, 77
3286, 82
3290, 78
3294, 92
3298, 95
3302, 108
3306, 104
3310, 94
3314, 92
3318, 65
3322, 85
3326, 76
3330, 86
3334, 83
3338, 73
3342, 68
3346, 87
3350, 67
3354, 73
3358, 65
3362, 77
3366, 63
3370, 81
3374, 73
3378, 96
3382, 62
3386, 66
3390, 83
3394, 77
3398, 76
3402, 84
3406, 56
3410, 79
3414, 93
3418, 80
3422, 79
3426, 88
3430, 66
3434, 76
3438, 86
3442, 73
3446, 71
3450, 74
3454, 65
3458, 74
3462, 78
3466, 91
3470, 60
3474, 50
3478, 68
3482, 72
3486, 68
3490, 87
3494, 85
3498, 75
3502, 68
3506, 78
3510, 69
3514, 88
3518, 79
3522, 93
3526, 78
3530, 87
3534, 75
3538, 68
3542, 63
3546, 77
3550, 59
3554, 72
3558, 59
3562, 65
3566, 76
3570, 64
3574, 63
3578, 84
3582, 78
3586, 77
3590, 80
3594, 71
3598, 79
3602, 77
3606, 69
3610, 79
3614, 74
3618, 77
3622, 70
3626, 58
3630, 72
3634, 96
3638, 61
3642, 70
3646, 68
3650, 60
3654, 80
3658, 65
3662, 73
3666, 61
3670, 88
3674, 73
3678, 68
3682, 92
3686, 72
3690, 86
3694, 68
3698, 68
3702, 84
3706, 71
3710, 73
3714, 85
3718, 70
3722, 66
3726, 84
3730, 77
3734, 81
3738, 83
3742, 66
3746, 62
3750, 74
3754, 69
3758, 64
3762, 71
3766, 67
3770, 78
3774, 83
3778, 72
3782, 76
3786, 79
3790, 88
3794, 75
3798, 79
3802, 73
3806, 66
3810, 64
3814, 62
3818, 72
3822, 72
3826, 61
3830, 82
3834, 59
3838, 76
3842, 62
3846, 71
3850, 65
3854, 58
3858, 82
3862, 80
3866, 67
3870, 73
3874, 76
3878, 67
3882, 80
3886, 80
3890, 79
3894, 57
3898, 65
3902, 66
3906, 67
3910, 72
3914, 61
3918, 69
3922, 71
3926, 64
3930, 75
3934, 70
3938, 76
3942, 72
3946, 64
3950, 74
3954, 78
3958, 70
3962, 78
3966, 76
3970, 60
3974, 48
3978, 71
3982, 53
3986, 67
3990, 56
3994, 71
3998, 70
4002, 54
4006, 71
4010, 61
4014, 73
4018, 50
4022, 79
4026, 65
4030, 63
4034, 50
4038, 73
4042, 71
4046, 70
4050, 69
4054, 74
4058, 59
4062, 61
4066, 60
4070, 51
4074, 72
4078, 69
4082, 63
4086, 47
4090, 57
4094, 49
4098, 54
4102, 53
4106, 67
4110, 70
4114, 64
4118, 79
4122, 70
4126, 64
4130, 65
4134, 74
4138, 66
4142, 62
4146, 62
4150, 52
4154, 62
4158, 53
4162, 65
4166, 73
4170, 71
4174, 58
4178, 71
4182, 78
4186, 58
4190, 59
4194, 62
4198, 69
4202, 80
4206, 71
4210, 58
4214, 59
4218, 64
4222, 58
4226, 55
4230, 62
4234, 63
4238, 70
4242, 68
4246, 64
4250, 64
4254, 43
4258, 51
4262, 63
4266, 60
4270, 47
4274, 74
4278, 54
4282, 66
4286, 64
4290, 46
4294, 62
4298, 64
4302, 70
4306, 60
4310, 73
4314, 67
4318, 39
4322, 64
4326, 78
4330, 56
4334, 63
4338, 65
4342, 75
4346, 67
4350, 68
4354, 65
4358, 56
4362, 57
4366, 51
4370, 59
4374, 65
4378, 46
4382, 66
4386, 64
4390, 50
4394, 59
4398, 62
4402, 46
4406, 53
4410, 62
4414, 46
4418, 48
4422, 68
4426, 53
4430, 53
4434, 55
4438, 52
4442, 68
4446, 58
4450, 61
4454, 70
4458, 65
4462, 56
4466, 60
4470, 68
4474, 40
4478, 63
4482, 66
4486, 52
4490, 60
4494, 47
4498, 53
4502, 61
4506, 63
4510, 57
4514, 49
4518, 60
4522, 54
4526, 51
4530, 61
4534, 64
4538, 67
4542, 46
4546, 69
4550, 56
4554, 57
4558, 60
4562, 74
4566, 62
4570, 46
4574, 46
4578, 68
4582, 52
4586, 47
4590, 63
4594, 70
4598, 56
4602, 56
4606, 54
4610, 58
4614, 52
4618, 54
4622, 56
4626, 54
4630, 64
4634, 42
4638, 62
4642, 50
4646, 43
4650, 67
4654, 61
4658, 63
4662, 47
4666, 65
4670, 70
4674, 48
4678, 50
4682, 56
4686, 44
4690, 55
4694, 48
4698, 51
4702, 61
4706, 56
4710, 50
4714, 53
4718, 51
4722, 54
4726, 40
4730, 56
4734, 55
4738, 50
4742, 49
4746, 63
4750, 63
4754, 51
4758, 44
4762, 52
4766, 48
4770, 47
4774, 78
4778, 55
4782, 55
4786, 48
4790, 56
4794, 42
4798, 52
4802, 45
4806, 56
4810, 49
4814, 53
4818, 45
4822, 50
4826, 56
4830, 52
4834, 50
4838, 50
4842, 54
4846, 47
4850, 63
4854, 46
4858, 59
4862, 49
4866, 54
4870, 51
4874, 57
4878, 47
4882, 46
4886, 52
4890, 42
4894, 56
4898, 56
4902, 61
4906, 52
4910, 57
4914, 50
4918, 59
4922, 39
4926, 58
4930, 72
4934, 50
4938, 57
4942, 58
4946, 58
4950, 45
4954, 52
4958, 59
4962, 63
4966, 44
4970, 50
4974, 45
4978, 53
4982, 47
4986, 37
4990, 50
4994, 57
4998, 51
5002, 51
5006, 48
5010, 50
5014, 52
5018, 48
5022, 61
5026, 43
5030, 59
5034, 47
5038, 60
5042, 54
5046, 44
5050, 59
5054, 54
5058, 48
5062, 40
5066, 51
5070, 51
5074, 56
5078, 58
5082, 61
5086, 40
5090, 46
5094, 60
5098, 40
5102, 57
5106, 52
5110, 49
5114, 38
5118, 46
5122, 51
5126, 40
5130, 52
5134, 50
5138, 57
5142, 50
5146, 54
5150, 48
5154, 56
5158, 45
5162, 53
5166, 45
5170, 46
5174, 59
5178, 40
5182, 61
5186, 44
5190, 40
5194, 43
5198, 56
5202, 45
5206, 49
5210, 60
5214, 42
5218, 61
5222, 56
5226, 44
5230, 47
5234, 52
5238, 49
5242, 55
5246, 44
5250, 43
5254, 44
5258, 51
5262, 50
5266, 50
5270, 47
5274, 39
5278, 43
5282, 35
5286, 33
5290, 52
5294, 40
5298, 35
5302, 51
5306, 48
5310, 60
5314, 50
5318, 56
5322, 56
5326, 49
5330, 50
5334, 42
5338, 47
5342, 47
5346, 54
5350, 61
5354, 43
5358, 59
5362, 63
5366, 82
5370, 146
5374, 196
5378, 200
5382, 164
5386, 90
5390, 96
5394, 80
5398, 60
5402, 47
5406, 48
5410, 60
5414, 49
5418, 46
5422, 44
5426, 40
5430, 48
5434, 52
5438, 47
5442, 49
5446, 46
5450, 53
5454, 48
5458, 41
5462, 68
5466, 55
5470, 62
5474, 46
5478, 39
5482, 52
5486, 58
5490, 48
5494, 46
5498, 63
5502, 54
5506, 47
5510, 61
5514, 43
5518, 48
5522, 52
5526, 53
5530, 43
5534, 61
5538, 41
5542, 41
5546, 39
5550, 53
5554, 50
5558, 48
5562, 58
5566, 50
5570, 55
5574, 47
5578, 48
5582, 48
5586, 59
5590, 54
5594, 54
5598, 56
5602, 47
5606, 47
5610, 51
5614, 47
5618, 52
5622, 47
5626, 42
5630, 59
5634, 51
5638, 63
5642, 62
5646, 50
5650, 57
5654, 44
5658, 56
5662, 52
5666, 46
5670, 49
5674, 47
5678, 50
5682, 42
5686, 54
5690, 59
5694, 48
5698, 39
5702, 56
5706, 44
5710, 38
5714, 40
5718, 58
5722, 43
5726, 54
5730, 54
5734, 36
5738, 48
5742, 55
5746, 45
5750, 42
5754, 45
5758, 49
5762, 50
5766, 58
5770, 52
5774, 41
5778, 35
5782, 43
5786, 45
5790, 40
5794, 46
5798, 50
5802, 47
5806, 53
5810, 54
5814, 43
5818, 38
5822, 54
5826, 45
5830, 52
5834, 50
5838, 46
5842, 46
5846, 45
5850, 41
5854, 44
5858, 50
5862, 49
5866, 58
5870, 53
5874, 47
5878, 42
5882, 46
5886, 42
5890, 49
5894, 44
5898, 35
5902, 62
5906, 40
5910, 51
5914, 38
5918, 38
5922, 40
5926, 56
5930, 50
5934, 53
5938, 32
5942, 53
5946, 46
5950, 35
5954, 50
5958, 44
5962, 48
5966, 56
5970, 48
5974, 43
5978, 44
5982, 43
5986, 43
5990, 54
5994, 59
5998, 57
6002, 41
6006, 52
6010, 44
6014, 46
6018, 35
6022, 43
6026, 43
6030, 43
6034, 37
6038, 44
6042, 40
6046, 43
6050, 45
6054, 44
6058, 46
6062, 48
6066, 45
6070, 54
6074, 51
6078, 57
6082, 53
6086, 47
6090, 43
6094, 44
6098, 39
6102, 59
6106, 42
6110, 57
6114, 53
6118, 52
6122, 52
6126, 49
6130, 40
6134, 42
6138, 50
6142, 42
6146, 41
6150, 44
6154, 48
6158, 48
6162, 49
6166, 48
6170, 44
6174, 38
6178, 32
6182, 57
6186, 49
6190, 40
6194, 35
6198, 39
6202, 43
6206, 41
6210, 50
6214, 41
6218, 53
6222, 50
6226, 58
6230, 44
6234, 38
6238, 47
6242, 50
6246, 45
6250, 40
6254, 53
6258, 59
6262, 51
6266, 33
6270, 58
6274, 47
6278, 51
6282, 43
6286, 52
6290, 31
6294, 51
6298, 39
6302, 42
6306, 56
6310, 49
6314, 57
6318, 46
6322, 45
6326, 44
6330, 53
6334, 35
6338, 45
6342, 35
6346, 50
6350, 49
6354, 43
6358, 47
6362, 51
6366, 38
6370, 48
6374, 43
6378, 46
6382, 48
6386, 48
6390, 40
6394, 38
6398, 45
6402, 51
6406, 49
6410, 55
6414, 36
6418, 47
6422, 46
6426, 30
6430, 55
6434, 49
6438, 49
6442, 46
6446, 48
6450, 46
6454, 53
6458, 43
6462, 40
6466, 49
6470, 44
6474, 50
6478, 49
6482, 48
6486, 51
6490, 59
6494, 35
6498, 46
6502, 35
6506, 43
6510, 46
6514, 45
6518, 53
6522, 42
6526, 51
6530, 55
6534, 38
6538, 30
6542, 47
6546, 54
6550, 55
6554, 41
6558, 38
6562, 50
6566, 45
6570, 51
6574, 47
6578, 40
6582, 57
6586, 31
6590, 48
6594, 57
6598, 60
6602, 40
6606, 29
6610, 47
6614, 46
6618, 40
6622, 44
6626, 53
6630, 52
6634, 41
6638, 54
6642, 35
6646, 49
6650, 49
6654, 48
6658, 43
6662, 34
6666, 38
6670, 30
6674, 46
6678, 48
6682, 55
6686, 33
6690, 44
6694, 41
6698, 41
6702, 42
6706, 40
6710, 51
6714, 39
6718, 51
6722, 52
6726, 45
6730, 46
6734, 43
6738, 57
6742, 47
6746, 49
6750, 55
6754, 50
6758, 54
6762, 36
6766, 35
6770, 43
6774, 43
6778, 43
6782, 47
6786, 45
6790, 40
6794, 52
6798, 48
6802, 50
6806, 46
6810, 49
6814, 67
6818, 32
6822, 34
6826, 43
6830, 55
6834, 36
6838, 42
6842, 37
6846, 43
6850, 55
6854, 51
6858, 53
6862, 37
6866, 32
6870, 42
6874, 43
6878, 41
6882, 57
6886, 47
6890, 44
6894, 48
6898, 41
6902, 50
6906, 46
6910, 51
6914, 39
6918, 37
6922, 46
6926, 45
6930, 40
6934, 48
6938, 46
6942, 46
6946, 46
6950, 54
6954, 57
6958, 44
6962, 51
6966, 42
6970, 51
6974, 52
6978, 54
6982, 40
6986, 42
6990, 48
6994, 44
6998, 50
7002, 48
7006, 33
7010, 51
7014, 42
7018, 49
7022, 39
7026, 43
7030, 50
7034, 39
7038, 41
7042, 51
7046, 50
7050, 49
7054, 54
7058, 47
7062, 50
7066, 45
7070, 52
7074, 56
7078, 52
7082, 42
7086, 39
7090, 51
7094, 52
7098, 46
7102, 34
7106, 53
7110, 59
7114, 45
7118, 37
7122, 57
7126, 47
7130, 45
7134, 53
7138, 45
7142, 58
7146, 46
7150, 48
7154, 59
7158, 40
7162, 55
7166, 53
7170, 51
7174, 55
7178, 49
7182, 54
7186, 50
7190, 44
7194, 49
7198, 55
7202, 37
7206, 48
7210, 45
7214, 48
7218, 42
7222, 34
7226, 53
7230, 51
7234, 47
7238, 34
7242, 45
7246, 40
7250, 48
7254, 47
7258, 45
7262, 45
7266, 61
7270, 41
7274, 46
7278, 49
7282, 37
7286, 49
7290, 47
7294, 35
7298, 40
7302, 49
7306, 50
7310, 48
7314, 46
7318, 40
7322, 43
7326, 41
7330, 37
7334, 44
7338, 49
7342, 36
7346, 39
7350, 51
7354, 44
7358, 50
7362, 51
7366, 54
7370, 40
7374, 39
7378, 54
7382, 47
7386, 49
7390, 42
7394, 48
7398, 61
7402, 54
7406, 37
7410, 62
7414, 46
7418, 54
7422, 45
7426, 59
7430, 42
7434, 48
7438, 49
7442, 31
7446, 42
7450, 50
7454, 44
7458, 44
7462, 52
7466, 58
7470, 51
7474, 56
7478, 45
7482, 47
7486, 48
7490, 40
7494, 45
7498, 47
7502, 42
7506, 36
7510, 48
7514, 46
7518, 45
7522, 49
7526, 35
7530, 49
7534, 41
7538, 40
7542, 44
7546, 34
7550, 39
7554, 40
7558, 33
7562, 43
7566, 50
7570, 48
7574, 44
7578, 50
7582, 47
7586, 52
7590, 38
7594, 50
7598, 51
7602, 51
7606, 43
7610, 55
7614, 43
7618, 53
7622, 51
7626, 50
7630, 42
7634, 43
7638, 50
7642, 48
7646, 41
7650, 48
7654, 52
7658, 41
7662, 54
7666, 47
7670, 36
7674, 46
7678, 55
7682, 46
7686, 48
7690, 51
7694, 33
7698, 49
7702, 46
7706, 30
7710, 43
7714, 54
7718, 45
7722, 56
7726, 43
7730, 59
7734, 50
7738, 47
7742, 29
7746, 58
7750, 44
7754, 40
7758, 41
7762, 43
7766, 36
7770, 51
7774, 62
7778, 51
7782, 49
7786, 60
7790, 62
7794, 41
7798, 49
7802, 50
7806, 51
7810, 46
7814, 46
7818, 35
7822, 39
7826, 49
7830, 39
7834, 50
7838, 45
7842, 37
7846, 48
7850, 56
7854, 37
7858, 52
7862, 35
7866, 46
7870, 40
7874, 54
7878, 39
7882, 41
7886, 53
7890, 42
7894, 49
7898, 40
7902, 67
7906, 53
7910, 43
7914, 62
7918, 58
7922, 49
7926, 57
7930, 60
7934, 62
7938, 48
7942, 58
7946, 48
7950, 44
7954, 37
7958, 46
7962, 45
7966, 56
7970, 45
7974, 44
7978, 56
7982, 52
7986, 62
7990, 53
7994, 56
7998, 43
8002, 63
8006, 43
8010, 47
8014, 53
8018, 57
8022, 47
8026, 46
8030, 57
8034, 52
8038, 52
8042, 56
8046, 42
8050, 55
8054, 52
8058, 49
8062, 41
8066, 49
8070, 36
8074, 44
8078, 37
8082, 53
8086, 47
8090, 52
8094, 50
8098, 48
8102, 54
8106, 42
8110, 49
8114, 53
8118, 49
8122, 64
8126, 59
8130, 64
8134, 94
8138, 115
8142, 144
8146, 174
8150, 178
8154, 140
8158, 97
8162, 108
8166, 85
8170, 68
8174, 62
8178, 54
8182, 59
8186, 61
8190, 54
8194, 56
8198, 42
8202, 56
8206, 53
8210, 66
8214, 58
8218, 55
8222, 45
8226, 50
8230, 44
8234, 54
8238, 52
8242, 52
8246, 52
8250, 55
8254, 61
8258, 53
8262, 45
8266, 57
8270, 49
8274, 53
8278, 65
8282, 39
8286, 51
8290, 62
8294, 55
8298, 54
8302, 51
8306, 50
8310, 50
8314, 71
8318, 43
8322, 63
8326, 51
8330, 53
8334, 48
8338, 43
8342, 68
8346, 62
8350, 44
8354, 46
8358, 42
8362, 64
8366, 52
8370, 67
8374, 56
8378, 49
8382, 57
8386, 64
8390, 62
8394, 44
8398, 39
8402, 63
8406, 56
8410, 46
8414, 56
8418, 61
8422, 57
8426, 67
8430, 61
8434, 64
8438, 65
8442, 68
8446, 73
8450, 66
8454, 53
8458, 58
8462, 57
8466, 64
8470, 60
8474, 57
8478, 50
8482, 60
8486, 53
8490, 63
8494, 63
8498, 62
8502, 49
8506, 55
8510, 56
8514, 51
8518, 51
8522, 52
8526, 48
8530, 61
8534, 57
8538, 52
8542, 64
8546, 56
8550, 71
8554, 54
8558, 56
8562, 63
8566, 54
8570, 52
8574, 50
8578, 44
8582, 54
8586, 65
8590, 46
8594, 46
8598, 56
8602, 56
8606, 64
8610, 57
8614, 65
8618, 71
8622, 58
8626, 60
8630, 61
8634, 66
8638, 58
8642, 68
8646, 56
8650, 59
8654, 64
8658, 53
8662, 47
8666, 64
8670, 61
8674, 43
8678, 56
8682, 58
8686, 54
8690, 55
8694, 66
8698, 49
8702, 51
8706, 73
8710, 59
8714, 66
8718, 60
8722, 55
8726, 71
8730, 58
8734, 55
8738, 50
8742, 65
8746, 65
8750, 58
8754, 59
8758, 48
8762, 69
8766, 57
8770, 55
8774, 36
8778, 60
8782, 69
8786, 61
8790, 58
8794, 66
8798, 76
8802, 65
8806, 78
8810, 45
8814, 47
8818, 69
8822, 61
8826, 66
8830, 64
8834, 61
8838, 65
8842, 59
8846, 61
8850, 66
8854, 66
8858, 64
8862, 53
8866, 66
8870, 67
8874, 58
8878, 52
8882, 60
8886, 58
8890, 72
8894, 77
8898, 58
8902, 55
8906, 72
8910, 53
8914, 74
8918, 67
8922, 83
8926, 51
8930, 62
8934, 63
8938, 66
8942, 68
8946, 68
8950, 64
8954, 68
8958, 71
8962, 52
8966, 74
8970, 62
8974, 76
8978, 70
8982, 67
8986, 60
8990, 57
8994, 64
8998, 71
9002, 69
9006, 74
9010, 63
9014, 69
9018, 64
9022, 61
9026, 65
9030, 64
9034, 66
9038, 72
9042, 66
9046, 78
9050, 77
9054, 78
9058, 75
9062, 55
9066, 74
9070, 82
9074, 69
9078, 67
9082, 74
9086, 74
9090, 67
9094, 70
9098, 75
9102, 74
9106, 71
9110, 83
9114, 80
9118, 88
9122, 62
9126, 63
9130, 73
9134, 73
9138, 68
9142, 75
9146, 55
9150, 86
9154, 85
9158, 72
9162, 70
9166, 84
9170, 61
9174, 81
9178, 69
9182, 60
9186, 86
9190, 65
9194, 72
9198, 74
9202, 68
9206, 70
9210, 64
9214, 81
9218, 71
9222, 75
9226, 75
9230, 71
9234, 67
9238, 77
9242, 92
9246, 90
9250, 89
9254, 78
9258, 74
9262, 84
9266, 89
9270, 83
9274, 80
9278, 72
9282, 78
9286, 95
9290, 74
9294, 68
9298, 76
9302, 69
9306, 78
9310, 77
9314, 77
9318, 68
9322, 88
9326, 91
9330, 87
9334, 81
9338, 74
9342, 89
9346, 91
9350, 79
9354, 84
9358, 87
9362, 87
9366, 96
9370, 93
9374, 88
9378, 57
9382, 101
9386, 81
9390, 85
9394, 70
9398, 81
9402, 73
9406, 86
9410, 81
9414, 79
9418, 90
9422, 73
9426, 68
9430, 80
9434, 97
9438, 83
9442, 87
9446, 95
9450, 71
9454, 93
9458, 84
9462, 99
9466, 97
9470, 80
9474, 93
9478, 74
9482, 77
9486, 90
9490, 82
9494, 91
9498, 90
9502, 93
9506, 95
9510, 88
9514, 81
9518, 85
9522, 101
9526, 94
9530, 102
9534, 90
9538, 71
9542, 90
9546, 94
9550, 80
9554, 86
9558, 89
9562, 83
9566, 76
9570, 105
9574, 98
9578, 108
9582, 92
9586, 99
9590, 82
9594, 108
9598, 86
9602, 97
9606, 99
9610, 68
9614, 83
9618, 102
9622, 87
9626, 91
9630, 97
9634, 80
9638, 91
9642, 86
9646, 93
9650, 84
9654, 109
9658, 86
9662, 85
9666, 98
9670, 73
9674, 75
9678, 83
9682, 89
9686, 68
9690, 79
9694, 77
9698, 76
9702, 75
9706, 76
9710, 68
9714, 66
9718, 71
9722, 57
9726, 67
9730, 61
9734, 57
9738, 56
9742, 62
9746, 47
9750, 56
9754, 53
9758, 51
9762, 63
9766, 68
9770, 56
9774, 52
9778, 67
9782, 49
9786, 66
9790, 50
9794, 58
9798, 54
9802, 70
9806, 44
9810, 67
9814, 62
9818, 45
9822, 49
9826, 67
9830, 54
9834, 55
9838, 44
9842, 47
9846, 34
9850, 55
9854, 41
9858, 50
9862, 52
9866, 60
9870, 41
9874, 48
9878, 36
9882, 58
9886, 42
9890, 57
9894, 48
9898, 38
9902, 35
9906, 51
9910, 71
9914, 61
9918, 43
9922, 49
9926, 53
9930, 51
9934, 33
9938, 56
9942, 48
9946, 53
9950, 44
9954, 52
9958, 62
9962, 47
9966, 38
9970, 52
9974, 42
9978, 57
9982, 49
9986, 59
9990, 40
9994, 49
9998, 46
10002, 44
10006, 48
10010, 53
10014, 47
10018, 43
10022, 40
10026, 41
10030, 53
10034, 45
10038, 55
10042, 36
10046, 31
10050, 46
10054, 36
10058, 45
10062, 42
10066, 40
10070, 39
10074, 44
10078, 45
10082, 49
10086, 54
10090, 38
10094, 40
10098, 28
10102, 43
10106, 44
10110, 41
10114, 39
10118, 32
10122, 46
10126, 33
10130, 35
10134, 42
10138, 34
10142, 38
10146, 37
10150, 22
10154, 41
10158, 31
10162, 34
10166, 35
10170, 30
10174, 35
10178, 32
10182, 39
10186, 24
10190, 31
10194, 33
10198, 26
10202, 36
10206, 36
10210, 28
10214, 30
10218, 32
10222, 27
10226, 34
10230, 26
10234, 29
10238, 22
10242, 26
10246, 23
10250, 23
10254, 25
10258, 19
10262, 40
10266, 27
10270, 21
10274, 25
10278, 29
10282, 25
10286, 26
10290, 20
10294, 25
10298, 28
10302, 22
10306, 15
10310, 17
10314, 17
10318, 17
10322, 17
10326, 26
10330, 22
10334, 27
10338, 13
10342, 17
10346, 15
10350, 19
10354, 16
10358, 16
10362, 15
10366, 16
10370, 14
10374, 18
10378, 16
10382, 17
10386, 8
10390, 15
10394, 12
10398, 18
10402, 12
10406, 19
10410, 11
10414, 19
10418, 12
10422, 9
10426, 13
10430, 25
10434, 13
10438, 12
10442, 12
10446, 16
10450, 14
10454, 16
10458, 11
10462, 20
10466, 18
10470, 17
10474, 8
10478, 9
10482, 10
10486, 9
10490, 13
10494, 10
10498, 13
10502, 7
10506, 4
10510, 6
10514, 13
10518, 18
10522, 15
10526, 18
10530, 11
10534, 13
10538, 15
10542, 17
10546, 14
10550, 11
10554, 17
10558, 13
10562, 5
10566, 15
10570, 10
10574, 4
10578, 13
10582, 5
10586, 9
10590, 9
10594, 9
10598, 7
10602, 13
10606, 11
10610, 5
10614, 13
10618, 12
10622, 11
10626, 12
10630, 8
10634, 11
10638, 5
10642, 10
10646, 8
10650, 10
10654, 6
10658, 12
10662, 10
10666, 7
10670, 10
10674, 5
10678, 9
10682, 9
10686, 9
10690, 7
10694, 7
10698, 7
10702, 7
10706, 13
10710, 11
10714, 15
10718, 10
10722, 10
10726, 11
10730, 12
10734, 6
10738, 3
10742, 9
10746, 9
10750, 11
10754, 14
10758, 10
10762, 11
10766, 7
10770, 15
10774, 16
10778, 10
10782, 10
10786, 11
10790, 13
10794, 7
10798, 7
10802, 11
10806, 13
10810, 5
10814, 13
10818, 11
10822, 9
10826, 12
10830, 11
10834, 12
10838, 13
10842, 4
10846, 14
10850, 16
10854, 12
10858, 10
10862, 10
10866, 11
10870, 14
10874, 26
10878, 26
10882, 37
10886, 71
10890, 131
10894, 234
10898, 460
10902, 843
10906, 1526
10910, 2153
10914, 2304
10918, 1875
10922, 1325
10926, 927
10930, 625
10934, 422
10938, 239
10942, 109
10946, 36
10950, 12
10954, 9
10958, 5
10962, 8
10966, 4
10970, 6
10974, 6
10978, 5
10982, 5
10986, 10
10990, 5
10994, 3
10998, 6
11002, 6
11006, 6
11010, 2
11014, 3
11018, 6
11022, 6
11026, 3
11030, 4
11034, 5
11038, 5
11042, 3
11046, 3
11050, 6
11054, 3
11058, 6
11062, 1
11066, 5
11070, 4
11074, 2
11078, 7
11082, 2
11086, 2
11090, 5
11094, 4
11098, 3
11102, 3
11106, 1
11110, 5
11114, 8
11118, 1
11122, 3
11126, 4
11130, 1
11134, 5
11138, 1
11142, 9
11146, 2
11150, 2
11154, 5
11158, 5
11162, 2
11166, 2
11174, 5
11178, 10
11182, 10
11186, 8
11190, 9
11194, 7
11198, 21
11202, 14
11206, 19
11210, 14
11214, 13
11218, 6
11222, 8
11226, 7
11230, 3
11234, 5
11238, 3
11242, 3
11246, 1
11250, 5
11254, 5
11258, 3
11262, 2
11266, 3
11270, 7
11274, 3
11278, 2
11282, 6
11286, 3
11290, 6
11294, 2
11298, 3
11302, 5
11306, 3
11310, 2
11314, 5
11318, 5
11322, 2
11326, 4
11330, 1
11334, 4
11338, 6
11342, 2
11346, 6
11350, 1
11354, 3
11358, 4
11362, 4
11366, 1
11370, 3
11374, 2
11378, 2
11382, 3
11386, 5
11390, 4
11394, 3
11398, 2
11402, 1
11406, 4
11410, 4
11414, 1
11418, 7
11422, 1
11426, 4
11430, 5
11434, 2
11438, 3
11442, 2
11446, 3
11450, 5
11454, 5
11458, 8
11466, 2
11470, 3
11474, 4
11478, 4
11482, 4
11490, 8
11494, 4
11498, 5
11502, 5
11506, 4
11510, 1
11514, 5
11518, 7
11522, 2
11526, 10
11530, 1
11538, 7
11542, 5
11546, 5
11550, 3
11554, 4
11558, 4
11562, 1
11566, 3
11570, 2
11574, 2
11578, 5
11582, 3
11586, 1
11590, 6
11594, 2
11598, 5
11602, 3
11606, 4
11610, 5
11614, 3
11618, 1
11622, 3
11626, 4
11630, 6
11634, 2
11638, 2
11642, 2
11646, 2
11650, 3
11654, 4
11658, 1
11662, 4
11666, 3
11670, 6
11674, 5
11678, 3
11682, 4
11686, 1
11690, 3
11694, 3
11698, 5
11702, 2
11706, 2
11710, 2
11714, 2
11718, 6
11722, 7
11726, 3
11730, 3
11734, 5
11738, 6
11742, 2
11746, 4
11750, 7
11754, 1
11758, 1
11762, 2
11770, 5
11774, 3
11778, 5
11782, 3
11790, 5
11794, 5
11798, 4
11802, 5
11806, 4
11810, 3
11814, 1
11818, 5
11822, 4
11826, 6
11830, 6
11834, 3
11838, 4
11842, 4
11846, 5
11850, 4
11854, 3
11858, 2
11862, 5
11866, 2
11870, 2
11874, 1
11878, 2
11882, 8
11886, 6
11890, 6
11894, 2
11898, 2
11902, 3
11906, 4
11914, 5
11918, 3
11922, 3
11926, 1
11930, 7
11934, 1
11938, 6
11942, 3
11946, 6
11950, 5
11954, 3
11958, 6
11962, 8
11966, 4
11970, 4
11974, 4
11978, 3
11982, 3
11986, 5
11990, 3
11994, 5
11998, 5
12002, 1
12006, 6
12010, 5
12014, 3
12018, 3
12022, 3
12026, 3
12030, 4
12034, 4
12038, 3
12042, 6
12046, 4
12050, 2
12054, 5
12058, 5
12062, 3
12066, 8
12070, 2
12074, 5
12078, 5
12082, 4
12086, 1
12090, 5
12094, 5
12098, 4
12102, 2
12110, 8
12114, 5
12118, 8
12122, 6
12126, 8
12130, 8
12134, 2
12138, 10
12142, 3
12146, 3
12150, 2
12154, 5
12158, 1
12162, 3
12166, 1
12170, 5
12174, 5
12178, 1
12182, 3
12186, 7
12190, 7
12194, 3
12198, 4
12202, 3
12206, 3
12210, 2
12214, 4
12218, 2
12222, 1
12226, 9
12230, 4
12234, 6
12238, 4
12242, 2
12246, 4
12250, 2
12254, 3
12258, 7
12262, 3
12266, 3
12270, 6
12274, 2
12278, 4
12282, 5
12286, 8
12290, 1
12294, 3
12298, 2
12302, 5
12306, 8
12310, 3
12314, 3
12318, 5
12322, 2
12326, 6
12330, 2
12334, 4
12338, 3
12342, 7
12346, 1
12350, 6
12354, 7
12358, 3
12362, 9
12366, 5
12370, 4
12374, 4
12378, 6
12382, 7
12386, 6
12390, 4
12394, 3
12398, 7
12406, 9
12410, 5
12414, 1
12418, 8
12422, 5
12426, 4
12430, 2
12434, 5
12438, 7
12442, 3
12446, 2
12450, 5
12454, 6
12458, 8
12462, 1
12466, 7
12470, 3
12474, 6
12478, 5
12482, 3
12486, 4
12490, 1
12494, 8
12498, 8
12502, 6
12506, 3
12510, 4
12514, 3
12518, 9
12522, 4
12526, 6
12530, 5
12534, 5
12538, 2
12542, 3
12546, 1
12550, 5
12554, 4
12558, 4
12562, 6
12566, 4
12570, 6
12574, 5
12578, 9
12582, 3
12586, 7
12590, 3
12594, 4
12598, 5
12606, 5
12610, 6
12614, 7
12618, 11
12622, 5
12626, 3
12630, 5
12634, 4
12638, 4
12642, 4
12646, 5
12650, 9
12654, 9
12658, 9
12662, 1
12666, 6
12670, 1
12674, 5
12678, 3
12682, 10
12686, 5
12690, 12
12694, 5
12698, 5
12702, 4
12706, 9
12710, 8
12714, 6
12718, 1
12722, 3
12726, 4
12730, 3
12734, 3
12738, 5
12742, 5
12746, 2
12750, 4
12754, 7
12758, 3
12762, 4
12766, 1
12770, 8
12778, 1
12786, 2
12790, 7
12794, 4
12798, 3
12806, 3
12810, 4
12814, 3
12818, 2
12822, 5
12826, 3
12830, 3
12834, 3
12838, 2
12842, 4
12846, 6
12850, 1
12854, 2
12858, 5
12862, 6
12866, 1
12870, 2
12874, 4
12878, 2
12882, 5
12886, 4
12890, 2
12894, 6
12902, 6
12906, 3
12910, 3
12918, 6
12922, 3
12926, 3
12930, 3
12934, 2
12938, 2
12942, 1
12946, 2
12950, 4
12954, 1
12958, 3
12962, 5
12966, 7
12970, 3
12974, 3
12978, 2
12982, 6
12986, 3
12990, 3
12994, 1
12998, 5
13002, 4
13010, 2
13014, 2
13018, 3
13022, 4
13026, 4
13030, 2
13034, 2
13038, 4
13042, 1
13046, 5
13050, 3
13054, 4
13058, 6
13062, 3
13066, 4
13070, 5
13074, 5
13078, 4
13082, 5
13086, 3
13090, 5
13094, 6
13098, 2
13106, 2
13110, 2
13114, 4
13122, 3
13126, 1
13130, 2
13134, 3
13138, 3
13142, 2
13146, 3
13150, 2
13154, 1
13158, 4
13162, 1
13166, 7
13170, 5
13174, 2
13178, 4
13182, 2
13186, 1
13190, 1
13194, 2
13198, 2
13202, 2
13206, 3
13210, 2
13214, 2
13218, 6
13222, 7
13226, 1
13230, 3
13234, 5
13238, 3
13242, 3
13250, 3
13254, 2
13258, 1
13262, 1
13266, 2
13270, 3
13274, 2
13278, 4
13282, 4
13290, 2
13294, 3
13298, 4
13302, 4
13306, 4
13326, 2
13334, 2
13338, 1
13342, 1
13346, 2
13350, 7
13354, 1
13358, 3
13362, 1
13366, 3
13370, 2
13374, 2
13378, 2
13382, 1
13386, 2
13390, 2
13394, 1
13402, 2
13406, 1
13410, 1
13414, 2
13422, 1
13426, 1
13430, 1
13434, 1
13438, 1
13442, 2
13458, 2
13462, 2
13466, 1
13478, 1
13482, 1
13486, 1
13490, 2
13494, 1
13498, 1
13506, 1
13510, 1
13526, 2
13530, 1
13534, 1
13538, 1
13546, 3
13550, 2
13558, 1
13562, 2
13566, 1
13578, 1
13590, 1
13594, 2
13598, 1
13602, 1
13606, 1
13610, 4
13614, 3
13618, 1
13622, 3
13626, 5
13630, 2
13634, 2
13638, 1
13642, 2
13646, 1
13650, 1
13662, 3
13666, 1
13678, 1
13682, 1
13686, 1
13690, 1
13694, 1
13698, 1
13702, 1
13706, 2
13710, 1
13722, 3
13734, 1
13746, 2
13754, 3
13758, 1
13766, 1
13770, 1
13778, 1
13786, 1
13790, 1
13794, 2
13810, 1
13818, 1
13822, 1
13826, 2
13830, 2
13834, 4
13846, 2
13850, 3
13854, 1
13866, 1
13870, 1
13874, 1
13878, 2
13890, 2
13894, 1
13898, 1
13902, 1
13906, 3
13910, 2
13922, 2
13926, 1
13930, 1
13934, 1
13938, 4
13942, 3
13946, 5
13950, 15
13954, 16
13958, 15
13962, 36
13966, 66
13970, 93
13974, 111
13978, 79
13982, 51
13986, 29
13990, 29
13994, 15
13998, 7
14002, 7
14006, 6
14010, 1
14022, 1
14026, 1
14030, 1
14038, 2
14042, 1
14046, 1
14050, 2
14054, 1
14058, 1
14062, 2
14070, 1
14074, 3
14078, 3
14082, 6
14086, 5
14090, 9
14094, 7
14098, 2
14102, 4
14106, 2
14110, 3
14114, 1
14118, 1
14126, 1
14134, 1
14142, 1
14150, 2
14158, 1
14162, 3
14166, 5
14170, 1
14174, 2
14178, 2
14182, 1
14190, 1
14210, 2
14214, 1
14230, 1
14246, 1
14262, 2
14266, 1
14270, 1
14302, 2
14314, 1
14322, 1
14326, 1
14338, 2
14346, 1
14374, 1
14386, 2
14390, 1
14414, 1
14430, 2
14442, 1
14446, 1
14458, 2
14466, 1
14474, 1
14478, 1
14482, 1
14486, 1
14490, 1
14502, 2
14506, 1
14514, 1
14526, 1
14530, 1
14538, 2
14542, 1
14570, 2
14578, 1
14586, 1
14618, 1
14642, 1
14654, 1
14666, 2
14670, 2
14674, 2
14678, 2
14686, 2
14690, 1
14694, 2
14702, 2
14714, 1
14726, 1
14742, 1
14754, 2
14766, 2
14782, 2
14790, 4
14806, 1
14818, 2
14826, 1
14834, 1
14838, 1
14850, 2
14854, 1
14902, 1
14906, 1
14910, 1
14926, 2
14950, 1
14962, 1
14990, 1
15006, 1
15026, 1
15054, 2
15058, 1
15062, 1
15070, 1
15082, 2
15090, 2
15094, 1
15098, 1
15102, 2
15122, 1
15138, 1
15154, 2
15158, 1
15210, 1
15214, 2
15218, 1
15222, 1
15234, 2
15250, 1
15254, 1
15262, 2
15266, 1
15274, 1
15282, 2
15286, 1
15290, 1
15302, 1
15306, 2
15314, 3
15318, 2
15330, 2
15350, 2
15354, 1
15358, 1
15374, 1
15378, 1
15390, 1
15398, 1
15414, 1
15430, 2
15438, 2
15446, 1
15462, 1
15466, 1
15470, 1
15474, 1
15478, 1
15482, 5
15490, 1
15494, 1
15498, 1
15510, 1
15542, 1
15554, 1
15558, 1
15590, 1
15598, 1
15602, 1
15610, 1
15622, 1
15626, 1
15630, 3
15642, 1
15646, 1
15670, 1
15678, 1
15682, 1
15694, 1
15710, 1
15714, 1
15726, 1
15742, 1
15762, 1
15786, 1
15794, 1
15798, 1
15802, 3
15814, 1
15822, 1
15826, 1
15838, 1
15858, 1
15862, 1
15874, 1
15894, 1
15910, 1
15914, 1
15950, 1
15954, 1
15994, 1
15998, 1
