2, 275274
6, 22931
10, 6370
14, 916
18, 488
22, 869
26, 1734
30, 2971
34, 4569
38, 6006
42, 7074
46, 8054
50, 8573
54, 9406
58, 10146
62, 10304
66, 10288
70, 10408
74, 10246
78, 10886
82, 10527
86, 10523
90, 10713
94, 10730
98, 10713
102, 10764
106, 10872
110, 10888
114, 11084
118, 11052
122, 11126
126, 11137
130, 11350
134, 11621
138, 11640
142, 11769
146, 11753
150, 11753
154, 11712
158, 12070
162, 11806
166, 11837
170, 12037
174, 12094
178, 12255
182, 12418
186, 12253
190, 12638
194, 12649
198, 12841
202, 12729
206, 13084
210, 13047
214, 13273
218, 13135
222, 13250
226, 13266
230, 13471
234, 13526
238, 13295
242, 13479
246, 13685
250, 13807
254, 14167
258, 13674
262, 13879
266, 13999
270, 14093
274, 14175
278, 14174
282, 14234
286, 14151
290, 14278
294, 14256
298, 14287
302, 14494
306, 14511
310, 14470
314, 14585
318, 14468
322, 14602
326, 14586
330, 14731
334, 14551
338, 14769
342, 15150
346, 15016
350, 14901
354, 14965
358, 14959
362, 14860
366, 15118
370, 15089
374, 14911
378, 15042
382, 15133
386, 15269
390, 15482
394, 15659
398, 15250
402, 15489
406, 15495
410, 15590
414, 15828
418, 16103
422, 15949
426, 15877
430, 16063
434, 16208
438, 16258
442, 16015
446, 16108
450, 16139
454, 15988
458, 15657
462, 15974
466, 16209
470, 16265
474, 16223
478, 16204
482, 16136
486, 16142
490, 16435
494, 16501
498, 16601
502, 16649
506, 16487
510, 16637
514, 16778
518, 16684
522, 16309
526, 16990
530, 16668
534, 16887
538, 16871
542, 16962
546, 16804
550, 16794
554, 17015
558, 17043
562, 16794
566, 16710
570, 16958
574, 16929
578, 17106
582, 17321
586, 17242
590, 17137
594, 17429
598, 17204
602, 17405
606, 17389
610, 17567
614, 17537
618, 17362
622, 17586
626, 17580
630, 17854
634, 18173
638, 18146
642, 17852
646, 18293
650, 18164
654, 18222
658, 18380
662, 18434
666, 18144
670, 18365
674, 18704
678, 18397
682, 18490
686, 18649
690, 18800
694, 18439
698, 18690
702, 18670
706, 18827
710, 18571
714, 18679
718, 18733
722, 18759
726, 18880
730, 18845
734, 18949
738, 18894
742, 18565
746, 18549
750, 19161
754, 18651
758, 18845
762, 18818
766, 19138
770, 18928
774, 18881
778, 18930
782, 18897
786, 18776
790, 18617
794, 18456
798, 18507
802, 18780
806, 18641
810, 18583
814, 18691
818, 18578
822, 18721
826, 18679
830, 18712
834, 18693
838, 18517
842, 18437
846, 18602
850, 18334
854, 18499
858, 18639
862, 18537
866, 18384
870, 18334
874, 18443
878, 18244
882, 18369
886, 18093
890, 18238
894, 18083
898, 18330
902, 18283
906, 18278
910, 18198
914, 18068
918, 18196
922, 18312
926, 18358
930, 18445
934, 18607
938, 18250
942, 17812
946, 18062
950, 17964
954, 18046
958, 17886
962, 17849
966, 17931
970, 17686
974, 17888
978, 17996
982, 17814
986, 17872
990, 18090
994, 18060
998, 18170
1002, 18007
1006, 17961
1010, 18334
1014, 18273
1018, 18589
1022, 18805
1026, 18701
1030, 19093
1034, 19445
1038, 19453
1042, 20241
1046, 20291
1050, 20367
1054, 20765
1058, 20488
1062, 20812
1066, 20722
1070, 20456
1074, 20742
1078, 20656
1082, 20753
1086, 20628
1090, 20555
1094, 20442
1098, 20375
1102, 20375
1106, 20156
1110, 19942
1114, 20021
1118, 19617
1122, 19907
1126, 19377
1130, 19161
1134, 19371
1138, 18934
1142, 18869
1146, 19060
1150, 18783
1154, 18458
1158, 18757
1162, 18573
1166, 18248
1170, 18078
1174, 17768
1178, 17778
1182, 17546
1186, 17550
1190, 17678
1194, 17465
1198, 16977
1202, 17067
1206, 17119
1210, 17092
1214, 16732
1218, 16692
1222, 16734
1226, 16397
1230, 16641
1234, 16272
1238, 16250
1242, 15952
1246, 16161
1250, 15995
1254, 15829
1258, 15959
1262, 15623
1266, 15948
1270, 15746
1274, 15529
1278, 15634
1282, 15335
1286, 15268
1290, 15451
1294, 15408
1298, 15201
1302, 15128
1306, 15159
1310, 15058
1314, 15240
1318, 15142
1322, 15037
1326, 15286
1330, 15187
1334, 15202
1338, 15361
1342, 15313
1346, 15257
1350, 15105
1354, 15126
1358, 15276
1362, 14855
1366, 14793
1370, 14934
1374, 14899
1378, 14916
1382, 14869
1386, 14912
1390, 14578
1394, 14448
1398, 14571
1402, 14710
1406, 14483
1410, 14475
1414, 14403
1418, 14109
1422, 14044
1426, 14013
1430, 13984
1434, 14068
1438, 13908
1442, 13782
1446, 13835
1450, 13757
1454, 13844
1458, 13737
1462, 13593
1466, 13531
1470, 13511
1474, 13502
1478, 13351
1482, 13137
1486, 13252
1490, 13205
1494, 13265
1498, 13269
1502, 12957
1506, 12802
1510, 13069
1514, 12945
1518, 12607
1522, 12682
1526, 12876
1530, 12640
1534, 12621
1538, 12467
1542, 12345
1546, 12402
1550, 12391
1554, 12322
1558, 12317
1562, 12256
1566, 12291
1570, 12143
1574, 12357
1578, 12138
1582, 12095
1586, 11912
1590, 11956
1594, 11990
1598, 11976
1602, 11849
1606, 11629
1610, 11722
1614, 11745
1618, 11642
1622, 11659
1626, 11619
1630, 11548
1634, 11302
1638, 11286
1642, 11555
1646, 11386
1650, 11190
1654, 11117
1658, 11294
1662, 11076
1666, 11172
1670, 11195
1674, 11170
1678, 10980
1682, 11069
1686, 11048
1690, 10886
1694, 10967
1698, 10986
1702, 10988
1706, 10832
1710, 10884
1714, 11000
1718, 10815
1722, 10528
1726, 10784
1730, 10768
1734, 10867
1738, 10378
1742, 10622
1746, 10676
1750, 10570
1754, 10527
1758, 10543
1762, 10349
1766, 10594
1770, 10473
1774, 10553
1778, 10352
1782, 10471
1786, 10471
1790, 10320
1794, 10374
1798, 10366
1802, 10172
1806, 10162
1810, 10168
1814, 10114
1818, 10214
1822, 10147
1826, 10180
1830, 10270
1834, 10219
1838, 10166
1842, 10185
1846, 10058
1850, 10002
1854, 10411
1858, 10147
1862, 10224
1866, 10218
1870, 10070
1874, 10011
1878, 10133
1882, 10036
1886, 10085
1890, 10159
1894, 10161
1898, 10117
1902, 10108
1906, 9928
1910, 9855
1914, 10003
1918, 9867
1922, 10034
1926, 10023
1930, 9960
1934, 9751
1938, 9991
1942, 10047
1946, 10093
1950, 9938
1954, 9679
1958, 9995
1962, 9776
1966, 9847
1970, 10069
1974, 9818
1978, 9838
1982, 9703
1986, 9859
1990, 9734
1994, 9713
1998, 9822
2002, 9737
2006, 9972
2010, 9725
2014, 9786
2018, 9773
2022, 9627
2026, 9722
2030, 9696
2034, 9797
2038, 9828
2042, 9881
2046, 10007
2050, 9843
2054, 9755
2058, 9822
2062, 9801
2066, 9811
2070, 9842
2074, 9944
2078, 10033
2082, 9788
2086, 9915
2090, 9944
2094, 9945
2098, 9890
2102, 9774
2106, 9975
2110, 9868
2114, 9873
2118, 9968
2122, 9951
2126, 9878
2130, 9882
2134, 9779
2138, 9984
2142, 9896
2146, 9914
2150, 10096
2154, 10031
2158, 10178
2162, 10050
2166, 10169
2170, 10090
2174, 9895
2178, 10163
2182, 10042
2186, 10240
2190, 10097
2194, 10066
2198, 10196
2202, 10034
2206, 10134
2210, 10011
2214, 10151
2218, 10227
2222, 10135
2226, 10032
2230, 10185
2234, 10135
2238, 10279
2242, 9999
2246, 10224
2250, 10234
2254, 10109
2258, 10167
2262, 10192
2266, 10006
2270, 9997
2274, 10099
2278, 10024
2282, 9901
2286, 9830
2290, 9879
2294, 9917
2298, 9834
2302, 9781
2306, 9652
2310, 9781
2314, 9794
2318, 9704
2322, 9518
2326, 9710
2330, 9671
2334, 9626
2338, 9462
2342, 9612
2346, 9475
2350, 9402
2354, 9271
2358, 9288
2362, 9104
2366, 8853
2370, 8533
2374, 8374
2378, 8232
2382, 7994
2386, 7694
2390, 7710
2394, 7360
2398, 7284
2402, 7309
2406, 6922
2410, 6831
2414, 6817
2418, 6691
2422, 6686
2426, 6495
2430, 6578
2434, 6491
2438, 6397
2442, 6318
2446, 6380
2450, 6218
2454, 6266
2458, 6215
2462, 6118
2466, 6174
2470, 5991
2474, 6000
2478, 5928
2482, 5982
2486, 5794
2490, 5750
2494, 5765
2498, 5654
2502, 5673
2506, 5650
2510, 5484
2514, 5517
2518, 5422
2522, 5470
2526, 5457
2530, 5324
2534, 5313
2538, 5336
2542, 5183
2546, 5328
2550, 5148
2554, 5215
2558, 5209
2562, 5172
2566, 4910
2570, 5095
2574, 4946
2578, 5168
2582, 4958
2586, 4930
2590, 4976
2594, 4964
2598, 4838
2602, 4792
2606, 4825
2610, 4774
2614, 4734
2618, 4759
2622, 4650
2626, 4540
2630, 4695
2634, 4695
2638, 4641
2642, 4518
2646, 4397
2650, 4445
2654, 4459
2658, 4401
2662, 4390
2666, 4202
2670, 4348
2674, 4161
2678, 4279
2682, 4182
2686, 4196
2690, 4186
2694, 4079
2698, 4146
2702, 3967
2706, 4066
2710, 3892
2714, 4072
2718, 3788
2722, 3909
2726, 3935
2730, 3806
2734, 3677
2738, 3679
2742, 3730
2746, 3787
2750, 3625
2754, 3680
2758, 3673
2762, 3603
2766, 3714
2770, 3634
2774, 3502
2778, 3398
2782, 3512
2786, 3487
2790, 3461
2794, 3441
2798, 3300
2802, 3312
2806, 3397
2810, 3276
2814, 3313
2818, 3290
2822, 3300
2826, 3368
2830, 3367
2834, 3271
2838, 3321
2842, 3355
2846, 3500
2850, 3636
2854, 3507
2858, 3329
2862, 3232
2866, 2986
2870, 3108
2874, 3023
2878, 3070
2882, 3011
2886, 2949
2890, 3061
2894, 3024
2898, 3011
2902, 2962
2906, 3070
2910, 3059
2914, 2970
2918, 3022
2922, 2953
2926, 2938
2930, 2995
2934, 2932
2938, 2945
2942, 2953
2946, 3011
2950, 3123
2954, 3255
2958, 3527
2962, 3998
2966, 4967
2970, 6261
2974, 7540
2978, 7908
2982, 7160
2986, 5612
2990, 4260
2994, 3512
2998, 3095
3002, 2912
3006, 2806
3010, 2830
3014, 2749
3018, 2873
3022, 2702
3026, 2703
3030, 2726
3034, 2702
3038, 2655
3042, 2645
3046, 2736
3050, 2591
3054, 2545
3058, 2594
3062, 2605
3066, 2549
3070, 2592
3074, 2537
3078, 2598
3082, 2609
3086, 2561
3090, 2485
3094, 2491
3098, 2528
3102, 2497
3106, 2575
3110, 2532
3114, 2446
3118, 2509
3122, 2489
3126, 2587
3130, 2431
3134, 2487
3138, 2477
3142, 2505
3146, 2400
3150, 2494
3154, 2471
3158, 2429
3162, 2448
3166, 2438
3170, 2408
3174, 2429
3178, 2460
3182, 2491
3186, 2462
3190, 2376
3194, 2369
3198, 2448
3202, 2477
3206, 2419
3210, 2329
3214, 2275
3218, 2450
3222, 2416
3226, 2368
3230, 2501
3234, 2393
3238, 2429
3242, 2450
3246, 2541
3250, 2562
3254, 2734
3258, 2769
3262, 2935
3266, 3176
3270, 3658
3274, 4567
3278, 7108
3282, 14177
3286, 28743
3290, 42917
3294, 39343
3298, 21344
3302, 8496
3306, 4214
3310, 3322
3314, 2988
3318, 2945
3322, 2817
3326, 2676
3330, 2554
3334, 2477
3338, 2493
3342, 2453
3346, 2527
3350, 2674
3354, 2669
3358, 2774
3362, 2992
3366, 3220
3370, 3524
3374, 3770
3378, 4320
3382, 4987
3386, 5991
3390, 7180
3394, 10141
3398, 16929
3402, 33269
3406, 76742
3410, 162016
3414, 236412
3418, 203135
3422, 100901
3426, 33453
3430, 12178
3434, 7276
3438, 6010
3442, 5346
3446, 4846
3450, 3998
3454, 3364
3458, 2810
3462, 2649
3466, 2671
3470, 2696
3474, 2700
3478, 2632
3482, 2891
3486, 2720
3490, 2711
3494, 2702
3498, 2536
3502, 2460
3506, 2388
3510, 2230
3514, 2162
3518, 1957
3522, 1826
3526, 1684
3530, 1646
3534, 1552
3538, 1532
3542, 1531
3546, 1568
3550, 1526
3554, 1540
3558, 1431
3562, 1464
3566, 1448
3570, 1412
3574, 1384
3578, 1411
3582, 1368
3586, 1342
3590, 1421
3594, 1338
3598, 1386
3602, 1310
3606, 1358
3610, 1428
3614, 1314
3618, 1429
3622, 1352
3626, 1347
3630, 1301
3634, 1429
3638, 1298
3642, 1326
3646, 1304
3650, 1360
3654, 1318
3658, 1372
3662, 1342
3666, 1316
3670, 1353
3674, 1343
3678, 1304
3682, 1390
3686, 1344
3690, 1311
3694, 1278
3698, 1240
3702, 1293
3706, 1336
3710, 1307
3714, 1354
3718, 1389
3722, 1311
3726, 1302
3730, 1300
3734, 1330
3738, 1381
3742, 1273
3746, 1285
3750, 1253
3754, 1225
3758, 1327
3762, 1313
3766, 1303
3770, 1298
3774, 1318
3778, 1333
3782, 1249
3786, 1338
3790, 1296
3794, 1350
3798, 1302
3802, 1291
3806, 1269
3810, 1320
3814, 1303
3818, 1342
3822, 1296
3826, 1248
3830, 1229
3834, 1321
3838, 1298
3842, 1334
3846, 1292
3850, 1249
3854, 1335
3858, 1287
3862, 1303
3866, 1378
3870, 1292
3874, 1275
3878, 1272
3882, 1288
3886, 1297
3890, 1250
3894, 1227
3898, 1289
3902, 1305
3906, 1203
3910, 1285
3914, 1245
3918, 1272
3922, 1197
3926, 1275
3930, 1215
3934, 1229
3938, 1225
3942, 1175
3946, 1261
3950, 1268
3954, 1296
3958, 1235
3962, 1276
3966, 1229
3970, 1238
3974, 1188
3978, 1296
3982, 1262
3986, 1295
3990, 1274
3994, 1252
3998, 1224
4002, 1283
4006, 1275
4010, 1223
4014, 1308
4018, 1229
4022, 1237
4026, 1328
4030, 1284
4034, 1235
4038, 1308
4042, 1225
4046, 1269
4050, 1195
4054, 1243
4058, 1285
4062, 1243
4066, 1349
4070, 1200
4074, 1305
4078, 1308
4082, 1189
4086, 1186
4090, 1230
4094, 1211
4098, 1290
4102, 1256
4106, 1235
4110, 1227
4114, 1202
4118, 1235
4122, 1164
4126, 1140
4130, 1199
4134, 1207
4138, 1179
4142, 1194
4146, 1284
4150, 1203
4154, 1219
4158, 1180
4162, 1202
4166, 1228
4170, 1251
4174, 1206
4178, 1127
4182, 1189
4186, 1205
4190, 1240
4194, 1153
4198, 1199
4202, 1208
4206, 1189
4210, 1189
4214, 1147
4218, 1226
4222, 1170
4226, 1204
4230, 1212
4234, 1209
4238, 1262
4242, 1256
4246, 1243
4250, 1181
4254, 1250
4258, 1186
4262, 1214
4266, 1190
4270, 1170
4274, 1218
4278, 1220
4282, 1183
4286, 1208
4290, 1185
4294, 1212
4298, 1117
4302, 1146
4306, 1220
4310, 1223
4314, 1207
4318, 1125
4322, 1149
4326, 1197
4330, 1233
4334, 1219
4338, 1142
4342, 1167
4346, 1181
4350, 1186
4354, 1173
4358, 1204
4362, 1177
4366, 1164
4370, 1215
4374, 1209
4378, 1233
4382, 1182
4386, 1227
4390, 1131
4394, 1141
4398, 1219
4402, 1140
4406, 1204
4410, 1230
4414, 1187
4418, 1166
4422, 1181
4426, 1198
4430, 1168
4434, 1148
4438, 1176
4442, 1196
4446, 1132
4450, 1173
4454, 1178
4458, 1198
4462, 1125
4466, 1192
4470, 1216
4474, 1145
4478, 1213
4482, 1149
4486, 1190
4490, 1207
4494, 1152
4498, 1181
4502, 1143
4506, 1161
4510, 1153
4514, 1220
4518, 1123
4522, 1167
4526, 1152
4530, 1131
4534, 1204
4538, 1120
4542, 1178
4546, 1177
4550, 1079
4554, 1185
4558, 1131
4562, 1138
4566, 1135
4570, 1114
4574, 1165
4578, 1142
4582, 1102
4586, 1140
4590, 1141
4594, 1179
4598, 1187
4602, 1135
4606, 1132
4610, 1205
4614, 1146
4618, 1135
4622, 1133
4626, 1097
4630, 1125
4634, 1103
4638, 1096
4642, 1195
4646, 1156
4650, 1131
4654, 1083
4658, 1158
4662, 1133
4666, 1172
4670, 1136
4674, 1068
4678, 1138
4682, 1148
4686, 1171
4690, 1179
4694, 1168
4698, 1278
4702, 1387
4706, 1366
4710, 1378
4714, 1254
4718, 1074
4722, 1194
4726, 1174
4730, 1209
4734, 1156
4738, 1096
4742, 1084
4746, 1128
4750, 1125
4754, 1159
4758, 1144
4762, 1127
4766, 1131
4770, 1100
4774, 1115
4778, 1109
4782, 1189
4786, 1084
4790, 1066
4794, 1068
4798, 1136
4802, 1099
4806, 1064
4810, 1129
4814, 1196
4818, 1144
4822, 1118
4826, 1078
4830, 1113
4834, 1084
4838, 1147
4842, 1077
4846, 1092
4850, 1189
4854, 1101
4858, 1108
4862, 1101
4866, 1098
4870, 1110
4874, 1088
4878, 1147
4882, 1081
4886, 1124
4890, 1154
4894, 1134
4898, 1053
4902, 1103
4906, 1124
4910, 1111
4914, 1117
4918, 1069
4922, 1074
4926, 1063
4930, 1087
4934, 1120
4938, 1085
4942, 1098
4946, 1096
4950, 1133
4954, 1112
4958, 1098
4962, 1103
4966, 1117
4970, 1097
4974, 1138
4978, 1128
4982, 1048
4986, 1122
4990, 1066
4994, 1139
4998, 1107
5002, 1126
5006, 1145
5010, 1280
5014, 1265
5018, 1346
5022, 1332
5026, 1178
5030, 1094
5034, 1132
5038, 1163
5042, 1114
5046, 1111
5050, 1076
5054, 1116
5058, 1057
5062, 1049
5066, 1100
5070, 1101
5074, 1056
5078, 1095
5082, 1164
5086, 1146
5090, 1140
5094, 1135
5098, 1119
5102, 1136
5106, 1132
5110, 1089
5114, 1075
5118, 1115
5122, 1083
5126, 1044
5130, 1034
5134, 1047
5138, 1064
5142, 1080
5146, 1098
5150, 1160
5154, 1064
5158, 1072
5162, 1132
5166, 1066
5170, 1069
5174, 1058
5178, 1055
5182, 1064
5186, 1125
5190, 1067
5194, 1128
5198, 1108
5202, 1085
5206, 1121
5210, 1068
5214, 1081
5218, 1077
5222, 1038
5226, 1091
5230, 1072
5234, 1118
5238, 1146
5242, 1074
5246, 1095
5250, 1078
5254, 1077
5258, 1028
5262, 1108
5266, 1051
5270, 1108
5274, 1094
5278, 1134
5282, 1104
5286, 1123
5290, 1109
5294, 1056
5298, 1023
5302, 1091
5306, 1153
5310, 1117
5314, 1101
5318, 1095
5322, 1108
5326, 1010
5330, 1096
5334, 1076
5338, 1100
5342, 1016
5346, 1073
5350, 1068
5354, 984
5358, 1059
5362, 1014
5366, 1060
5370, 1075
5374, 1016
5378, 1051
5382, 1020
5386, 1127
5390, 1061
5394, 1072
5398, 1083
5402, 1057
5406, 1093
5410, 1079
5414, 1074
5418, 1049
5422, 1097
5426, 1103
5430, 1041
5434, 1053
5438, 1101
5442, 1078
5446, 1088
5450, 1046
5454, 1051
5458, 1048
5462, 1077
5466, 1113
5470, 1058
5474, 1141
5478, 1067
5482, 1092
5486, 1041
5490, 1106
5494, 1077
5498, 1104
5502, 1100
5506, 1076
5510, 1058
5514, 1044
5518, 1063
5522, 1083
5526, 1077
5530, 1068
5534, 1102
5538, 1113
5542, 1080
5546, 1045
5550, 1101
5554, 1079
5558, 1022
5562, 1117
5566, 1099
5570, 1096
5574, 1081
5578, 1115
5582, 1048
5586, 1112
5590, 1049
5594, 1064
5598, 1093
5602, 1086
5606, 1102
5610, 1071
5614, 1049
5618, 1080
5622, 1091
5626, 1109
5630, 1074
5634, 1041
5638, 1080
5642, 1081
5646, 1109
5650, 1087
5654, 1054
5658, 1070
5662, 1029
5666, 1044
5670, 1012
5674, 1079
5678, 1070
5682, 1077
5686, 1071
5690, 1106
5694, 1057
5698, 1098
5702, 1058
5706, 1073
5710, 1114
5714, 1143
5718, 1115
5722, 1109
5726, 1138
5730, 1097
5734, 1095
5738, 1073
5742, 1190
5746, 1181
5750, 1162
5754, 1292
5758, 1448
5762, 1954
5766, 3001
5770, 4921
5774, 6366
5778, 6090
5782, 4041
5786, 2251
5790, 1583
5794, 1342
5798, 1253
5802, 1278
5806, 1239
5810, 1113
5814, 1201
5818, 1162
5822, 1185
5826, 1171
5830, 1150
5834, 1141
5838, 1236
5842, 1156
5846, 1147
5850, 1253
5854, 1179
5858, 1209
5862, 1177
5866, 1140
5870, 1219
5874, 1155
5878, 1104
5882, 1132
5886, 1147
5890, 1152
5894, 1170
5898, 1169
5902, 1140
5906, 1209
5910, 1182
5914, 1184
5918, 1171
5922, 1174
5926, 1095
5930, 1108
5934, 1187
5938, 1172
5942, 1163
5946, 1149
5950, 1155
5954, 1196
5958, 1179
5962, 1130
5966, 1128
5970, 1126
5974, 1131
5978, 1175
5982, 1136
5986, 1165
5990, 1155
5994, 1170
5998, 1203
6002, 1202
6006, 1092
6010, 1210
6014, 1186
6018, 1164
6022, 1160
6026, 1218
6030, 1137
6034, 1225
6038, 1221
6042, 1267
6046, 1248
6050, 1345
6054, 1294
6058, 1221
6062, 1110
6066, 1181
6070, 1191
6074, 1134
6078, 1123
6082, 1153
6086, 1133
6090, 1211
6094, 1214
6098, 1196
6102, 1199
6106, 1148
6110, 1160
6114, 1169
6118, 1186
6122, 1168
6126, 1116
6130, 1215
6134, 1131
6138, 1175
6142, 1134
6146, 1123
6150, 1131
6154, 1128
6158, 1097
6162, 1164
6166, 1212
6170, 1190
6174, 1140
6178, 1178
6182, 1159
6186, 1196
6190, 1137
6194, 1186
6198, 1176
6202, 1227
6206, 1197
6210, 1169
6214, 1110
6218, 1165
6222, 1183
6226, 1200
6230, 1217
6234, 1200
6238, 1195
6242, 1235
6246, 1180
6250, 1115
6254, 1180
6258, 1162
6262, 1203
6266, 1188
6270, 1167
6274, 1215
6278, 1167
6282, 1176
6286, 1109
6290, 1190
6294, 1184
6298, 1168
6302, 1109
6306, 1168
6310, 1151
6314, 1124
6318, 1129
6322, 1187
6326, 1180
6330, 1178
6334, 1170
6338, 1178
6342, 1160
6346, 1229
6350, 1121
6354, 1138
6358, 1114
6362, 1102
6366, 1152
6370, 1218
6374, 1134
6378, 1132
6382, 1212
6386, 1137
6390, 1164
6394, 1169
6398, 1103
6402, 1154
6406, 1122
6410, 1135
6414, 1176
6418, 1193
6422, 1062
6426, 1184
6430, 1109
6434, 1175
6438, 1240
6442, 1190
6446, 1176
6450, 1182
6454, 1157
6458, 1159
6462, 1054
6466, 1180
6470, 1165
6474, 1111
6478, 1153
6482, 1163
6486, 1106
6490, 1173
6494, 1146
6498, 1173
6502, 1223
6506, 1153
6510, 1118
6514, 1193
6518, 1202
6522, 1145
6526, 1190
6530, 1232
6534, 1190
6538, 1138
6542, 1161
6546, 1153
6550, 1121
6554, 1100
6558, 1102
6562, 1153
6566, 1109
6570, 1136
6574, 1211
6578, 1177
6582, 1183
6586, 1183
6590, 1165
6594, 1188
6598, 1118
6602, 1140
6606, 1150
6610, 1162
6614, 1189
6618, 1150
6622, 1138
6626, 1134
6630, 1113
6634, 1164
6638, 1215
6642, 1179
6646, 1215
6650, 1219
6654, 1146
6658, 1173
6662, 1188
6666, 1160
6670, 1115
6674, 1114
6678, 1133
6682, 1149
6686, 1111
6690, 1147
6694, 1224
6698, 1208
6702, 1108
6706, 1149
6710, 1167
6714, 1190
6718, 1180
6722, 1189
6726, 1118
6730, 1168
6734, 1193
6738, 1148
6742, 1202
6746, 1150
6750, 1173
6754, 1167
6758, 1182
6762, 1189
6766, 1195
6770, 1162
6774, 1166
6778, 1232
6782, 1142
6786, 1165
6790, 1132
6794, 1221
6798, 1229
6802, 1211
6806, 1136
6810, 1128
6814, 1078
6818, 1154
6822, 1179
6826, 1217
6830, 1159
6834, 1166
6838, 1150
6842, 1206
6846, 1190
6850, 1193
6854, 1170
6858, 1174
6862, 1153
6866, 1192
6870, 1207
6874, 1214
6878, 1126
6882, 1203
6886, 1144
6890, 1200
6894, 1178
6898, 1237
6902, 1207
6906, 1143
6910, 1195
6914, 1183
6918, 1121
6922, 1195
6926, 1163
6930, 1234
6934, 1250
6938, 1221
6942, 1138
6946, 1121
6950, 1127
6954, 1184
6958, 1157
6962, 1110
6966, 1146
6970, 1178
6974, 1181
6978, 1096
6982, 1106
6986, 1218
6990, 1217
6994, 1113
6998, 1199
7002, 1183
7006, 1193
7010, 1137
7014, 1148
7018, 1215
7022, 1228
7026, 1194
7030, 1189
7034, 1214
7038, 1175
7042, 1145
7046, 1190
7050, 1170
7054, 1161
7058, 1138
7062, 1197
7066, 1227
7070, 1158
7074, 1178
7078, 1243
7082, 1107
7086, 1153
7090, 1158
7094, 1216
7098, 1202
7102, 1150
7106, 1181
7110, 1216
7114, 1231
7118, 1201
7122, 1168
7126, 1163
7130, 1182
7134, 1195
7138, 1217
7142, 1171
7146, 1188
7150, 1166
7154, 1085
7158, 1144
7162, 1140
7166, 1175
7170, 1177
7174, 1204
7178, 1183
7182, 1205
7186, 1164
7190, 1207
7194, 1211
7198, 1132
7202, 1191
7206, 1233
7210, 1148
7214, 1237
7218, 1192
7222, 1160
7226, 1221
7230, 1207
7234, 1198
7238, 1143
7242, 1180
7246, 1242
7250, 1171
7254, 1183
7258, 1172
7262, 1190
7266, 1183
7270, 1176
7274, 1213
7278, 1183
7282, 1154
7286, 1158
7290, 1186
7294, 1225
7298, 1266
7302, 1201
7306, 1193
7310, 1180
7314, 1240
7318, 1190
7322, 1160
7326, 1156
7330, 1212
7334, 1256
7338, 1242
7342, 1250
7346, 1167
7350, 1227
7354, 1244
7358, 1181
7362, 1175
7366, 1219
7370, 1209
7374, 1199
7378, 1260
7382, 1152
7386, 1184
7390, 1200
7394, 1206
7398, 1224
7402, 1227
7406, 1243
7410, 1300
7414, 1285
7418, 1256
7422, 1296
7426, 1235
7430, 1251
7434, 1258
7438, 1225
7442, 1245
7446, 1276
7450, 1206
7454, 1231
7458, 1287
7462, 1259
7466, 1233
7470, 1214
7474, 1280
7478, 1340
7482, 1251
7486, 1244
7490, 1232
7494, 1189
7498, 1215
7502, 1196
7506, 1235
7510, 1245
7514, 1269
7518, 1316
7522, 1296
7526, 1294
7530, 1323
7534, 1298
7538, 1408
7542, 1555
7546, 1851
7550, 2471
7554, 3189
7558, 3092
7562, 2648
7566, 1885
7570, 1460
7574, 1373
7578, 1268
7582, 1330
7586, 1240
7590, 1286
7594, 1297
7598, 1281
7602, 1334
7606, 1329
7610, 1282
7614, 1236
7618, 1344
7622, 1324
7626, 1228
7630, 1266
7634, 1263
7638, 1282
7642, 1316
7646, 1241
7650, 1278
7654, 1293
7658, 1201
7662, 1329
7666, 1267
7670, 1255
7674, 1252
7678, 1276
7682, 1319
7686, 1338
7690, 1293
7694, 1260
7698, 1270
7702, 1236
7706, 1254
7710, 1336
7714, 1248
7718, 1269
7722, 1276
7726, 1301
7730, 1281
7734, 1286
7738, 1256
7742, 1280
7746, 1254
7750, 1215
7754, 1234
7758, 1253
7762, 1310
7766, 1236
7770, 1272
7774, 1233
7778, 1345
7782, 1223
7786, 1244
7790, 1195
7794, 1248
7798, 1359
7802, 1293
7806, 1186
7810, 1256
7814, 1272
7818, 1231
7822, 1240
7826, 1233
7830, 1231
7834, 1258
7838, 1276
7842, 1283
7846, 1239
7850, 1226
7854, 1243
7858, 1307
7862, 1307
7866, 1280
7870, 1294
7874, 1253
7878, 1311
7882, 1233
7886, 1233
7890, 1278
7894, 1236
7898, 1261
7902, 1287
7906, 1255
7910, 1245
7914, 1276
7918, 1308
7922, 1326
7926, 1284
7930, 1252
7934, 1277
7938, 1248
7942, 1288
7946, 1226
7950, 1295
7954, 1230
7958, 1170
7962, 1211
7966, 1279
7970, 1284
7974, 1285
7978, 1267
7982, 1301
7986, 1301
7990, 1356
7994, 1276
7998, 1437
8002, 1413
8006, 1250
8010, 1222
8014, 1275
8018, 1322
8022, 1286
8026, 1211
8030, 1326
8034, 1237
8038, 1242
8042, 1215
8046, 1272
8050, 1318
8054, 1319
8058, 1276
8062, 1251
8066, 1312
8070, 1279
8074, 1307
8078, 1291
8082, 1258
8086, 1323
8090, 1294
8094, 1276
8098, 1264
8102, 1315
8106, 1338
8110, 1267
8114, 1248
8118, 1282
8122, 1277
8126, 1275
8130, 1319
8134, 1362
8138, 1260
8142, 1350
8146, 1278
8150, 1279
8154, 1214
8158, 1331
8162, 1329
8166, 1257
8170, 1261
8174, 1263
8178, 1276
8182, 1273
8186, 1316
8190, 1340
8194, 1333
8198, 1278
8202, 1235
8206, 1363
8210, 1307
8214, 1329
8218, 1315
8222, 1256
8226, 1317
8230, 1301
8234, 1363
8238, 1289
8242, 1319
8246, 1261
8250, 1358
8254, 1327
8258, 1358
8262, 1323
8266, 1298
8270, 1288
8274, 1259
8278, 1350
8282, 1397
8286, 1276
8290, 1231
8294, 1275
8298, 1252
8302, 1331
8306, 1263
8310, 1352
8314, 1286
8318, 1274
8322, 1339
8326, 1288
8330, 1353
8334, 1329
8338, 1319
8342, 1324
8346, 1258
8350, 1291
8354, 1357
8358, 1344
8362, 1335
8366, 1298
8370, 1259
8374, 1349
8378, 1300
8382, 1332
8386, 1360
8390, 1379
8394, 1301
8398, 1312
8402, 1314
8406, 1294
8410, 1334
8414, 1404
8418, 1344
8422, 1374
8426, 1345
8430, 1336
8434, 1428
8438, 1333
8442, 1328
8446, 1343
8450, 1393
8454, 1316
8458, 1328
8462, 1391
8466, 1408
8470, 1333
8474, 1361
8478, 1316
8482, 1316
8486, 1362
8490, 1327
8494, 1363
8498, 1410
8502, 1391
8506, 1440
8510, 1444
8514, 1469
8518, 1427
8522, 1371
8526, 1371
8530, 1388
8534, 1342
8538, 1463
8542, 1319
8546, 1366
8550, 1316
8554, 1358
8558, 1292
8562, 1402
8566, 1357
8570, 1327
8574, 1339
8578, 1372
8582, 1451
8586, 1379
8590, 1415
8594, 1361
8598, 1402
8602, 1423
8606, 1474
8610, 1449
8614, 1351
8618, 1362
8622, 1433
8626, 1414
8630, 1360
8634, 1354
8638, 1372
8642, 1500
8646, 1443
8650, 1412
8654, 1394
8658, 1368
8662, 1450
8666, 1396
8670, 1350
8674, 1388
8678, 1367
8682, 1380
8686, 1410
8690, 1519
8694, 1471
8698, 1450
8702, 1468
8706, 1441
8710, 1511
8714, 1466
8718, 1494
8722, 1651
8726, 1605
8730, 1850
8734, 2247
8738, 2966
8742, 3998
8746, 4754
8750, 5215
8754, 4997
8758, 4114
8762, 3179
8766, 2289
8770, 1931
8774, 1710
8778, 1581
8782, 1623
8786, 1536
8790, 1530
8794, 1553
8798, 1507
8802, 1506
8806, 1531
8810, 1465
8814, 1529
8818, 1545
8822, 1523
8826, 1514
8830, 1519
8834, 1541
8838, 1537
8842, 1514
8846, 1567
8850, 1483
8854, 1514
8858, 1429
8862, 1536
8866, 1387
8870, 1490
8874, 1526
8878, 1551
8882, 1533
8886, 1516
8890, 1491
8894, 1474
8898, 1498
8902, 1548
8906, 1500
8910, 1487
8914, 1463
8918, 1512
8922, 1517
8926, 1471
8930, 1527
8934, 1532
8938, 1512
8942, 1480
8946, 1493
8950, 1534
8954, 1519
8958, 1547
8962, 1619
8966, 1536
8970, 1571
8974, 1532
8978, 1567
8982, 1668
8986, 1511
8990, 1531
8994, 1499
8998, 1529
9002, 1567
9006, 1625
9010, 1569
9014, 1599
9018, 1573
9022, 1569
9026, 1619
9030, 1584
9034, 1619
9038, 1577
9042, 1619
9046, 1603
9050, 1629
9054, 1819
9058, 2044
9062, 2095
9066, 2060
9070, 1834
9074, 1715
9078, 1687
9082, 1622
9086, 1655
9090, 1551
9094, 1616
9098, 1564
9102, 1626
9106, 1638
9110, 1663
9114, 1626
9118, 1640
9122, 1599
9126, 1730
9130, 1586
9134, 1587
9138, 1653
9142, 1579
9146, 1620
9150, 1696
9154, 1593
9158, 1583
9162, 1615
9166, 1673
9170, 1649
9174, 1651
9178, 1635
9182, 1689
9186, 1732
9190, 1721
9194, 1703
9198, 1725
9202, 1698
9206, 1640
9210, 1687
9214, 1694
9218, 1581
9222, 1632
9226, 1711
9230, 1603
9234, 1763
9238, 1691
9242, 1683
9246, 1664
9250, 1717
9254, 1674
9258, 1568
9262, 1679
9266, 1586
9270, 1706
9274, 1684
9278, 1719
9282, 1777
9286, 1705
9290, 1752
9294, 1717
9298, 1765
9302, 1705
9306, 1711
9310, 1724
9314, 1736
9318, 1763
9322, 1769
9326, 1688
9330, 1732
9334, 1773
9338, 1719
9342, 1795
9346, 1801
9350, 1749
9354, 1784
9358, 1828
9362, 1746
9366, 1839
9370, 1763
9374, 1764
9378, 1676
9382, 1769
9386, 1727
9390, 1746
9394, 1793
9398, 1789
9402, 1760
9406, 1778
9410, 1715
9414, 1783
9418, 1807
9422, 1788
9426, 1802
9430, 1763
9434, 1812
9438, 1782
9442, 1807
9446, 1764
9450, 1826
9454, 1893
9458, 1791
9462, 1739
9466, 1889
9470, 1783
9474, 1844
9478, 1795
9482, 1834
9486, 1833
9490, 1841
9494, 1846
9498, 1802
9502, 1915
9506, 1827
9510, 1830
9514, 1861
9518, 1846
9522, 1904
9526, 1822
9530, 1891
9534, 1851
9538, 1908
9542, 1863
9546, 1940
9550, 1944
9554, 1833
9558, 1961
9562, 1872
9566, 1888
9570, 1919
9574, 1879
9578, 1861
9582, 1957
9586, 1804
9590, 1933
9594, 1916
9598, 1953
9602, 1855
9606, 1919
9610, 1958
9614, 1929
9618, 1918
9622, 1956
9626, 1965
9630, 2029
9634, 1974
9638, 2008
9642, 1981
9646, 2008
9650, 2070
9654, 1992
9658, 1995
9662, 1917
9666, 1969
9670, 2095
9674, 2049
9678, 2013
9682, 2050
9686, 2052
9690, 2034
9694, 2046
9698, 2049
9702, 2016
9706, 1981
9710, 2031
9714, 2118
9718, 2038
9722, 2083
9726, 2011
9730, 2050
9734, 2065
9738, 2061
9742, 2019
9746, 2072
9750, 2151
9754, 1988
9758, 2020
9762, 2117
9766, 2117
9770, 2109
9774, 2174
9778, 2097
9782, 2050
9786, 2150
9790, 2119
9794, 2146
9798, 2091
9802, 2035
9806, 2034
9810, 2219
9814, 2117
9818, 2133
9822, 2215
9826, 2155
9830, 2220
9834, 2124
9838, 2144
9842, 2178
9846, 2141
9850, 2077
9854, 2167
9858, 2166
9862, 2162
9866, 2170
9870, 2183
9874, 2204
9878, 2169
9882, 2134
9886, 2196
9890, 2218
9894, 2228
9898, 2174
9902, 2188
9906, 2344
9910, 2215
9914, 2213
9918, 2305
9922, 2224
9926, 2259
9930, 2300
9934, 2264
9938, 2341
9942, 2339
9946, 2325
9950, 2304
9954, 2293
9958, 2288
9962, 2215
9966, 2290
9970, 2284
9974, 2329
9978, 2336
9982, 2341
9986, 2405
9990, 2442
9994, 2240
9998, 2312
10002, 2307
10006, 2351
10010, 2401
10014, 2434
10018, 2311
10022, 2312
10026, 2340
10030, 2490
10034, 2429
10038, 2430
10042, 2366
10046, 2495
10050, 2442
10054, 2404
10058, 2448
10062, 2487
10066, 2448
10070, 2509
10074, 2553
10078, 2520
10082, 2383
10086, 2442
10090, 2514
10094, 2429
10098, 2492
10102, 2595
10106, 2502
10110, 2513
10114, 2377
10118, 2560
10122, 2491
10126, 2659
10130, 2593
10134, 2594
10138, 2474
10142, 2587
10146, 2500
10150, 2644
10154, 2554
10158, 2573
10162, 2575
10166, 2635
10170, 2622
10174, 2625
10178, 2557
10182, 2610
10186, 2586
10190, 2658
10194, 2718
10198, 2603
10202, 2718
10206, 2602
10210, 2726
10214, 2700
10218, 2741
10222, 2751
10226, 2726
10230, 2794
10234, 2653
10238, 2759
10242, 2790
10246, 2639
10250, 2725
10254, 2676
10258, 2813
10262, 2775
10266, 2685
10270, 2813
10274, 2778
10278, 2808
10282, 2820
10286, 2654
10290, 2744
10294, 2670
10298, 2886
10302, 2732
10306, 2765
10310, 2793
10314, 2775
10318, 2820
10322, 2808
10326, 2718
10330, 2761
10334, 2869
10338, 2732
10342, 2754
10346, 2640
10350, 2785
10354, 2745
10358, 2756
10362, 2732
10366, 2662
10370, 2675
10374, 2703
10378, 2589
10382, 2648
10386, 2597
10390, 2571
10394, 2469
10398, 2470
10402, 2393
10406, 2327
10410, 2196
10414, 2205
10418, 2162
10422, 2068
10426, 1986
10430, 2009
10434, 1911
10438, 1918
10442, 1895
10446, 1806
10450, 1973
10454, 1830
10458, 1857
10462, 1813
10466, 1848
10470, 1832
10474, 1760
10478, 1768
10482, 1706
10486, 1724
10490, 1732
10494, 1756
10498, 1738
10502, 1659
10506, 1694
10510, 1693
10514, 1644
10518, 1704
10522, 1677
10526, 1700
10530, 1636
10534, 1643
10538, 1676
10542, 1617
10546, 1671
10550, 1589
10554, 1597
10558, 1585
10562, 1721
10566, 1659
10570, 1588
10574, 1611
10578, 1485
10582, 1607
10586, 1573
10590, 1571
10594, 1594
10598, 1508
10602, 1599
10606, 1497
10610, 1546
10614, 1544
10618, 1521
10622, 1512
10626, 1536
10630, 1507
10634, 1479
10638, 1441
10642, 1474
10646, 1537
10650, 1519
10654, 1456
10658, 1520
10662, 1495
10666, 1451
10670, 1461
10674, 1467
10678, 1464
10682, 1474
10686, 1492
10690, 1534
10694, 1382
10698, 1497
10702, 1388
10706, 1323
10710, 1415
10714, 1470
10718, 1402
10722, 1332
10726, 1382
10730, 1424
10734, 1400
10738, 1335
10742, 1417
10746, 1343
10750, 1337
10754, 1366
10758, 1399
10762, 1320
10766, 1323
10770, 1259
10774, 1318
10778, 1337
10782, 1356
10786, 1366
10790, 1276
10794, 1269
10798, 1315
10802, 1296
10806, 1254
10810, 1235
10814, 1323
10818, 1269
10822, 1233
10826, 1251
10830, 1240
10834, 1238
10838, 1182
10842, 1157
10846, 1189
10850, 1165
10854, 1201
10858, 1133
10862, 1143
10866, 1138
10870, 1195
10874, 1112
10878, 1076
10882, 1025
10886, 1048
10890, 1080
10894, 1125
10898, 1056
10902, 1138
10906, 1041
10910, 1103
10914, 1029
10918, 1023
10922, 1001
10926, 1062
10930, 1029
10934, 1024
10938, 966
10942, 1018
10946, 972
10950, 973
10954, 953
10958, 938
10962, 907
10966, 872
10970, 918
10974, 906
10978, 898
10982, 905
10986, 842
10990, 844
10994, 779
10998, 841
11002, 814
11006, 828
11010, 790
11014, 828
11018, 763
11022, 755
11026, 777
11030, 750
11034, 708
11038, 684
11042, 710
11046, 696
11050, 730
11054, 644
11058, 666
11062, 720
11066, 679
11070, 690
11074, 656
11078, 615
11082, 575
11086, 640
11090, 656
11094, 605
11098, 606
11102, 599
11106, 576
11110, 544
11114, 550
11118, 559
11122, 538
11126, 570
11130, 543
11134, 531
11138, 507
11142, 499
11146, 523
11150, 528
11154, 480
11158, 488
11162, 456
11166, 487
11170, 443
11174, 476
11178, 481
11182, 496
11186, 433
11190, 416
11194, 403
11198, 453
11202, 426
11206, 410
11210, 407
11214, 428
11218, 484
11222, 453
11226, 479
11230, 525
11234, 565
11238, 529
11242, 490
11246, 400
11250, 393
11254, 419
11258, 354
11262, 396
11266, 370
11270, 372
11274, 359
11278, 396
11282, 379
11286, 363
11290, 370
11294, 381
11298, 360
11302, 355
11306, 348
11310, 401
11314, 375
11318, 355
11322, 319
11326, 345
11330, 389
11334, 372
11338, 318
11342, 339
11346, 327
11350, 366
11354, 351
11358, 326
11362, 340
11366, 332
11370, 361
11374, 308
11378, 341
11382, 312
11386, 337
11390, 348
11394, 335
11398, 353
11402, 346
11406, 347
11410, 333
11414, 344
11418, 328
11422, 314
11426, 346
11430, 354
11434, 299
11438, 319
11442, 332
11446, 324
11450, 349
11454, 320
11458, 340
11462, 322
11466, 344
11470, 331
11474, 330
11478, 326
11482, 328
11486, 297
11490, 343
11494, 344
11498, 307
11502, 320
11506, 331
11510, 300
11514, 328
11518, 366
11522, 316
11526, 313
11530, 343
11534, 332
11538, 314
11542, 267
11546, 307
11550, 314
11554, 308
11558, 282
11562, 314
11566, 289
11570, 320
11574, 320
11578, 298
11582, 323
11586, 348
11590, 357
11594, 394
11598, 351
11602, 367
11606, 340
11610, 348
11614, 342
11618, 305
11622, 305
11626, 311
11630, 282
11634, 316
11638, 323
11642, 337
11646, 329
11650, 364
11654, 363
11658, 376
11662, 428
11666, 427
11670, 511
11674, 549
11678, 672
11682, 823
11686, 1005
11690, 1347
11694, 1701
11698, 2438
11702, 3721
11706, 6606
11710, 13370
11714, 26383
11718, 48080
11722, 70671
11726, 79348
11730, 65749
11734, 40595
11738, 18985
11742, 7786
11746, 3602
11750, 2294
11754, 1687
11758, 1379
11762, 1121
11766, 946
11770, 792
11774, 792
11778, 737
11782, 732
11786, 748
11790, 738
11794, 750
11798, 710
11802, 761
11806, 649
11810, 635
11814, 566
11818, 522
11822, 458
11826, 367
11830, 309
11834, 291
11838, 230
11842, 219
11846, 199
11850, 176
11854, 173
11858, 169
11862, 151
11866, 132
11870, 138
11874, 148
11878, 144
11882, 145
11886, 136
11890, 134
11894, 154
11898, 132
11902, 138
11906, 139
11910, 122
11914, 136
11918, 112
11922, 121
11926, 112
11930, 134
11934, 137
11938, 122
11942, 139
11946, 119
11950, 117
11954, 131
11958, 123
11962, 118
11966, 148
11970, 119
11974, 139
11978, 117
11982, 138
11986, 124
11990, 134
11994, 134
11998, 143
12002, 143
12006, 150
12010, 132
12014, 161
12018, 204
12022, 234
12026, 340
12030, 438
12034, 547
12038, 517
12042, 523
12046, 403
12050, 333
12054, 222
12058, 161
12062, 168
12066, 155
12070, 145
12074, 122
12078, 127
12082, 105
12086, 121
12090, 130
12094, 126
12098, 132
12102, 140
12106, 128
12110, 149
12114, 134
12118, 131
12122, 131
12126, 129
12130, 128
12134, 114
12138, 124
12142, 127
12146, 162
12150, 170
12154, 144
12158, 159
12162, 180
12166, 173
12170, 159
12174, 136
12178, 143
12182, 162
12186, 143
12190, 134
12194, 124
12198, 143
12202, 139
12206, 140
12210, 115
12214, 144
12218, 141
12222, 128
12226, 146
12230, 133
12234, 150
12238, 135
12242, 151
12246, 132
12250, 144
12254, 146
12258, 140
12262, 120
12266, 129
12270, 133
12274, 127
12278, 125
12282, 121
12286, 153
12290, 126
12294, 155
12298, 98
12302, 155
12306, 140
12310, 161
12314, 143
12318, 125
12322, 132
12326, 127
12330, 137
12334, 154
12338, 140
12342, 125
12346, 150
12350, 160
12354, 138
12358, 137
12362, 127
12366, 163
12370, 128
12374, 113
12378, 150
12382, 135
12386, 162
12390, 156
12394, 159
12398, 146
12402, 131
12406, 129
12410, 153
12414, 140
12418, 131
12422, 132
12426, 146
12430, 139
12434, 131
12438, 156
12442, 138
12446, 132
12450, 128
12454, 146
12458, 129
12462, 139
12466, 146
12470, 149
12474, 131
12478, 134
12482, 138
12486, 110
12490, 162
12494, 148
12498, 145
12502, 144
12506, 139
12510, 134
12514, 164
12518, 119
12522, 134
12526, 129
12530, 125
12534, 118
12538, 129
12542, 150
12546, 134
12550, 124
12554, 140
12558, 156
12562, 139
12566, 145
12570, 154
12574, 123
12578, 142
12582, 148
12586, 122
12590, 125
12594, 140
12598, 149
12602, 139
12606, 150
12610, 129
12614, 146
12618, 150
12622, 132
12626, 140
12630, 143
12634, 140
12638, 158
12642, 122
12646, 137
12650, 142
12654, 135
12658, 149
12662, 129
12666, 127
12670, 133
12674, 160
12678, 148
12682, 140
12686, 142
12690, 129
12694, 148
12698, 139
12702, 135
12706, 144
12710, 140
12714, 133
12718, 128
12722, 135
12726, 134
12730, 137
12734, 150
12738, 136
12742, 148
12746, 143
12750, 140
12754, 123
12758, 149
12762, 152
12766, 146
12770, 151
12774, 145
12778, 156
12782, 152
12786, 157
12790, 139
12794, 151
12798, 165
12802, 155
12806, 146
12810, 147
12814, 142
12818, 149
12822, 135
12826, 147
12830, 165
12834, 141
12838, 150
12842, 142
12846, 141
12850, 138
12854, 133
12858, 178
12862, 136
12866, 155
12870, 147
12874, 151
12878, 152
12882, 132
12886, 162
12890, 148
12894, 166
12898, 138
12902, 137
12906, 133
12910, 146
12914, 165
12918, 158
12922, 156
12926, 142
12930, 144
12934, 149
12938, 148
12942, 166
12946, 137
12950, 146
12954, 151
12958, 154
12962, 143
12966, 139
12970, 132
12974, 136
12978, 138
12982, 142
12986, 114
12990, 144
12994, 148
12998, 150
13002, 137
13006, 153
13010, 143
13014, 140
13018, 149
13022, 149
13026, 160
13030, 139
13034, 146
13038, 153
13042, 124
13046, 161
13050, 120
13054, 183
13058, 145
13062, 137
13066, 129
13070, 128
13074, 158
13078, 138
13082, 156
13086, 151
13090, 132
13094, 152
13098, 144
13102, 116
13106, 151
13110, 137
13114, 129
13118, 167
13122, 134
13126, 135
13130, 130
13134, 169
13138, 137
13142, 168
13146, 172
13150, 163
13154, 134
13158, 164
13162, 133
13166, 145
13170, 149
13174, 146
13178, 134
13182, 137
13186, 171
13190, 156
13194, 162
13198, 128
13202, 130
13206, 145
13210, 139
13214, 172
13218, 155
13222, 150
13226, 144
13230, 145
13234, 149
13238, 137
13242, 150
13246, 149
13250, 146
13254, 152
13258, 181
13262, 178
13266, 176
13270, 144
13274, 159
13278, 149
13282, 146
13286, 139
13290, 143
13294, 154
13298, 137
13302, 147
13306, 168
13310, 152
13314, 137
13318, 153
13322, 181
13326, 181
13330, 176
13334, 169
13338, 167
13342, 126
13346, 158
13350, 178
13354, 153
13358, 156
13362, 143
13366, 160
13370, 192
13374, 140
13378, 142
13382, 158
13386, 164
13390, 160
13394, 153
13398, 183
13402, 163
13406, 152
13410, 171
13414, 139
13418, 155
13422, 147
13426, 172
13430, 167
13434, 180
13438, 161
13442, 165
13446, 176
13450, 165
13454, 156
13458, 167
13462, 157
13466, 168
13470, 151
13474, 165
13478, 146
13482, 183
13486, 176
13490, 165
13494, 156
13498, 157
13502, 176
13506, 172
13510, 159
13514, 179
13518, 173
13522, 179
13526, 140
13530, 171
13534, 162
13538, 163
13542, 163
13546, 165
13550, 144
13554, 159
13558, 155
13562, 134
13566, 155
13570, 171
13574, 160
13578, 164
13582, 162
13586, 173
13590, 170
13594, 152
13598, 157
13602, 154
13606, 158
13610, 185
13614, 168
13618, 178
13622, 156
13626, 164
13630, 158
13634, 173
13638, 145
13642, 156
13646, 172
13650, 163
13654, 155
13658, 157
13662, 165
13666, 128
13670, 140
13674, 132
13678, 128
13682, 130
13686, 121
13690, 136
13694, 119
13698, 97
13702, 119
13706, 126
13710, 120
13714, 117
13718, 133
13722, 126
13726, 103
13730, 118
13734, 115
13738, 127
13742, 119
13746, 107
13750, 138
13754, 132
13758, 112
13762, 114
13766, 107
13770, 124
13774, 135
13778, 130
13782, 115
13786, 109
13790, 125
13794, 115
13798, 119
13802, 114
13806, 119
13810, 127
13814, 101
13818, 102
13822, 106
13826, 108
13830, 96
13834, 100
13838, 109
13842, 103
13846, 119
13850, 117
13854, 127
13858, 115
13862, 102
13866, 102
13870, 99
13874, 103
13878, 98
13882, 89
13886, 100
13890, 91
13894, 124
13898, 108
13902, 97
13906, 112
13910, 105
13914, 99
13918, 96
13922, 104
13926, 97
13930, 105
13934, 93
13938, 74
13942, 100
13946, 97
13950, 104
13954, 87
13958, 102
13962, 96
13966, 80
13970, 100
13974, 85
13978, 94
13982, 90
13986, 89
13990, 93
13994, 87
13998, 96
14002, 101
14006, 93
14010, 99
14014, 89
14018, 104
14022, 95
14026, 93
14030, 115
14034, 113
14038, 125
14042, 139
14046, 158
14050, 127
14054, 101
14058, 96
14062, 86
14066, 93
14070, 98
14074, 93
14078, 95
14082, 89
14086, 97
14090, 83
14094, 72
14098, 89
14102, 72
14106, 86
14110, 86
14114, 69
14118, 78
14122, 84
14126, 88
14130, 93
14134, 80
14138, 97
14142, 92
14146, 104
14150, 104
14154, 135
14158, 131
14162, 112
14166, 97
14170, 80
14174, 80
14178, 70
14182, 70
14186, 74
14190, 74
14194, 92
14198, 86
14202, 55
14206, 80
14210, 61
14214, 71
14218, 61
14222, 64
14226, 79
14230, 63
14234, 57
14238, 52
14242, 72
14246, 79
14250, 60
14254, 69
14258, 53
14262, 60
14266, 60
14270, 57
14274, 67
14278, 56
14282, 50
14286, 61
14290, 54
14294, 66
14298, 44
14302, 63
14306, 53
14310, 50
14314, 58
14318, 53
14322, 49
14326, 52
14330, 51
14334, 48
14338, 47
14342, 56
14346, 57
14350, 31
14354, 53
14358, 53
14362, 56
14366, 51
14370, 38
14374, 53
14378, 30
14382, 49
14386, 39
14390, 43
14394, 33
14398, 49
14402, 48
14406, 33
14410, 50
14414, 45
14418, 40
14422, 42
14426, 44
14430, 45
14434, 41
14438, 39
14442, 31
14446, 34
14450, 41
14454, 36
14458, 34
14462, 30
14466, 32
14470, 44
14474, 43
14478, 25
14482, 43
14486, 28
14490, 34
14494, 36
14498, 23
14502, 37
14506, 34
14510, 25
14514, 33
14518, 32
14522, 31
14526, 32
14530, 29
14534, 30
14538, 23
14542, 30
14546, 37
14550, 37
14554, 28
14558, 30
14562, 30
14566, 31
14570, 20
14574, 28
14578, 28
14582, 20
14586, 23
14590, 26
14594, 32
14598, 20
14602, 40
14606, 31
14610, 26
14614, 32
14618, 28
14622, 37
14626, 48
14630, 58
14634, 69
14638, 101
14642, 101
14646, 120
14650, 100
14654, 77
14658, 55
14662, 43
14666, 37
14670, 36
14674, 37
14678, 36
14682, 31
14686, 29
14690, 10
14694, 32
14698, 27
14702, 26
14706, 28
14710, 30
14714, 23
14718, 23
14722, 21
14726, 24
14730, 21
14734, 27
14738, 21
14742, 28
14746, 29
14750, 21
14754, 26
14758, 23
14762, 27
14766, 22
14770, 29
14774, 23
14778, 19
14782, 21
14786, 26
14790, 28
14794, 22
14798, 27
14802, 26
14806, 25
14810, 27
14814, 22
14818, 29
14822, 25
14826, 21
14830, 24
14834, 33
14838, 22
14842, 26
14846, 27
14850, 21
14854, 33
14858, 22
14862, 24
14866, 22
14870, 26
14874, 31
14878, 25
14882, 22
14886, 23
14890, 17
14894, 18
14898, 24
14902, 20
14906, 16
14910, 33
14914, 25
14918, 32
14922, 21
14926, 31
14930, 30
14934, 22
14938, 29
14942, 20
14946, 17
14950, 31
14954, 24
14958, 32
14962, 41
14966, 50
14970, 45
14974, 64
14978, 81
14982, 113
14986, 161
14990, 225
14994, 453
14998, 833
15002, 1438
15006, 2451
15010, 3179
15014, 3230
15018, 2703
15022, 1681
15026, 916
15030, 420
15034, 250
15038, 108
15042, 76
15046, 80
15050, 48
15054, 56
15058, 38
15062, 44
15066, 40
15070, 52
15074, 44
15078, 56
15082, 35
15086, 38
15090, 46
15094, 44
15098, 38
15102, 41
15106, 45
15110, 54
15114, 50
15118, 88
15122, 130
15126, 224
15130, 320
15134, 432
15138, 430
15142, 326
15146, 219
15150, 102
15154, 55
15158, 22
15162, 23
15166, 32
15170, 17
15174, 17
15178, 19
15182, 18
15186, 19
15190, 22
15194, 15
15198, 12
15202, 13
15206, 22
15210, 18
15214, 29
15218, 42
15222, 34
15226, 39
15230, 27
15234, 27
15238, 21
15242, 20
15246, 15
15250, 10
15254, 15
15258, 15
15262, 23
15266, 12
15270, 8
15274, 10
15278, 13
15282, 13
15286, 12
15290, 3
15294, 6
15298, 5
15302, 14
15306, 5
15310, 12
15314, 12
15318, 7
15322, 16
15326, 6
15330, 19
15334, 7
15338, 6
15342, 12
15346, 10
15350, 16
15354, 13
15358, 8
15362, 8
15366, 11
15370, 18
15374, 9
15378, 12
15382, 15
15386, 11
15390, 9
15394, 11
15398, 12
15402, 11
15406, 6
15410, 7
15414, 5
15418, 11
15422, 14
15426, 14
15430, 10
15434, 8
15438, 8
15442, 13
15446, 9
15450, 17
15454, 8
15458, 6
15462, 5
15466, 11
15470, 8
15474, 14
15478, 10
15482, 12
15486, 3
15490, 9
15494, 15
15498, 9
15502, 14
15506, 11
15510, 12
15514, 6
15518, 8
15522, 11
15526, 4
15530, 10
15534, 8
15538, 8
15542, 11
15546, 7
15550, 10
15554, 13
15558, 8
15562, 8
15566, 5
15570, 9
15574, 9
15578, 7
15582, 6
15586, 12
15590, 9
15594, 6
15598, 3
15602, 10
15606, 8
15610, 5
15614, 12
15618, 10
15622, 10
15626, 6
15630, 8
15634, 4
15638, 8
15642, 7
15646, 10
15650, 9
15654, 3
15658, 11
15662, 8
15666, 9
15670, 11
15674, 12
15678, 12
15682, 7
15686, 6
15690, 10
15694, 9
15698, 6
15702, 10
15706, 11
15710, 8
15714, 6
15718, 13
15722, 4
15726, 12
15730, 8
15734, 5
15738, 11
15742, 10
15746, 12
15750, 19
15754, 18
15758, 22
15762, 21
15766, 25
15770, 17
15774, 13
15778, 7
15782, 4
15786, 10
15790, 5
15794, 5
15798, 11
15802, 7
15806, 13
15810, 4
15814, 4
15818, 11
15822, 8
15826, 6
15830, 7
15834, 8
15838, 12
15842, 6
15846, 3
15850, 5
15854, 6
15858, 7
15862, 13
15866, 12
15870, 17
15874, 25
15878, 41
15882, 58
15886, 42
15890, 38
15894, 33
15898, 23
15902, 8
15906, 5
15910, 9
15914, 3
15918, 8
15922, 14
15926, 10
15930, 5
15934, 8
15938, 6
15942, 10
15946, 6
15950, 3
15954, 6
15958, 6
15962, 9
15966, 6
15970, 6
15974, 6
15978, 11
15982, 7
15986, 5
15990, 7
15994, 4
15998, 7
