2, 51702
6, 104
10, 131
14, 219
18, 344
22, 503
26, 741
30, 1046
34, 1434
38, 1765
42, 2111
46, 2281
50, 2515
54, 2738
58, 2731
62, 2855
66, 2992
70, 3033
74, 3069
78, 3145
82, 3016
86, 3123
90, 3108
94, 3257
98, 3229
102, 3183
106, 3227
110, 3261
114, 3243
118, 3327
122, 3245
126, 3472
130, 3394
134, 3452
138, 3467
142, 3472
146, 3333
150, 3499
154, 3430
158, 3485
162, 3399
166, 3499
170, 3497
174, 3574
178, 3604
182, 3739
186, 3588
190, 3718
194, 3643
198, 3728
202, 3882
206, 3831
210, 3856
214, 3866
218, 3832
222, 3895
226, 3782
230, 4003
234, 3927
238, 3915
242, 4002
246, 4038
250, 3911
254, 4002
258, 3947
262, 4130
266, 4053
270, 3978
274, 4133
278, 4042
282, 4142
286, 4123
290, 4146
294, 4161
298, 4123
302, 4260
306, 4114
310, 4353
314, 4177
318, 4297
322, 4229
326, 4362
330, 4345
334, 4447
338, 4316
342, 4597
346, 4398
350, 4386
354, 4370
358, 4418
362, 4426
366, 4412
370, 4419
374, 4488
378, 4624
382, 4662
386, 4664
390, 4803
394, 4596
398, 4716
402, 4720
406, 4853
410, 4774
414, 4719
418, 4740
422, 4822
426, 4686
430, 4864
434, 4728
438, 4942
442, 4879
446, 4945
450, 5035
454, 4865
458, 5046
462, 5017
466, 4960
470, 5060
474, 4974
478, 4982
482, 5071
486, 5002
490, 5060
494, 4945
498, 5005
502, 5076
506, 5000
510, 5207
514, 5107
518, 5154
522, 5094
526, 4994
530, 5281
534, 5105
538, 5275
542, 5223
546, 5322
550, 5239
554, 5167
558, 5330
562, 5317
566, 5315
570, 5277
574, 5350
578, 5250
582, 5403
586, 5446
590, 5480
594, 5338
598, 5493
602, 5358
606, 5511
610, 5475
614, 5735
618, 5589
622, 5543
626, 5586
630, 5700
634, 5564
638, 5652
642, 5503
646, 5609
650, 5743
654, 5601
658, 5617
662, 5569
666, 5593
670, 5642
674, 5699
678, 5579
682, 5717
686, 5715
690, 5755
694, 5726
698, 5694
702, 5843
706, 5666
710, 5779
714, 5778
718, 5789
722, 5673
726, 5622
730, 5690
734, 5628
738, 5840
742, 5649
746, 5803
750, 5595
754, 5693
758, 5887
762, 5821
766, 5581
770, 5669
774, 5659
778, 5720
782, 5600
786, 5677
790, 5731
794, 5615
798, 5691
802, 5676
806, 5577
810, 5550
814, 5722
818, 5589
822, 5606
826, 5622
830, 5639
834, 5549
838, 5767
842, 5746
846, 5509
850, 5622
854, 5536
858, 5607
862, 5564
866, 5531
870, 5651
874, 5567
878, 5559
882, 5520
886, 5498
890, 5435
894, 5446
898, 5447
902, 5541
906, 5617
910, 5460
914, 5448
918, 5521
922, 5571
926, 5637
930, 5594
934, 5615
938, 5567
942, 5430
946, 5680
950, 5759
954, 5760
958, 5875
962, 5785
966, 6023
970, 6103
974, 6138
978, 6303
982, 6258
986, 6209
990, 6173
994, 6286
998, 6456
1002, 6346
1006, 6389
1010, 6411
1014, 6468
1018, 6336
1022, 6336
1026, 6240
1030, 6505
1034, 6274
1038, 6274
1042, 6281
1046, 6204
1050, 6319
1054, 6134
1058, 6087
1062, 5974
1066, 6067
1070, 5959
1074, 5852
1078, 5792
1082, 5902
1086, 5951
1090, 5866
1094, 5748
1098, 5586
1102, 5540
1106, 5643
1110, 5470
1114, 5439
1118, 5433
1122, 5378
1126, 5473
1130, 5241
1134, 5198
1138, 5406
1142, 5271
1146, 5158
1150, 5134
1154, 5199
1158, 5093
1162, 5056
1166, 5112
1170, 5120
1174, 4924
1178, 4908
1182, 4887
1186, 4918
1190, 4982
1194, 4734
1198, 4754
1202, 4683
1206, 4725
1210, 4629
1214, 4787
1218, 4780
1222, 4730
1226, 4790
1230, 4690
1234, 4657
1238, 4682
1242, 4722
1246, 4779
1250, 4722
1254, 4780
1258, 4568
1262, 4581
1266, 4730
1270, 4674
1274, 4644
1278, 4551
1282, 4704
1286, 4594
1290, 4644
1294, 4617
1298, 4625
1302, 4494
1306, 4673
1310, 4425
1314, 4348
1318, 4413
1322, 4444
1326, 4363
1330, 4323
1334, 4335
1338, 4321
1342, 4250
1346, 4324
1350, 4307
1354, 4275
1358, 4293
1362, 4286
1366, 4195
1370, 4052
1374, 4089
1378, 4118
1382, 4097
1386, 4126
1390, 4071
1394, 4069
1398, 3993
1402, 3886
1406, 4012
1410, 3923
1414, 3914
1418, 4005
1422, 3844
1426, 3786
1430, 3853
1434, 3862
1438, 3817
1442, 3765
1446, 3829
1450, 3899
1454, 3806
1458, 3856
1462, 3813
1466, 3683
1470, 3733
1474, 3813
1478, 3781
1482, 3680
1486, 3647
1490, 3797
1494, 3559
1498, 3624
1502, 3593
1506, 3557
1510, 3640
1514, 3525
1518, 3475
1522, 3600
1526, 3538
1530, 3524
1534, 3576
1538, 3372
1542, 3487
1546, 3512
1550, 3448
1554, 3400
1558, 3460
1562, 3481
1566, 3410
1570, 3347
1574, 3307
1578, 3327
1582, 3354
1586, 3302
1590, 3303
1594, 3256
1598, 3343
1602, 3273
1606, 3208
1610, 3267
1614, 3257
1618, 3315
1622, 3254
1626, 3361
1630, 3265
1634, 3174
1638, 3291
1642, 3175
1646, 3244
1650, 3188
1654, 3140
1658, 3094
1662, 3219
1666, 3033
1670, 3128
1674, 3119
1678, 3128
1682, 3126
1686, 3073
1690, 3064
1694, 2985
1698, 3162
1702, 3104
1706, 3058
1710, 3065
1714, 3084
1718, 3120
1722, 3064
1726, 3057
1730, 3000
1734, 2948
1738, 3045
1742, 3106
1746, 2913
1750, 3115
1754, 3103
1758, 2956
1762, 2980
1766, 2989
1770, 3005
1774, 2965
1778, 2987
1782, 3099
1786, 2975
1790, 2934
1794, 2938
1798, 2855
1802, 2911
1806, 2878
1810, 2879
1814, 2903
1818, 2956
1822, 2951
1826, 2935
1830, 2915
1834, 2910
1838, 2929
1842, 2869
1846, 2840
1850, 2947
1854, 2952
1858, 2955
1862, 2954
1866, 2862
1870, 2967
1874, 2871
1878, 2863
1882, 2830
1886, 2764
1890, 2852
1894, 2863
1898, 2933
1902, 2878
1906, 2866
1910, 2927
1914, 2769
1918, 2911
1922, 2810
1926, 2935
1930, 2918
1934, 2811
1938, 2895
1942, 2851
1946, 2831
1950, 2824
1954, 2814
1958, 2862
1962, 2851
1966, 2913
1970, 2802
1974, 2932
1978, 2799
1982, 2860
1986, 2785
1990, 2949
1994, 2967
1998, 2872
2002, 2914
2006, 2992
2010, 2981
2014, 2963
2018, 2942
2022, 2965
2026, 2907
2030, 2935
2034, 2947
2038, 2895
2042, 3001
2046, 2990
2050, 3007
2054, 2925
2058, 3028
2062, 2986
2066, 3047
2070, 2960
2074, 2924
2078, 3043
2082, 2975
2086, 3015
2090, 3017
2094, 2995
2098, 2892
2102, 2958
2106, 2999
2110, 2966
2114, 3021
2118, 2963
2122, 2937
2126, 2880
2130, 2910
2134, 2870
2138, 2985
2142, 2922
2146, 2851
2150, 2881
2154, 2872
2158, 2918
2162, 2877
2166, 2926
2170, 2700
2174, 2742
2178, 2735
2182, 2759
2186, 2776
2190, 2806
2194, 2685
2198, 2629
2202, 2651
2206, 2613
2210, 2653
2214, 2633
2218, 2519
2222, 2454
2226, 2463
2230, 2260
2234, 2192
2238, 2179
2242, 2119
2246, 2061
2250, 2032
2254, 2093
2258, 1957
2262, 1923
2266, 1946
2270, 1951
2274, 1877
2278, 1932
2282, 1946
2286, 1820
2290, 1862
2294, 1821
2298, 1775
2302, 1822
2306, 1742
2310, 1808
2314, 1774
2318, 1705
2322, 1736
2326, 1721
2330, 1681
2334, 1725
2338, 1647
2342, 1628
2346, 1629
2350, 1619
2354, 1687
2358, 1575
2362, 1607
2366, 1585
2370, 1621
2374, 1564
2378, 1555
2382, 1634
2386, 1493
2390, 1569
2394, 1496
2398, 1541
2402, 1511
2406, 1518
2410, 1521
2414, 1466
2418, 1437
2422, 1381
2426, 1461
2430, 1431
2434, 1404
2438, 1449
2442, 1393
2446, 1442
2450, 1404
2454, 1339
2458, 1323
2462, 1333
2466, 1290
2470, 1308
2474, 1329
2478, 1381
2482, 1289
2486, 1191
2490, 1324
2494, 1247
2498, 1275
2502, 1196
2506, 1201
2510, 1231
2514, 1191
2518, 1245
2522, 1242
2526, 1202
2530, 1125
2534, 1219
2538, 1203
2542, 1220
2546, 1185
2550, 1146
2554, 1084
2558, 1131
2562, 1139
2566, 1129
2570, 1108
2574, 1074
2578, 1034
2582, 1024
2586, 1018
2590, 1023
2594, 1022
2598, 1046
2602, 1000
2606, 1049
2610, 1096
2614, 1045
2618, 1006
2622, 1003
2626, 994
2630, 949
2634, 977
2638, 955
2642, 965
2646, 966
2650, 907
2654, 945
2658, 909
2662, 950
2666, 874
2670, 897
2674, 961
2678, 929
2682, 889
2686, 968
2690, 892
2694, 868
2698, 895
2702, 853
2706, 900
2710, 854
2714, 851
2718, 855
2722, 876
2726, 864
2730, 938
2734, 842
2738, 883
2742, 847
2746, 860
2750, 921
2754, 860
2758, 921
2762, 984
2766, 1145
2770, 1294
2774, 1475
2778, 1674
2782, 1745
2786, 1775
2790, 1750
2794, 1699
2798, 1470
2802, 1277
2806, 1167
2810, 1017
2814, 960
2818, 928
2822, 871
2826, 872
2830, 847
2834, 822
2838, 826
2842, 763
2846, 838
2850, 774
2854, 791
2858, 757
2862, 771
2866, 733
2870, 739
2874, 791
2878, 796
2882, 799
2886, 788
2890, 755
2894, 795
2898, 733
2902, 769
2906, 728
2910, 755
2914, 779
2918, 752
2922, 724
2926, 744
2930, 751
2934, 729
2938, 725
2942, 746
2946, 737
2950, 740
2954, 711
2958, 810
2962, 708
2966, 727
2970, 757
2974, 788
2978, 671
2982, 715
2986, 682
2990, 762
2994, 718
2998, 740
3002, 764
3006, 686
3010, 740
3014, 787
3018, 731
3022, 755
3026, 744
3030, 743
3034, 768
3038, 733
3042, 761
3046, 768
3050, 810
3054, 869
3058, 986
3062, 1333
3066, 1796
3070, 2696
3074, 3896
3078, 5276
3082, 6517
3086, 6886
3090, 6470
3094, 5164
3098, 3788
3102, 2504
3106, 1772
3110, 1301
3114, 1200
3118, 1018
3122, 1043
3126, 891
3130, 957
3134, 947
3138, 929
3142, 923
3146, 1029
3150, 989
3154, 1045
3158, 1016
3162, 1193
3166, 1354
3170, 1624
3174, 2554
3178, 4045
3182, 7027
3186, 11909
3190, 19308
3194, 27628
3198, 35090
3202, 37613
3206, 34312
3210, 26778
3214, 17752
3218, 10517
3222, 6260
3226, 3972
3230, 2712
3234, 2271
3238, 1904
3242, 1646
3246, 1448
3250, 1250
3254, 1069
3258, 961
3262, 869
3266, 851
3270, 792
3274, 770
3278, 763
3282, 654
3286, 645
3290, 640
3294, 579
3298, 579
3302, 519
3306, 455
3310, 490
3314, 445
3318, 459
3322, 413
3326, 453
3330, 419
3334, 433
3338, 446
3342, 452
3346, 448
3350, 431
3354, 445
3358, 447
3362, 477
3366, 433
3370, 447
3374, 435
3378, 407
3382, 392
3386, 376
3390, 367
3394, 412
3398, 329
3402, 406
3406, 357
3410, 382
3414, 367
3418, 379
3422, 374
3426, 378
3430, 384
3434, 353
3438, 372
3442, 357
3446, 406
3450, 391
3454, 365
3458, 389
3462, 357
3466, 373
3470, 381
3474, 353
3478, 366
3482, 364
3486, 368
3490, 392
3494, 361
3498, 358
3502, 368
3506, 355
3510, 352
3514, 381
3518, 343
3522, 348
3526, 406
3530, 386
3534, 328
3538, 384
3542, 402
3546, 401
3550, 386
3554, 404
3558, 377
3562, 400
3566, 367
3570, 364
3574, 392
3578, 365
3582, 324
3586, 389
3590, 358
3594, 388
3598, 362
3602, 344
3606, 344
3610, 368
3614, 394
3618, 395
3622, 385
3626, 376
3630, 341
3634, 379
3638, 397
3642, 357
3646, 355
3650, 357
3654, 302
3658, 365
3662, 384
3666, 357
3670, 354
3674, 363
3678, 345
3682, 375
3686, 346
3690, 353
3694, 329
3698, 366
3702, 358
3706, 369
3710, 335
3714, 328
3718, 356
3722, 378
3726, 326
3730, 353
3734, 378
3738, 353
3742, 373
3746, 341
3750, 356
3754, 383
3758, 344
3762, 355
3766, 344
3770, 340
3774, 378
3778, 362
3782, 344
3786, 355
3790, 339
3794, 360
3798, 330
3802, 330
3806, 347
3810, 353
3814, 372
3818, 357
3822, 351
3826, 314
3830, 336
3834, 328
3838, 346
3842, 327
3846, 318
3850, 382
3854, 390
3858, 327
3862, 350
3866, 321
3870, 355
3874, 335
3878, 362
3882, 361
3886, 326
3890, 356
3894, 354
3898, 349
3902, 316
3906, 298
3910, 362
3914, 336
3918, 375
3922, 307
3926, 365
3930, 342
3934, 351
3938, 315
3942, 328
3946, 324
3950, 347
3954, 348
3958, 339
3962, 322
3966, 326
3970, 371
3974, 320
3978, 350
3982, 378
3986, 316
3990, 360
3994, 331
3998, 321
4002, 332
4006, 336
4010, 279
4014, 381
4018, 346
4022, 344
4026, 334
4030, 304
4034, 344
4038, 321
4042, 309
4046, 339
4050, 357
4054, 318
4058, 348
4062, 336
4066, 319
4070, 292
4074, 317
4078, 312
4082, 257
4086, 279
4090, 314
4094, 324
4098, 327
4102, 347
4106, 331
4110, 336
4114, 334
4118, 318
4122, 336
4126, 322
4130, 337
4134, 334
4138, 355
4142, 325
4146, 359
4150, 335
4154, 322
4158, 321
4162, 327
4166, 295
4170, 339
4174, 349
4178, 332
4182, 359
4186, 317
4190, 309
4194, 310
4198, 332
4202, 291
4206, 310
4210, 316
4214, 334
4218, 359
4222, 327
4226, 328
4230, 341
4234, 338
4238, 341
4242, 330
4246, 358
4250, 324
4254, 333
4258, 350
4262, 344
4266, 348
4270, 357
4274, 316
4278, 326
4282, 334
4286, 306
4290, 331
4294, 325
4298, 307
4302, 332
4306, 313
4310, 328
4314, 361
4318, 304
4322, 336
4326, 319
4330, 314
4334, 306
4338, 295
4342, 344
4346, 293
4350, 309
4354, 293
4358, 340
4362, 314
4366, 341
4370, 329
4374, 325
4378, 315
4382, 308
4386, 344
4390, 313
4394, 299
4398, 322
4402, 327
4406, 319
4410, 388
4414, 324
4418, 312
4422, 310
4426, 337
4430, 298
4434, 349
4438, 326
4442, 315
4446, 343
4450, 338
4454, 325
4458, 353
4462, 332
4466, 315
4470, 336
4474, 310
4478, 317
4482, 334
4486, 315
4490, 333
4494, 343
4498, 307
4502, 309
4506, 325
4510, 324
4514, 344
4518, 327
4522, 313
4526, 302
4530, 293
4534, 324
4538, 320
4542, 347
4546, 315
4550, 323
4554, 351
4558, 335
4562, 298
4566, 338
4570, 296
4574, 266
4578, 335
4582, 315
4586, 316
4590, 305
4594, 311
4598, 293
4602, 318
4606, 329
4610, 291
4614, 323
4618, 330
4622, 302
4626, 330
4630, 319
4634, 324
4638, 307
4642, 283
4646, 331
4650, 343
4654, 327
4658, 305
4662, 305
4666, 316
4670, 306
4674, 300
4678, 295
4682, 292
4686, 335
4690, 313
4694, 319
4698, 340
4702, 315
4706, 347
4710, 344
4714, 340
4718, 298
4722, 308
4726, 308
4730, 298
4734, 337
4738, 326
4742, 341
4746, 312
4750, 319
4754, 316
4758, 312
4762, 297
4766, 318
4770, 307
4774, 284
4778, 313
4782, 330
4786, 279
4790, 300
4794, 324
4798, 314
4802, 295
4806, 285
4810, 273
4814, 293
4818, 296
4822, 253
4826, 319
4830, 307
4834, 309
4838, 309
4842, 327
4846, 298
4850, 297
4854, 317
4858, 306
4862, 294
4866, 302
4870, 307
4874, 314
4878, 318
4882, 308
4886, 287
4890, 338
4894, 288
4898, 304
4902, 309
4906, 327
4910, 307
4914, 276
4918, 308
4922, 318
4926, 301
4930, 308
4934, 290
4938, 301
4942, 304
4946, 301
4950, 287
4954, 300
4958, 280
4962, 264
4966, 307
4970, 269
4974, 343
4978, 265
4982, 301
4986, 296
4990, 328
4994, 267
4998, 305
5002, 288
5006, 309
5010, 302
5014, 270
5018, 299
5022, 350
5026, 318
5030, 316
5034, 317
5038, 314
5042, 317
5046, 297
5050, 281
5054, 319
5058, 290
5062, 283
5066, 273
5070, 318
5074, 302
5078, 323
5082, 282
5086, 279
5090, 274
5094, 271
5098, 342
5102, 279
5106, 308
5110, 320
5114, 322
5118, 300
5122, 307
5126, 297
5130, 311
5134, 285
5138, 314
5142, 315
5146, 288
5150, 300
5154, 288
5158, 304
5162, 298
5166, 346
5170, 292
5174, 331
5178, 311
5182, 346
5186, 293
5190, 302
5194, 278
5198, 292
5202, 301
5206, 295
5210, 282
5214, 322
5218, 292
5222, 336
5226, 275
5230, 296
5234, 312
5238, 290
5242, 257
5246, 283
5250, 282
5254, 300
5258, 322
5262, 311
5266, 303
5270, 283
5274, 298
5278, 304
5282, 300
5286, 319
5290, 325
5294, 310
5298, 303
5302, 290
5306, 321
5310, 314
5314, 286
5318, 300
5322, 315
5326, 280
5330, 335
5334, 290
5338, 297
5342, 294
5346, 311
5350, 299
5354, 302
5358, 316
5362, 307
5366, 321
5370, 291
5374, 278
5378, 316
5382, 320
5386, 327
5390, 375
5394, 361
5398, 476
5402, 638
5406, 805
5410, 968
5414, 1147
5418, 1171
5422, 1134
5426, 926
5430, 774
5434, 614
5438, 488
5442, 433
5446, 388
5450, 404
5454, 351
5458, 344
5462, 351
5466, 333
5470, 359
5474, 361
5478, 345
5482, 324
5486, 330
5490, 344
5494, 319
5498, 370
5502, 309
5506, 330
5510, 290
5514, 318
5518, 315
5522, 303
5526, 310
5530, 322
5534, 340
5538, 310
5542, 317
5546, 317
5550, 315
5554, 307
5558, 311
5562, 348
5566, 348
5570, 313
5574, 313
5578, 323
5582, 343
5586, 351
5590, 343
5594, 323
5598, 333
5602, 305
5606, 324
5610, 300
5614, 314
5618, 313
5622, 335
5626, 322
5630, 317
5634, 321
5638, 299
5642, 325
5646, 332
5650, 322
5654, 324
5658, 305
5662, 313
5666, 324
5670, 345
5674, 321
5678, 353
5682, 359
5686, 318
5690, 322
5694, 322
5698, 303
5702, 309
5706, 347
5710, 304
5714, 323
5718, 363
5722, 325
5726, 347
5730, 334
5734, 338
5738, 304
5742, 300
5746, 350
5750, 330
5754, 334
5758, 354
5762, 351
5766, 306
5770, 347
5774, 301
5778, 365
5782, 335
5786, 312
5790, 299
5794, 306
5798, 305
5802, 311
5806, 333
5810, 311
5814, 347
5818, 334
5822, 348
5826, 336
5830, 317
5834, 330
5838, 322
5842, 334
5846, 314
5850, 327
5854, 301
5858, 333
5862, 310
5866, 354
5870, 315
5874, 301
5878, 344
5882, 304
5886, 316
5890, 325
5894, 308
5898, 318
5902, 327
5906, 328
5910, 326
5914, 339
5918, 319
5922, 307
5926, 332
5930, 321
5934, 321
5938, 303
5942, 334
5946, 331
5950, 324
5954, 336
5958, 338
5962, 307
5966, 296
5970, 311
5974, 313
5978, 313
5982, 336
5986, 363
5990, 332
5994, 295
5998, 327
6002, 309
6006, 317
6010, 320
6014, 352
6018, 346
6022, 280
6026, 305
6030, 320
6034, 304
6038, 320
6042, 322
6046, 340
6050, 333
6054, 337
6058, 324
6062, 337
6066, 295
6070, 336
6074, 323
6078, 304
6082, 344
6086, 327
6090, 330
6094, 324
6098, 329
6102, 318
6106, 348
6110, 329
6114, 313
6118, 357
6122, 341
6126, 334
6130, 289
6134, 329
6138, 323
6142, 303
6146, 324
6150, 358
6154, 313
6158, 350
6162, 327
6166, 341
6170, 341
6174, 347
6178, 296
6182, 333
6186, 354
6190, 308
6194, 343
6198, 328
6202, 296
6206, 326
6210, 342
6214, 334
6218, 316
6222, 352
6226, 332
6230, 348
6234, 357
6238, 367
6242, 349
6246, 311
6250, 353
6254, 349
6258, 346
6262, 309
6266, 334
6270, 297
6274, 328
6278, 333
6282, 328
6286, 305
6290, 346
6294, 328
6298, 321
6302, 304
6306, 356
6310, 303
6314, 328
6318, 340
6322, 338
6326, 299
6330, 366
6334, 346
6338, 308
6342, 329
6346, 347
6350, 300
6354, 317
6358, 365
6362, 311
6366, 338
6370, 321
6374, 375
6378, 328
6382, 334
6386, 388
6390, 353
6394, 348
6398, 346
6402, 328
6406, 306
6410, 362
6414, 368
6418, 332
6422, 346
6426, 358
6430, 348
6434, 341
6438, 343
6442, 328
6446, 342
6450, 308
6454, 352
6458, 402
6462, 343
6466, 360
6470, 332
6474, 332
6478, 334
6482, 330
6486, 323
6490, 329
6494, 333
6498, 338
6502, 314
6506, 358
6510, 344
6514, 332
6518, 344
6522, 322
6526, 319
6530, 336
6534, 371
6538, 342
6542, 366
6546, 326
6550, 362
6554, 341
6558, 347
6562, 366
6566, 332
6570, 346
6574, 369
6578, 315
6582, 332
6586, 330
6590, 369
6594, 383
6598, 324
6602, 348
6606, 342
6610, 357
6614, 320
6618, 334
6622, 356
6626, 310
6630, 336
6634, 329
6638, 316
6642, 364
6646, 344
6650, 313
6654, 296
6658, 359
6662, 384
6666, 353
6670, 325
6674, 353
6678, 343
6682, 315
6686, 301
6690, 344
6694, 344
6698, 323
6702, 387
6706, 347
6710, 384
6714, 376
6718, 341
6722, 364
6726, 343
6730, 292
6734, 356
6738, 313
6742, 357
6746, 338
6750, 310
6754, 356
6758, 358
6762, 371
6766, 338
6770, 335
6774, 337
6778, 387
6782, 339
6786, 349
6790, 332
6794, 349
6798, 364
6802, 339
6806, 342
6810, 342
6814, 391
6818, 336
6822, 337
6826, 345
6830, 339
6834, 325
6838, 354
6842, 386
6846, 355
6850, 359
6854, 359
6858, 356
6862, 355
6866, 366
6870, 357
6874, 370
6878, 369
6882, 341
6886, 353
6890, 358
6894, 357
6898, 362
6902, 348
6906, 335
6910, 368
6914, 366
6918, 334
6922, 368
6926, 357
6930, 328
6934, 393
6938, 373
6942, 367
6946, 350
6950, 367
6954, 353
6958, 351
6962, 374
6966, 360
6970, 355
6974, 365
6978, 355
6982, 353
6986, 359
6990, 336
6994, 371
6998, 347
7002, 357
7006, 369
7010, 407
7014, 362
7018, 359
7022, 366
7026, 378
7030, 372
7034, 388
7038, 382
7042, 390
7046, 382
7050, 364
7054, 325
7058, 356
7062, 369
7066, 348
7070, 390
7074, 385
7078, 387
7082, 413
7086, 380
7090, 405
7094, 382
7098, 396
7102, 348
7106, 373
7110, 363
7114, 357
7118, 367
7122, 376
7126, 350
7130, 339
7134, 367
7138, 392
7142, 372
7146, 359
7150, 366
7154, 386
7158, 347
7162, 380
7166, 385
7170, 346
7174, 369
7178, 408
7182, 384
7186, 380
7190, 395
7194, 359
7198, 390
7202, 348
7206, 351
7210, 376
7214, 364
7218, 380
7222, 403
7226, 359
7230, 365
7234, 359
7238, 386
7242, 394
7246, 399
7250, 358
7254, 371
7258, 405
7262, 336
7266, 347
7270, 372
7274, 375
7278, 358
7282, 340
7286, 364
7290, 369
7294, 388
7298, 351
7302, 335
7306, 388
7310, 382
7314, 362
7318, 358
7322, 368
7326, 345
7330, 397
7334, 379
7338, 374
7342, 343
7346, 348
7350, 344
7354, 365
7358, 379
7362, 400
7366, 394
7370, 352
7374, 354
7378, 344
7382, 400
7386, 329
7390, 368
7394, 366
7398, 381
7402, 374
7406, 339
7410, 365
7414, 377
7418, 379
7422, 402
7426, 348
7430, 365
7434, 387
7438, 386
7442, 414
7446, 364
7450, 373
7454, 357
7458, 378
7462, 355
7466, 375
7470, 366
7474, 360
7478, 343
7482, 365
7486, 357
7490, 392
7494, 398
7498, 424
7502, 374
7506, 377
7510, 382
7514, 359
7518, 318
7522, 379
7526, 351
7530, 375
7534, 379
7538, 347
7542, 343
7546, 369
7550, 420
7554, 384
7558, 382
7562, 373
7566, 378
7570, 385
7574, 382
7578, 403
7582, 386
7586, 393
7590, 384
7594, 378
7598, 383
7602, 412
7606, 400
7610, 360
7614, 361
7618, 381
7622, 352
7626, 370
7630, 391
7634, 399
7638, 394
7642, 394
7646, 377
7650, 336
7654, 375
7658, 400
7662, 363
7666, 372
7670, 404
7674, 382
7678, 373
7682, 362
7686, 355
7690, 375
7694, 387
7698, 370
7702, 392
7706, 372
7710, 363
7714, 425
7718, 369
7722, 386
7726, 416
7730, 383
7734, 361
7738, 371
7742, 392
7746, 368
7750, 405
7754, 381
7758, 393
7762, 371
7766, 379
7770, 407
7774, 406
7778, 386
7782, 397
7786, 387
7790, 382
7794, 375
7798, 353
7802, 382
7806, 398
7810, 413
7814, 373
7818, 384
7822, 386
7826, 374
7830, 413
7834, 408
7838, 384
7842, 391
7846, 419
7850, 405
7854, 402
7858, 426
7862, 372
7866, 404
7870, 397
7874, 407
7878, 393
7882, 401
7886, 377
7890, 379
7894, 397
7898, 381
7902, 385
7906, 391
7910, 429
7914, 385
7918, 392
7922, 418
7926, 406
7930, 401
7934, 393
7938, 398
7942, 405
7946, 430
7950, 422
7954, 391
7958, 403
7962, 429
7966, 406
7970, 395
7974, 392
7978, 412
7982, 393
7986, 397
7990, 371
7994, 406
7998, 395
8002, 398
8006, 406
8010, 406
8014, 416
8018, 407
8022, 401
8026, 370
8030, 412
8034, 414
8038, 402
8042, 390
8046, 388
8050, 413
8054, 408
8058, 388
8062, 409
8066, 385
8070, 454
8074, 401
8078, 418
8082, 437
8086, 389
8090, 397
8094, 413
8098, 418
8102, 410
8106, 418
8110, 451
8114, 396
8118, 414
8122, 417
8126, 385
8130, 416
8134, 436
8138, 377
8142, 448
8146, 400
8150, 408
8154, 425
8158, 441
8162, 443
8166, 434
8170, 482
8174, 461
8178, 440
8182, 488
8186, 567
8190, 628
8194, 808
8198, 930
8202, 1069
8206, 1169
8210, 1272
8214, 1153
8218, 1045
8222, 892
8226, 784
8230, 641
8234, 520
8238, 511
8242, 461
8246, 477
8250, 503
8254, 433
8258, 458
8262, 459
8266, 452
8270, 416
8274, 472
8278, 429
8282, 457
8286, 450
8290, 462
8294, 403
8298, 439
8302, 445
8306, 456
8310, 441
8314, 420
8318, 453
8322, 489
8326, 442
8330, 449
8334, 438
8338, 461
8342, 482
8346, 430
8350, 432
8354, 456
8358, 443
8362, 454
8366, 461
8370, 452
8374, 439
8378, 436
8382, 454
8386, 467
8390, 434
8394, 449
8398, 422
8402, 444
8406, 430
8410, 453
8414, 469
8418, 439
8422, 464
8426, 435
8430, 460
8434, 445
8438, 451
8442, 474
8446, 475
8450, 459
8454, 462
8458, 446
8462, 454
8466, 439
8470, 458
8474, 439
8478, 516
8482, 462
8486, 510
8490, 469
8494, 520
8498, 547
8502, 560
8506, 513
8510, 524
8514, 534
8518, 496
8522, 513
8526, 486
8530, 459
8534, 508
8538, 448
8542, 456
8546, 525
8550, 488
8554, 499
8558, 458
8562, 459
8566, 467
8570, 447
8574, 477
8578, 471
8582, 498
8586, 474
8590, 495
8594, 481
8598, 494
8602, 494
8606, 519
8610, 498
8614, 539
8618, 478
8622, 553
8626, 470
8630, 492
8634, 449
8638, 480
8642, 483
8646, 497
8650, 496
8654, 488
8658, 497
8662, 503
8666, 500
8670, 483
8674, 520
8678, 502
8682, 467
8686, 469
8690, 494
8694, 503
8698, 544
8702, 522
8706, 505
8710, 501
8714, 481
8718, 505
8722, 489
8726, 520
8730, 529
8734, 528
8738, 521
8742, 513
8746, 495
8750, 493
8754, 510
8758, 541
8762, 580
8766, 493
8770, 475
8774, 527
8778, 551
8782, 509
8786, 530
8790, 521
8794, 501
8798, 524
8802, 536
8806, 510
8810, 527
8814, 560
8818, 552
8822, 557
8826, 538
8830, 553
8834, 566
8838, 482
8842, 521
8846, 587
8850, 547
8854, 534
8858, 543
8862, 539
8866, 552
8870, 526
8874, 538
8878, 517
8882, 581
8886, 520
8890, 579
8894, 566
8898, 562
8902, 557
8906, 529
8910, 568
8914, 555
8918, 574
8922, 570
8926, 529
8930, 515
8934, 496
8938, 586
8942, 530
8946, 548
8950, 557
8954, 562
8958, 544
8962, 549
8966, 604
8970, 585
8974, 519
8978, 592
8982, 598
8986, 560
8990, 597
8994, 521
8998, 570
9002, 560
9006, 572
9010, 563
9014, 562
9018, 581
9022, 538
9026, 573
9030, 529
9034, 565
9038, 561
9042, 616
9046, 587
9050, 571
9054, 583
9058, 579
9062, 607
9066, 624
9070, 624
9074, 627
9078, 592
9082, 573
9086, 576
9090, 580
9094, 565
9098, 609
9102, 551
9106, 590
9110, 576
9114, 579
9118, 617
9122, 564
9126, 551
9130, 569
9134, 569
9138, 600
9142, 627
9146, 587
9150, 533
9154, 622
9158, 612
9162, 628
9166, 627
9170, 638
9174, 629
9178, 585
9182, 647
9186, 644
9190, 651
9194, 619
9198, 652
9202, 651
9206, 621
9210, 629
9214, 614
9218, 651
9222, 632
9226, 604
9230, 652
9234, 670
9238, 655
9242, 596
9246, 646
9250, 676
9254, 645
9258, 652
9262, 643
9266, 639
9270, 664
9274, 691
9278, 656
9282, 665
9286, 650
9290, 685
9294, 667
9298, 624
9302, 636
9306, 636
9310, 636
9314, 648
9318, 678
9322, 648
9326, 693
9330, 669
9334, 693
9338, 617
9342, 678
9346, 694
9350, 715
9354, 693
9358, 661
9362, 694
9366, 682
9370, 711
9374, 668
9378, 745
9382, 721
9386, 732
9390, 669
9394, 712
9398, 710
9402, 693
9406, 725
9410, 739
9414, 715
9418, 691
9422, 710
9426, 720
9430, 718
9434, 741
9438, 758
9442, 733
9446, 717
9450, 690
9454, 765
9458, 714
9462, 733
9466, 743
9470, 727
9474, 716
9478, 697
9482, 726
9486, 769
9490, 718
9494, 698
9498, 756
9502, 740
9506, 762
9510, 770
9514, 799
9518, 761
9522, 747
9526, 765
9530, 747
9534, 754
9538, 741
9542, 801
9546, 776
9550, 781
9554, 757
9558, 828
9562, 775
9566, 768
9570, 765
9574, 837
9578, 746
9582, 762
9586, 789
9590, 809
9594, 807
9598, 770
9602, 809
9606, 790
9610, 832
9614, 804
9618, 797
9622, 764
9626, 779
9630, 805
9634, 811
9638, 824
9642, 830
9646, 813
9650, 785
9654, 819
9658, 863
9662, 814
9666, 789
9670, 793
9674, 834
9678, 833
9682, 808
9686, 799
9690, 844
9694, 837
9698, 830
9702, 809
9706, 774
9710, 734
9714, 820
9718, 793
9722, 792
9726, 769
9730, 756
9734, 802
9738, 727
9742, 817
9746, 757
9750, 720
9754, 778
9758, 738
9762, 669
9766, 651
9770, 665
9774, 630
9778, 645
9782, 638
9786, 612
9790, 588
9794, 622
9798, 604
9802, 578
9806, 564
9810, 542
9814, 546
9818, 569
9822, 574
9826, 565
9830, 558
9834, 508
9838, 539
9842, 551
9846, 532
9850, 528
9854, 519
9858, 485
9862, 503
9866, 488
9870, 492
9874, 561
9878, 493
9882, 514
9886, 467
9890, 470
9894, 533
9898, 468
9902, 494
9906, 484
9910, 489
9914, 450
9918, 460
9922, 465
9926, 473
9930, 486
9934, 466
9938, 454
9942, 475
9946, 459
9950, 469
9954, 445
9958, 491
9962, 449
9966, 463
9970, 437
9974, 473
9978, 426
9982, 498
9986, 428
9990, 458
9994, 452
9998, 477
10002, 428
10006, 412
10010, 460
10014, 433
10018, 410
10022, 431
10026, 437
10030, 409
10034, 421
10038, 453
10042, 394
10046, 410
10050, 409
10054, 421
10058, 396
10062, 407
10066, 416
10070, 410
10074, 407
10078, 377
10082, 399
10086, 405
10090, 394
10094, 409
10098, 382
10102, 370
10106, 366
10110, 441
10114, 398
10118, 345
10122, 394
10126, 340
10130, 391
10134, 378
10138, 364
10142, 345
10146, 370
10150, 395
10154, 344
10158, 358
10162, 370
10166, 332
10170, 356
10174, 324
10178, 335
10182, 385
10186, 346
10190, 347
10194, 309
10198, 331
10202, 300
10206, 350
10210, 316
10214, 345
10218, 339
10222, 306
10226, 325
10230, 292
10234, 307
10238, 337
10242, 283
10246, 262
10250, 302
10254, 305
10258, 279
10262, 304
10266, 262
10270, 271
10274, 261
10278, 262
10282, 262
10286, 274
10290, 267
10294, 248
10298, 250
10302, 243
10306, 274
10310, 242
10314, 266
10318, 232
10322, 254
10326, 231
10330, 192
10334, 236
10338, 257
10342, 226
10346, 244
10350, 179
10354, 180
10358, 225
10362, 175
10366, 214
10370, 223
10374, 220
10378, 203
10382, 204
10386, 219
10390, 190
10394, 159
10398, 199
10402, 188
10406, 187
10410, 176
10414, 200
10418, 165
10422, 163
10426, 167
10430, 166
10434, 195
10438, 139
10442, 169
10446, 153
10450, 162
10454, 156
10458, 177
10462, 148
10466, 164
10470, 153
10474, 138
10478, 150
10482, 122
10486, 150
10490, 166
10494, 147
10498, 132
10502, 124
10506, 148
10510, 128
10514, 140
10518, 105
10522, 107
10526, 112
10530, 118
10534, 111
10538, 123
10542, 119
10546, 138
10550, 143
10554, 133
10558, 131
10562, 134
10566, 128
10570, 119
10574, 113
10578, 115
10582, 117
10586, 111
10590, 118
10594, 120
10598, 108
10602, 104
10606, 107
10610, 110
10614, 119
10618, 118
10622, 96
10626, 106
10630, 119
10634, 96
10638, 128
10642, 83
10646, 86
10650, 97
10654, 125
10658, 115
10662, 102
10666, 101
10670, 96
10674, 105
10678, 95
10682, 97
10686, 86
10690, 102
10694, 96
10698, 90
10702, 116
10706, 111
10710, 91
10714, 88
10718, 95
10722, 93
10726, 87
10730, 90
10734, 93
10738, 90
10742, 115
10746, 94
10750, 91
10754, 91
10758, 112
10762, 95
10766, 77
10770, 92
10774, 108
10778, 101
10782, 90
10786, 90
10790, 103
10794, 83
10798, 90
10802, 82
10806, 92
10810, 92
10814, 69
10818, 100
10822, 79
10826, 94
10830, 92
10834, 89
10838, 80
10842, 102
10846, 68
10850, 93
10854, 98
10858, 93
10862, 86
10866, 74
10870, 86
10874, 68
10878, 84
10882, 95
10886, 97
10890, 80
10894, 77
10898, 100
10902, 92
10906, 100
10910, 91
10914, 91
10918, 101
10922, 99
10926, 101
10930, 105
10934, 111
10938, 105
10942, 136
10946, 146
10950, 106
10954, 131
10958, 138
10962, 150
10966, 142
10970, 164
10974, 151
10978, 189
10982, 188
10986, 196
10990, 232
10994, 269
10998, 309
11002, 523
11006, 826
11010, 1292
11014, 2141
11018, 3388
11022, 5098
11026, 7292
11030, 9645
11034, 11538
11038, 12562
11042, 12378
11046, 11255
11050, 9405
11054, 7325
11058, 5430
11062, 3704
11066, 2818
11070, 2016
11074, 1536
11078, 1110
11082, 932
11086, 727
11090, 576
11094, 487
11098, 428
11102, 321
11106, 313
11110, 288
11114, 259
11118, 206
11122, 194
11126, 167
11130, 163
11134, 146
11138, 123
11142, 137
11146, 115
11150, 113
11154, 101
11158, 85
11162, 87
11166, 74
11170, 69
11174, 56
11178, 62
11182, 60
11186, 68
11190, 61
11194, 50
11198, 50
11202, 48
11206, 38
11210, 44
11214, 32
11218, 38
11222, 34
11226, 37
11230, 34
11234, 32
11238, 48
11242, 37
11246, 46
11250, 23
11254, 32
11258, 38
11262, 37
11266, 25
11270, 35
11274, 37
11278, 36
11282, 33
11286, 37
11290, 37
11294, 41
11298, 43
11302, 42
11306, 65
11310, 57
11314, 64
11318, 62
11322, 78
11326, 87
11330, 113
11334, 113
11338, 137
11342, 114
11346, 105
11350, 106
11354, 68
11358, 70
11362, 46
11366, 66
11370, 48
11374, 38
11378, 40
11382, 54
11386, 46
11390, 35
11394, 28
11398, 36
11402, 37
11406, 41
11410, 39
11414, 40
11418, 37
11422, 32
11426, 37
11430, 37
11434, 41
11438, 43
11442, 39
11446, 44
11450, 44
11454, 34
11458, 50
11462, 41
11466, 39
11470, 31
11474, 48
11478, 31
11482, 51
11486, 35
11490, 53
11494, 44
11498, 44
11502, 40
11506, 50
11510, 35
11514, 42
11518, 42
11522, 32
11526, 42
11530, 38
11534, 28
11538, 30
11542, 26
11546, 45
11550, 52
11554, 49
11558, 30
11562, 28
11566, 40
11570, 33
11574, 27
11578, 37
11582, 34
11586, 37
11590, 48
11594, 33
11598, 39
11602, 40
11606, 40
11610, 32
11614, 41
11618, 30
11622, 39
11626, 46
11630, 33
11634, 39
11638, 27
11642, 39
11646, 37
11650, 45
11654, 32
11658, 44
11662, 38
11666, 30
11670, 45
11674, 48
11678, 35
11682, 37
11686, 42
11690, 33
11694, 45
11698, 35
11702, 50
11706, 37
11710, 39
11714, 38
11718, 42
11722, 32
11726, 42
11730, 43
11734, 44
11738, 42
11742, 42
11746, 34
11750, 34
11754, 40
11758, 41
11762, 42
11766, 39
11770, 36
11774, 41
11778, 47
11782, 37
11786, 38
11790, 43
11794, 34
11798, 40
11802, 41
11806, 49
11810, 32
11814, 43
11818, 33
11822, 35
11826, 39
11830, 39
11834, 42
11838, 44
11842, 40
11846, 35
11850, 44
11854, 35
11858, 41
11862, 32
11866, 48
11870, 42
11874, 43
11878, 38
11882, 44
11886, 45
11890, 21
11894, 48
11898, 42
11902, 37
11906, 48
11910, 50
11914, 46
11918, 35
11922, 43
11926, 33
11930, 44
11934, 34
11938, 38
11942, 35
11946, 36
11950, 43
11954, 49
11958, 39
11962, 45
11966, 31
11970, 43
11974, 43
11978, 33
11982, 34
11986, 42
11990, 35
11994, 30
11998, 36
12002, 53
12006, 41
12010, 42
12014, 39
12018, 44
12022, 33
12026, 47
12030, 47
12034, 36
12038, 43
12042, 38
12046, 45
12050, 27
12054, 37
12058, 44
12062, 31
12066, 33
12070, 48
12074, 37
12078, 41
12082, 43
12086, 35
12090, 38
12094, 40
12098, 41
12102, 43
12106, 32
12110, 40
12114, 42
12118, 37
12122, 50
12126, 38
12130, 40
12134, 33
12138, 37
12142, 48
12146, 41
12150, 45
12154, 37
12158, 46
12162, 43
12166, 41
12170, 48
12174, 31
12178, 40
12182, 33
12186, 34
12190, 49
12194, 34
12198, 37
12202, 31
12206, 42
12210, 51
12214, 56
12218, 34
12222, 43
12226, 44
12230, 35
12234, 42
12238, 55
12242, 42
12246, 40
12250, 32
12254, 47
12258, 32
12262, 52
12266, 31
12270, 44
12274, 37
12278, 39
12282, 38
12286, 39
12290, 50
12294, 48
12298, 38
12302, 39
12306, 50
12310, 48
12314, 40
12318, 37
12322, 32
12326, 46
12330, 46
12334, 41
12338, 41
12342, 49
12346, 44
12350, 34
12354, 42
12358, 41
12362, 42
12366, 47
12370, 36
12374, 37
12378, 43
12382, 41
12386, 43
12390, 55
12394, 45
12398, 34
12402, 32
12406, 44
12410, 45
12414, 39
12418, 43
12422, 51
12426, 49
12430, 45
12434, 47
12438, 38
12442, 36
12446, 38
12450, 49
12454, 32
12458, 38
12462, 45
12466, 43
12470, 50
12474, 47
12478, 52
12482, 47
12486, 43
12490, 49
12494, 43
12498, 50
12502, 52
12506, 58
12510, 27
12514, 30
12518, 54
12522, 52
12526, 38
12530, 49
12534, 46
12538, 43
12542, 30
12546, 38
12550, 42
12554, 55
12558, 42
12562, 60
12566, 46
12570, 42
12574, 47
12578, 48
12582, 35
12586, 45
12590, 39
12594, 45
12598, 46
12602, 45
12606, 35
12610, 49
12614, 52
12618, 59
12622, 37
12626, 45
12630, 59
12634, 38
12638, 47
12642, 47
12646, 39
12650, 48
12654, 31
12658, 45
12662, 54
12666, 49
12670, 41
12674, 37
12678, 49
12682, 42
12686, 41
12690, 48
12694, 47
12698, 45
12702, 50
12706, 36
12710, 35
12714, 67
12718, 54
12722, 51
12726, 55
12730, 48
12734, 43
12738, 48
12742, 58
12746, 47
12750, 46
12754, 41
12758, 43
12762, 53
12766, 41
12770, 63
12774, 51
12778, 50
12782, 51
12786, 52
12790, 45
12794, 54
12798, 45
12802, 40
12806, 43
12810, 45
12814, 50
12818, 37
12822, 42
12826, 33
12830, 49
12834, 51
12838, 46
12842, 50
12846, 38
12850, 46
12854, 42
12858, 37
12862, 44
12866, 45
12870, 44
12874, 35
12878, 36
12882, 44
12886, 36
12890, 48
12894, 28
12898, 30
12902, 33
12906, 39
12910, 45
12914, 38
12918, 31
12922, 32
12926, 23
12930, 41
12934, 36
12938, 46
12942, 33
12946, 38
12950, 28
12954, 30
12958, 30
12962, 29
12966, 41
12970, 46
12974, 28
12978, 33
12982, 37
12986, 27
12990, 39
12994, 37
12998, 40
13002, 30
13006, 25
13010, 32
13014, 38
13018, 37
13022, 38
13026, 30
13030, 27
13034, 34
13038, 34
13042, 31
13046, 39
13050, 20
13054, 32
13058, 30
13062, 25
13066, 32
13070, 37
13074, 29
13078, 28
13082, 25
13086, 29
13090, 41
13094, 39
13098, 28
13102, 28
13106, 36
13110, 46
13114, 21
13118, 34
13122, 35
13126, 43
13130, 22
13134, 28
13138, 32
13142, 26
13146, 23
13150, 31
13154, 30
13158, 20
13162, 24
13166, 25
13170, 35
13174, 22
13178, 30
13182, 33
13186, 24
13190, 29
13194, 29
13198, 30
13202, 24
13206, 26
13210, 28
13214, 18
13218, 32
13222, 36
13226, 33
13230, 32
13234, 31
13238, 34
13242, 32
13246, 33
13250, 33
13254, 15
13258, 20
13262, 19
13266, 35
13270, 32
13274, 18
13278, 20
13282, 29
13286, 25
13290, 22
13294, 29
13298, 21
13302, 24
13306, 28
13310, 14
13314, 22
13318, 28
13322, 28
13326, 34
13330, 26
13334, 36
13338, 28
13342, 23
13346, 17
13350, 30
13354, 18
13358, 28
13362, 28
13366, 18
13370, 18
13374, 24
13378, 21
13382, 16
13386, 19
13390, 18
13394, 18
13398, 19
13402, 21
13406, 18
13410, 16
13414, 14
13418, 24
13422, 16
13426, 15
13430, 15
13434, 19
13438, 16
13442, 24
13446, 17
13450, 12
13454, 18
13458, 20
13462, 16
13466, 14
13470, 19
13474, 20
13478, 14
13482, 10
13486, 15
13490, 15
13494, 4
13498, 16
13502, 9
13506, 18
13510, 8
13514, 15
13518, 15
13522, 10
13526, 12
13530, 8
13534, 12
13538, 17
13542, 16
13546, 13
13550, 10
13554, 11
13558, 15
13562, 9
13566, 12
13570, 7
13574, 15
13578, 14
13582, 10
13586, 10
13590, 8
13594, 8
13598, 7
13602, 20
13606, 8
13610, 6
13614, 10
13618, 13
13622, 8
13626, 10
13630, 8
13634, 5
13638, 5
13642, 15
13646, 8
13650, 9
13654, 5
13658, 13
13662, 11
13666, 11
13670, 9
13674, 13
13678, 2
13682, 7
13686, 15
13690, 8
13694, 10
13698, 12
13702, 10
13706, 10
13710, 7
13714, 6
13718, 11
13722, 5
13726, 8
13730, 10
13734, 3
13738, 7
13742, 4
13746, 13
13750, 9
13754, 10
13758, 14
13762, 8
13766, 9
13770, 20
13774, 8
13778, 19
13782, 23
13786, 20
13790, 16
13794, 15
13798, 11
13802, 13
13806, 9
13810, 7
13814, 15
13818, 10
13822, 10
13826, 9
13830, 8
13834, 8
13838, 10
13842, 10
13846, 11
13850, 8
13854, 13
13858, 8
13862, 15
13866, 8
13870, 4
13874, 9
13878, 6
13882, 12
13886, 7
13890, 9
13894, 10
13898, 6
13902, 9
13906, 9
13910, 6
13914, 8
13918, 8
13922, 8
13926, 8
13930, 10
13934, 8
13938, 6
13942, 9
13946, 9
13950, 5
13954, 6
13958, 10
13962, 7
13966, 9
13970, 7
13974, 4
13978, 6
13982, 5
13986, 7
13990, 8
13994, 4
13998, 11
14002, 6
14006, 7
14010, 10
14014, 9
14018, 14
14022, 10
14026, 11
14030, 9
14034, 9
14038, 10
14042, 11
14046, 7
14050, 11
14054, 13
14058, 13
14062, 13
14066, 11
14070, 15
14074, 12
14078, 13
14082, 17
14086, 23
14090, 22
14094, 30
14098, 30
14102, 67
14106, 97
14110, 138
14114, 198
14118, 286
14122, 378
14126, 486
14130, 559
14134, 585
14138, 548
14142, 536
14146, 416
14150, 280
14154, 188
14158, 140
14162, 90
14166, 63
14170, 46
14174, 42
14178, 26
14182, 21
14186, 30
14190, 14
14194, 26
14198, 16
14202, 17
14206, 18
14210, 8
14214, 17
14218, 14
14222, 20
14226, 17
14230, 33
14234, 37
14238, 53
14242, 56
14246, 84
14250, 80
14254, 76
14258, 68
14262, 61
14266, 47
14270, 26
14274, 24
14278, 17
14282, 11
14286, 10
14290, 8
14294, 5
14298, 8
14302, 2
14306, 11
14310, 4
14318, 9
14322, 6
14326, 8
14330, 3
14334, 3
14338, 13
14342, 4
14346, 4
14350, 4
14354, 5
14358, 7
14362, 5
14366, 5
14370, 2
14374, 5
14378, 4
14382, 5
14386, 3
14390, 4
14394, 9
14398, 3
14402, 3
14406, 2
14410, 3
14414, 4
14418, 4
14422, 4
14426, 3
14430, 6
14434, 2
14438, 2
14442, 2
14446, 1
14450, 5
14454, 4
14458, 5
14462, 8
14466, 3
14470, 3
14474, 3
14478, 2
14482, 2
14486, 2
14490, 8
14494, 4
14498, 4
14502, 2
14506, 1
14510, 2
14514, 2
14518, 2
14522, 3
14526, 5
14530, 4
14534, 6
14538, 7
14542, 2
14546, 7
14550, 6
14554, 2
14558, 2
14562, 4
14566, 2
14570, 3
14574, 3
14578, 3
14582, 5
14586, 2
14590, 8
14594, 3
14598, 6
14602, 7
14606, 5
14610, 4
14614, 1
14618, 6
14622, 3
14626, 6
14630, 3
14634, 10
14638, 3
14642, 3
14646, 4
14650, 4
14654, 3
14658, 4
14662, 3
14666, 2
14670, 9
14674, 4
14678, 5
14682, 3
14686, 1
14690, 4
14694, 1
14702, 5
14706, 3
14710, 4
14714, 2
14718, 7
14722, 6
14726, 9
14730, 4
14734, 5
14738, 5
14742, 8
14746, 3
14750, 6
14754, 9
14758, 2
14762, 2
14766, 3
14770, 3
14774, 7
14778, 3
14782, 7
14786, 4
14790, 6
14794, 6
14798, 2
14802, 2
14806, 3
14810, 4
14814, 6
14818, 6
14822, 4
14826, 4
14830, 7
14834, 2
14838, 5
14842, 4
14846, 7
14850, 4
14854, 9
14858, 9
14862, 7
14866, 5
14870, 6
14874, 7
14878, 3
14882, 6
14886, 2
14890, 2
14894, 6
14898, 6
14902, 6
14906, 5
14910, 3
14914, 3
14918, 2
14922, 1
14930, 4
14934, 9
14938, 5
14942, 11
14946, 5
14950, 11
14954, 11
14958, 18
14962, 8
14966, 5
14970, 5
14974, 2
14978, 2
14982, 4
14986, 10
14990, 4
14994, 5
14998, 2
15002, 8
15006, 6
15010, 7
15014, 7
15018, 7
15022, 4
15026, 4
15030, 5
15034, 7
15038, 1
15042, 6
15046, 6
15050, 5
15054, 1
15058, 5
15062, 3
15066, 4
15070, 6
15074, 5
15078, 3
15082, 7
15086, 4
15090, 7
15094, 1
15098, 3
15102, 4
15106, 1
15110, 4
15114, 6
15118, 3
15122, 3
15126, 5
15130, 7
15134, 7
15138, 3
15142, 4
15146, 8
15150, 6
15154, 8
15158, 6
15162, 7
15166, 5
15170, 3
15174, 8
15178, 1
15182, 7
15186, 4
15190, 6
15194, 8
15198, 6
15202, 4
15206, 4
15210, 5
15214, 5
15218, 6
15222, 2
15234, 5
15238, 3
15242, 2
15246, 9
15250, 8
15254, 7
15258, 2
15262, 4
15266, 9
15270, 5
15274, 3
15278, 2
15282, 2
15286, 10
15290, 2
15294, 10
15298, 3
15302, 6
15306, 5
15310, 3
15314, 3
15318, 4
15322, 4
15326, 4
15330, 2
15334, 2
15338, 4
15342, 3
15346, 7
15350, 5
15354, 3
15358, 4
15362, 5
15366, 2
15370, 7
15374, 4
15378, 5
15382, 1
15386, 4
15390, 3
15394, 2
15398, 2
15402, 2
15406, 2
15410, 5
15414, 4
15422, 2
15426, 4
15430, 3
15434, 7
15438, 4
15442, 5
15446, 4
15450, 5
15454, 9
15458, 4
15462, 3
15466, 9
15470, 3
15474, 8
15478, 6
15482, 4
15486, 6
15490, 6
15494, 5
15498, 3
15502, 8
15506, 3
15510, 2
15518, 3
15526, 3
15530, 3
15534, 5
15538, 9
15542, 5
15546, 6
15550, 3
15554, 3
15558, 12
15562, 3
15566, 8
15570, 4
15574, 5
15578, 4
15582, 6
15586, 4
15590, 4
15594, 4
15598, 7
15602, 7
15606, 7
15610, 11
15614, 8
15618, 2
15622, 13
15626, 9
15630, 5
15634, 7
15638, 7
15642, 14
15646, 10
15650, 12
15654, 13
15658, 14
15662, 9
15666, 5
15670, 7
15674, 6
15682, 10
15686, 5
15690, 6
15694, 4
15698, 5
15702, 2
15706, 5
15710, 4
15714, 3
15718, 3
15722, 3
15730, 2
15734, 2
15738, 8
15742, 5
15746, 2
15750, 11
15754, 10
15758, 14
15762, 11
15766, 10
15770, 12
15774, 10
15778, 11
15782, 15
15786, 12
15790, 4
15794, 6
15798, 7
15802, 3
15806, 5
15810, 3
15814, 5
15822, 1
15826, 4
15830, 2
15834, 4
15838, 4
15842, 2
15846, 3
15850, 1
15854, 3
15858, 5
15866, 1
15870, 4
15874, 2
15878, 3
15882, 1
15886, 1
15890, 1
15894, 1
15898, 3
15902, 3
15906, 9
15910, 3
15914, 4
15918, 4
15922, 2
15926, 1
15930, 6
15934, 2
15938, 1
15942, 1
15946, 1
15950, 6
15954, 3
15958, 5
15962, 2
15966, 3
15970, 1
15974, 1
15978, 4
15982, 2
15986, 3
15990, 3
15994, 6
