2, 62352
6, 61
10, 106
14, 150
18, 221
22, 326
26, 505
30, 793
34, 1146
38, 1448
42, 1866
46, 2147
50, 2466
54, 2654
58, 2745
62, 2836
66, 2915
70, 2985
74, 3066
78, 3104
82, 3062
86, 3220
90, 3265
94, 3109
98, 3221
102, 3315
106, 3446
110, 3185
114, 3316
118, 3473
122, 3424
126, 3401
130, 3538
134, 3520
138, 3427
142, 3661
146, 3564
150, 3549
154, 3493
158, 3664
162, 3670
166, 3686
170, 3717
174, 3686
178, 3789
182, 3754
186, 3858
190, 3863
194, 3863
198, 3778
202, 3891
206, 4021
210, 3946
214, 4044
218, 4077
222, 4041
226, 4119
230, 4153
234, 4156
238, 4094
242, 4324
246, 4256
250, 4292
254, 4238
258, 4365
262, 4250
266, 4281
270, 4360
274, 4331
278, 4442
282, 4352
286, 4448
290, 4461
294, 4437
298, 4524
302, 4486
306, 4512
310, 4507
314, 4457
318, 4556
322, 4496
326, 4580
330, 4635
334, 4463
338, 4564
342, 4648
346, 4606
350, 4643
354, 4565
358, 4799
362, 4663
366, 4615
370, 4719
374, 4742
378, 4639
382, 4769
386, 4767
390, 4803
394, 4756
398, 4920
402, 4906
406, 4971
410, 4836
414, 4997
418, 5079
422, 5052
426, 5076
430, 5016
434, 4941
438, 5054
442, 4938
446, 5152
450, 4923
454, 4981
458, 5082
462, 5110
466, 5173
470, 5104
474, 5202
478, 5252
482, 5245
486, 5264
490, 5305
494, 5176
498, 5264
502, 5136
506, 5177
510, 5304
514, 5160
518, 5223
522, 5338
526, 5255
530, 5329
534, 5400
538, 5296
542, 5274
546, 5320
550, 5314
554, 5460
558, 5444
562, 5527
566, 5383
570, 5401
574, 5479
578, 5482
582, 5444
586, 5582
590, 5484
594, 5565
598, 5603
602, 5804
606, 5538
610, 5790
614, 5578
618, 5720
622, 5721
626, 5639
630, 5690
634, 5950
638, 5907
642, 5819
646, 5792
650, 5787
654, 5824
658, 5838
662, 5896
666, 5984
670, 5919
674, 5765
678, 5980
682, 5886
686, 6018
690, 6019
694, 6038
698, 6014
702, 5973
706, 6063
710, 5971
714, 5989
718, 5924
722, 6065
726, 5923
730, 5933
734, 6130
738, 6005
742, 5944
746, 6081
750, 5942
754, 6004
758, 6045
762, 5951
766, 6007
770, 6161
774, 6079
778, 5918
782, 6049
786, 5955
790, 6069
794, 5844
798, 6081
802, 6045
806, 5962
810, 6095
814, 6028
818, 6076
822, 6083
826, 5939
830, 5890
834, 5983
838, 5827
842, 5886
846, 6000
850, 5882
854, 5844
858, 5829
862, 5984
866, 5682
870, 5759
874, 5741
878, 5832
882, 5866
886, 5859
890, 5798
894, 5762
898, 5825
902, 5664
906, 5748
910, 5711
914, 5563
918, 5656
922, 5600
926, 5708
930, 5558
934, 5575
938, 5631
942, 5532
946, 5625
950, 5565
954, 5589
958, 5595
962, 5567
966, 5700
970, 5620
974, 5596
978, 5891
982, 5910
986, 5846
990, 5996
994, 5938
998, 6005
1002, 6066
1006, 6233
1010, 6250
1014, 6387
1018, 6414
1022, 6464
1026, 6539
1030, 6512
1034, 6541
1038, 6520
1042, 6402
1046, 6472
1050, 6520
1054, 6608
1058, 6371
1062, 6483
1066, 6440
1070, 6366
1074, 6207
1078, 6318
1082, 6438
1086, 6252
1090, 6235
1094, 6120
1098, 6231
1102, 6160
1106, 6010
1110, 6004
1114, 6046
1118, 6059
1122, 6124
1126, 5892
1130, 5789
1134, 5811
1138, 5858
1142, 5728
1146, 5890
1150, 5688
1154, 5783
1158, 5649
1162, 5565
1166, 5601
1170, 5503
1174, 5527
1178, 5455
1182, 5445
1186, 5314
1190, 5496
1194, 5483
1198, 5146
1202, 5351
1206, 5145
1210, 5075
1214, 5063
1218, 5248
1222, 5067
1226, 4911
1230, 5176
1234, 5144
1238, 5036
1242, 5010
1246, 4932
1250, 4973
1254, 4984
1258, 4954
1262, 4800
1266, 4974
1270, 4869
1274, 4809
1278, 4992
1282, 4788
1286, 4875
1290, 4839
1294, 4880
1298, 4930
1302, 4968
1306, 4874
1310, 4943
1314, 4753
1318, 4751
1322, 4930
1326, 4849
1330, 4838
1334, 4684
1338, 4704
1342, 4661
1346, 4627
1350, 4674
1354, 4702
1358, 4555
1362, 4502
1366, 4651
1370, 4552
1374, 4627
1378, 4538
1382, 4388
1386, 4634
1390, 4449
1394, 4398
1398, 4465
1402, 4482
1406, 4386
1410, 4415
1414, 4338
1418, 4489
1422, 4357
1426, 4418
1430, 4318
1434, 4338
1438, 4224
1442, 4298
1446, 4150
1450, 4290
1454, 4108
1458, 4190
1462, 4000
1466, 4265
1470, 3936
1474, 4067
1478, 4131
1482, 4032
1486, 3963
1490, 4098
1494, 4112
1498, 3983
1502, 3904
1506, 3979
1510, 3976
1514, 4019
1518, 3890
1522, 3893
1526, 3889
1530, 3932
1534, 3791
1538, 3883
1542, 3731
1546, 3964
1550, 3860
1554, 3788
1558, 3743
1562, 3842
1566, 3803
1570, 3827
1574, 3822
1578, 3589
1582, 3767
1586, 3844
1590, 3653
1594, 3699
1598, 3659
1602, 3676
1606, 3662
1610, 3622
1614, 3579
1618, 3652
1622, 3588
1626, 3576
1630, 3549
1634, 3554
1638, 3587
1642, 3534
1646, 3496
1650, 3485
1654, 3533
1658, 3467
1662, 3420
1666, 3485
1670, 3367
1674, 3389
1678, 3390
1682, 3421
1686, 3423
1690, 3398
1694, 3367
1698, 3440
1702, 3261
1706, 3491
1710, 3370
1714, 3363
1718, 3424
1722, 3466
1726, 3297
1730, 3341
1734, 3349
1738, 3264
1742, 3262
1746, 3355
1750, 3267
1754, 3271
1758, 3205
1762, 3269
1766, 3130
1770, 3277
1774, 3361
1778, 3181
1782, 3216
1786, 3334
1790, 3199
1794, 3195
1798, 3162
1802, 3249
1806, 3331
1810, 3206
1814, 3142
1818, 3172
1822, 3205
1826, 3238
1830, 3218
1834, 3233
1838, 3179
1842, 3215
1846, 3223
1850, 3210
1854, 3181
1858, 3107
1862, 3270
1866, 3223
1870, 3303
1874, 3147
1878, 3064
1882, 3214
1886, 3160
1890, 3184
1894, 3212
1898, 3145
1902, 3191
1906, 3112
1910, 3237
1914, 3118
1918, 3155
1922, 3276
1926, 3173
1930, 3259
1934, 3115
1938, 3234
1942, 3229
1946, 3235
1950, 3085
1954, 3156
1958, 3296
1962, 3157
1966, 3269
1970, 3168
1974, 3172
1978, 3205
1982, 3129
1986, 3275
1990, 3321
1994, 3183
1998, 3247
2002, 3211
2006, 3193
2010, 3151
2014, 3206
2018, 3152
2022, 3325
2026, 3178
2030, 3275
2034, 3155
2038, 3220
2042, 3250
2046, 3311
2050, 3272
2054, 3256
2058, 3231
2062, 3188
2066, 3263
2070, 3194
2074, 3322
2078, 3256
2082, 3325
2086, 3195
2090, 3317
2094, 3252
2098, 3295
2102, 3267
2106, 3332
2110, 3337
2114, 3318
2118, 3441
2122, 3238
2126, 3258
2130, 3199
2134, 3285
2138, 3292
2142, 3357
2146, 3379
2150, 3231
2154, 3197
2158, 3354
2162, 3287
2166, 3340
2170, 3319
2174, 3276
2178, 3360
2182, 3291
2186, 3197
2190, 3260
2194, 3152
2198, 3241
2202, 3148
2206, 3339
2210, 3162
2214, 3224
2218, 3272
2222, 3175
2226, 3057
2230, 3253
2234, 3091
2238, 3110
2242, 3143
2246, 3143
2250, 3019
2254, 3172
2258, 3046
2262, 3095
2266, 2884
2270, 2826
2274, 2836
2278, 2692
2282, 2672
2286, 2533
2290, 2622
2294, 2578
2298, 2390
2302, 2340
2306, 2412
2310, 2307
2314, 2196
2318, 2127
2322, 2114
2326, 2133
2330, 2179
2334, 2129
2338, 2062
2342, 2014
2346, 2067
2350, 2020
2354, 2099
2358, 1963
2362, 1948
2366, 1942
2370, 1975
2374, 1964
2378, 1958
2382, 1833
2386, 1844
2390, 1877
2394, 1883
2398, 1847
2402, 1804
2406, 1858
2410, 1829
2414, 1796
2418, 1718
2422, 1749
2426, 1733
2430, 1717
2434, 1765
2438, 1660
2442, 1680
2446, 1695
2450, 1749
2454, 1572
2458, 1680
2462, 1675
2466, 1567
2470, 1688
2474, 1593
2478, 1613
2482, 1613
2486, 1560
2490, 1526
2494, 1542
2498, 1501
2502, 1581
2506, 1515
2510, 1446
2514, 1523
2518, 1534
2522, 1571
2526, 1530
2530, 1399
2534, 1441
2538, 1466
2542, 1461
2546, 1515
2550, 1497
2554, 1442
2558, 1424
2562, 1402
2566, 1350
2570, 1424
2574, 1335
2578, 1290
2582, 1310
2586, 1305
2590, 1360
2594, 1318
2598, 1284
2602, 1309
2606, 1237
2610, 1263
2614, 1230
2618, 1252
2622, 1209
2626, 1248
2630, 1202
2634, 1180
2638, 1147
2642, 1187
2646, 1218
2650, 1166
2654, 1168
2658, 1100
2662, 1111
2666, 1119
2670, 1142
2674, 1129
2678, 1054
2682, 1099
2686, 1141
2690, 1107
2694, 1119
2698, 1030
2702, 1005
2706, 1065
2710, 1007
2714, 1026
2718, 1033
2722, 954
2726, 1041
2730, 1044
2734, 1038
2738, 994
2742, 983
2746, 1007
2750, 1013
2754, 988
2758, 997
2762, 1009
2766, 996
2770, 965
2774, 960
2778, 914
2782, 969
2786, 947
2790, 964
2794, 956
2798, 955
2802, 913
2806, 905
2810, 936
2814, 888
2818, 946
2822, 869
2826, 889
2830, 961
2834, 969
2838, 1029
2842, 1135
2846, 1335
2850, 1682
2854, 1848
2858, 1975
2862, 2066
2866, 1911
2870, 1741
2874, 1455
2878, 1301
2882, 1170
2886, 1132
2890, 988
2894, 980
2898, 932
2902, 895
2906, 904
2910, 874
2914, 900
2918, 916
2922, 912
2926, 889
2930, 855
2934, 800
2938, 863
2942, 872
2946, 878
2950, 824
2954, 794
2958, 775
2962, 805
2966, 770
2970, 792
2974, 848
2978, 812
2982, 800
2986, 765
2990, 763
2994, 760
2998, 708
3002, 737
3006, 754
3010, 758
3014, 756
3018, 773
3022, 716
3026, 791
3030, 740
3034, 758
3038, 781
3042, 724
3046, 712
3050, 758
3054, 746
3058, 727
3062, 736
3066, 732
3070, 722
3074, 743
3078, 724
3082, 730
3086, 780
3090, 744
3094, 733
3098, 737
3102, 750
3106, 771
3110, 740
3114, 700
3118, 758
3122, 707
3126, 792
3130, 770
3134, 867
3138, 934
3142, 1072
3146, 1402
3150, 2130
3154, 3629
3158, 5767
3162, 7560
3166, 8373
3170, 8061
3174, 6363
3178, 4686
3182, 3623
3186, 2665
3190, 2000
3194, 1513
3198, 1191
3202, 1025
3206, 973
3210, 964
3214, 1034
3218, 1052
3222, 1024
3226, 1043
3230, 1015
3234, 1001
3238, 1051
3242, 1104
3246, 1131
3250, 1311
3254, 1348
3258, 1602
3262, 2132
3266, 3698
3270, 6742
3274, 13095
3278, 22764
3282, 34182
3286, 43441
3290, 46259
3294, 41222
3298, 31843
3302, 21704
3306, 13427
3310, 7608
3314, 4298
3318, 2699
3322, 2054
3326, 1780
3330, 1813
3334, 1912
3338, 1829
3342, 1598
3346, 1310
3350, 1202
3354, 1108
3358, 988
3362, 1072
3366, 955
3370, 882
3374, 730
3378, 755
3382, 721
3386, 675
3390, 649
3394, 577
3398, 558
3402, 522
3406, 482
3410, 483
3414, 461
3418, 465
3422, 473
3426, 417
3430, 449
3434, 459
3438, 472
3442, 462
3446, 436
3450, 508
3454, 479
3458, 462
3462, 510
3466, 491
3470, 472
3474, 423
3478, 428
3482, 420
3486, 407
3490, 364
3494, 410
3498, 394
3502, 374
3506, 411
3510, 377
3514, 427
3518, 426
3522, 400
3526, 388
3530, 345
3534, 382
3538, 406
3542, 360
3546, 392
3550, 375
3554, 420
3558, 377
3562, 369
3566, 392
3570, 418
3574, 413
3578, 387
3582, 417
3586, 423
3590, 402
3594, 378
3598, 400
3602, 394
3606, 356
3610, 348
3614, 418
3618, 363
3622, 376
3626, 407
3630, 397
3634, 361
3638, 383
3642, 384
3646, 384
3650, 387
3654, 345
3658, 401
3662, 361
3666, 389
3670, 397
3674, 393
3678, 385
3682, 381
3686, 381
3690, 375
3694, 422
3698, 400
3702, 366
3706, 369
3710, 420
3714, 351
3718, 405
3722, 387
3726, 402
3730, 379
3734, 359
3738, 418
3742, 411
3746, 379
3750, 403
3754, 416
3758, 372
3762, 418
3766, 401
3770, 352
3774, 377
3778, 372
3782, 405
3786, 353
3790, 381
3794, 390
3798, 339
3802, 390
3806, 390
3810, 376
3814, 405
3818, 393
3822, 362
3826, 370
3830, 344
3834, 419
3838, 394
3842, 335
3846, 332
3850, 358
3854, 376
3858, 411
3862, 376
3866, 384
3870, 366
3874, 388
3878, 348
3882, 355
3886, 357
3890, 384
3894, 350
3898, 379
3902, 387
3906, 390
3910, 404
3914, 385
3918, 371
3922, 368
3926, 392
3930, 379
3934, 395
3938, 404
3942, 416
3946, 363
3950, 405
3954, 354
3958, 349
3962, 324
3966, 369
3970, 353
3974, 397
3978, 372
3982, 364
3986, 367
3990, 366
3994, 401
3998, 366
4002, 383
4006, 392
4010, 361
4014, 362
4018, 383
4022, 375
4026, 380
4030, 333
4034, 391
4038, 378
4042, 381
4046, 400
4050, 379
4054, 370
4058, 358
4062, 389
4066, 365
4070, 398
4074, 428
4078, 345
4082, 392
4086, 360
4090, 352
4094, 360
4098, 371
4102, 338
4106, 358
4110, 374
4114, 365
4118, 338
4122, 375
4126, 378
4130, 345
4134, 351
4138, 353
4142, 379
4146, 372
4150, 369
4154, 364
4158, 367
4162, 320
4166, 346
4170, 355
4174, 367
4178, 352
4182, 345
4186, 377
4190, 398
4194, 346
4198, 363
4202, 333
4206, 342
4210, 348
4214, 326
4218, 357
4222, 367
4226, 371
4230, 356
4234, 317
4238, 341
4242, 362
4246, 360
4250, 339
4254, 339
4258, 380
4262, 345
4266, 334
4270, 323
4274, 328
4278, 355
4282, 365
4286, 355
4290, 344
4294, 346
4298, 359
4302, 366
4306, 352
4310, 390
4314, 337
4318, 369
4322, 361
4326, 337
4330, 311
4334, 365
4338, 340
4342, 299
4346, 337
4350, 329
4354, 341
4358, 374
4362, 346
4366, 349
4370, 350
4374, 372
4378, 338
4382, 345
4386, 328
4390, 358
4394, 319
4398, 335
4402, 351
4406, 323
4410, 322
4414, 347
4418, 341
4422, 353
4426, 307
4430, 341
4434, 310
4438, 345
4442, 329
4446, 360
4450, 338
4454, 356
4458, 344
4462, 365
4466, 349
4470, 358
4474, 316
4478, 349
4482, 335
4486, 357
4490, 316
4494, 336
4498, 349
4502, 343
4506, 302
4510, 347
4514, 364
4518, 363
4522, 358
4526, 313
4530, 326
4534, 308
4538, 336
4542, 344
4546, 336
4550, 340
4554, 347
4558, 357
4562, 335
4566, 353
4570, 340
4574, 312
4578, 352
4582, 315
4586, 322
4590, 346
4594, 350
4598, 343
4602, 335
4606, 368
4610, 320
4614, 366
4618, 332
4622, 377
4626, 329
4630, 306
4634, 332
4638, 386
4642, 340
4646, 334
4650, 345
4654, 347
4658, 331
4662, 335
4666, 349
4670, 378
4674, 329
4678, 336
4682, 301
4686, 330
4690, 322
4694, 357
4698, 346
4702, 345
4706, 317
4710, 363
4714, 334
4718, 339
4722, 318
4726, 315
4730, 328
4734, 376
4738, 342
4742, 354
4746, 357
4750, 342
4754, 348
4758, 300
4762, 339
4766, 338
4770, 332
4774, 334
4778, 354
4782, 375
4786, 334
4790, 319
4794, 326
4798, 307
4802, 351
4806, 336
4810, 348
4814, 317
4818, 336
4822, 341
4826, 361
4830, 340
4834, 368
4838, 361
4842, 341
4846, 328
4850, 350
4854, 346
4858, 324
4862, 338
4866, 322
4870, 342
4874, 323
4878, 321
4882, 299
4886, 321
4890, 342
4894, 340
4898, 325
4902, 348
4906, 334
4910, 315
4914, 343
4918, 340
4922, 347
4926, 349
4930, 338
4934, 338
4938, 320
4942, 371
4946, 332
4950, 327
4954, 307
4958, 330
4962, 337
4966, 308
4970, 339
4974, 363
4978, 318
4982, 325
4986, 333
4990, 349
4994, 328
4998, 377
5002, 325
5006, 314
5010, 299
5014, 338
5018, 381
5022, 331
5026, 316
5030, 320
5034, 295
5038, 328
5042, 345
5046, 333
5050, 352
5054, 321
5058, 313
5062, 353
5066, 334
5070, 329
5074, 310
5078, 324
5082, 326
5086, 319
5090, 355
5094, 340
5098, 339
5102, 297
5106, 316
5110, 317
5114, 322
5118, 297
5122, 306
5126, 342
5130, 343
5134, 333
5138, 335
5142, 312
5146, 307
5150, 313
5154, 310
5158, 326
5162, 313
5166, 307
5170, 323
5174, 322
5178, 337
5182, 324
5186, 344
5190, 352
5194, 337
5198, 365
5202, 350
5206, 317
5210, 310
5214, 335
5218, 309
5222, 307
5226, 337
5230, 321
5234, 349
5238, 324
5242, 303
5246, 342
5250, 332
5254, 335
5258, 296
5262, 349
5266, 341
5270, 325
5274, 314
5278, 313
5282, 316
5286, 318
5290, 299
5294, 307
5298, 322
5302, 294
5306, 300
5310, 321
5314, 352
5318, 321
5322, 301
5326, 296
5330, 308
5334, 297
5338, 308
5342, 318
5346, 316
5350, 345
5354, 304
5358, 285
5362, 340
5366, 328
5370, 314
5374, 288
5378, 323
5382, 308
5386, 327
5390, 318
5394, 341
5398, 353
5402, 316
5406, 315
5410, 310
5414, 348
5418, 312
5422, 327
5426, 349
5430, 348
5434, 318
5438, 329
5442, 301
5446, 339
5450, 327
5454, 325
5458, 334
5462, 321
5466, 314
5470, 327
5474, 322
5478, 313
5482, 323
5486, 326
5490, 325
5494, 319
5498, 333
5502, 335
5506, 322
5510, 303
5514, 334
5518, 363
5522, 289
5526, 326
5530, 329
5534, 328
5538, 344
5542, 374
5546, 415
5550, 530
5554, 703
5558, 976
5562, 1201
5566, 1362
5570, 1364
5574, 1235
5578, 914
5582, 690
5586, 540
5590, 453
5594, 431
5598, 395
5602, 360
5606, 383
5610, 398
5614, 349
5618, 384
5622, 352
5626, 378
5630, 365
5634, 370
5638, 372
5642, 363
5646, 372
5650, 359
5654, 317
5658, 357
5662, 343
5666, 320
5670, 319
5674, 350
5678, 369
5682, 342
5686, 346
5690, 342
5694, 339
5698, 354
5702, 378
5706, 352
5710, 347
5714, 343
5718, 385
5722, 334
5726, 343
5730, 363
5734, 330
5738, 366
5742, 326
5746, 324
5750, 353
5754, 368
5758, 373
5762, 320
5766, 344
5770, 340
5774, 325
5778, 386
5782, 353
5786, 330
5790, 359
5794, 330
5798, 362
5802, 391
5806, 338
5810, 327
5814, 360
5818, 319
5822, 350
5826, 398
5830, 366
5834, 382
5838, 374
5842, 373
5846, 365
5850, 353
5854, 352
5858, 374
5862, 338
5866, 369
5870, 385
5874, 360
5878, 394
5882, 340
5886, 364
5890, 363
5894, 326
5898, 361
5902, 364
5906, 355
5910, 327
5914, 357
5918, 380
5922, 348
5926, 320
5930, 350
5934, 333
5938, 343
5942, 364
5946, 367
5950, 365
5954, 342
5958, 365
5962, 376
5966, 346
5970, 336
5974, 370
5978, 366
5982, 330
5986, 363
5990, 335
5994, 341
5998, 357
6002, 316
6006, 351
6010, 351
6014, 343
6018, 358
6022, 360
6026, 348
6030, 354
6034, 339
6038, 360
6042, 348
6046, 346
6050, 360
6054, 350
6058, 359
6062, 364
6066, 388
6070, 367
6074, 402
6078, 388
6082, 326
6086, 390
6090, 368
6094, 341
6098, 333
6102, 391
6106, 366
6110, 381
6114, 337
6118, 341
6122, 372
6126, 332
6130, 319
6134, 368
6138, 362
6142, 351
6146, 359
6150, 353
6154, 362
6158, 358
6162, 366
6166, 354
6170, 339
6174, 322
6178, 338
6182, 320
6186, 358
6190, 343
6194, 349
6198, 355
6202, 364
6206, 342
6210, 369
6214, 345
6218, 371
6222, 370
6226, 372
6230, 354
6234, 347
6238, 358
6242, 329
6246, 339
6250, 327
6254, 386
6258, 364
6262, 352
6266, 345
6270, 348
6274, 335
6278, 361
6282, 353
6286, 361
6290, 383
6294, 375
6298, 330
6302, 347
6306, 372
6310, 341
6314, 347
6318, 367
6322, 325
6326, 377
6330, 330
6334, 346
6338, 349
6342, 337
6346, 343
6350, 358
6354, 365
6358, 357
6362, 337
6366, 356
6370, 348
6374, 384
6378, 360
6382, 373
6386, 306
6390, 394
6394, 356
6398, 352
6402, 324
6406, 365
6410, 394
6414, 393
6418, 351
6422, 379
6426, 340
6430, 363
6434, 360
6438, 349
6442, 339
6446, 384
6450, 375
6454, 351
6458, 340
6462, 370
6466, 348
6470, 378
6474, 404
6478, 339
6482, 337
6486, 385
6490, 395
6494, 362
6498, 339
6502, 376
6506, 327
6510, 342
6514, 373
6518, 409
6522, 392
6526, 363
6530, 374
6534, 399
6538, 387
6542, 357
6546, 394
6550, 401
6554, 341
6558, 382
6562, 384
6566, 336
6570, 369
6574, 307
6578, 393
6582, 342
6586, 365
6590, 394
6594, 379
6598, 376
6602, 371
6606, 384
6610, 384
6614, 363
6618, 368
6622, 378
6626, 357
6630, 346
6634, 372
6638, 404
6642, 353
6646, 338
6650, 379
6654, 392
6658, 349
6662, 377
6666, 395
6670, 377
6674, 354
6678, 379
6682, 338
6686, 350
6690, 365
6694, 351
6698, 376
6702, 365
6706, 359
6710, 378
6714, 388
6718, 357
6722, 361
6726, 379
6730, 355
6734, 356
6738, 375
6742, 397
6746, 347
6750, 382
6754, 341
6758, 377
6762, 382
6766, 343
6770, 374
6774, 371
6778, 362
6782, 380
6786, 350
6790, 378
6794, 346
6798, 357
6802, 382
6806, 376
6810, 362
6814, 350
6818, 366
6822, 349
6826, 395
6830, 369
6834, 378
6838, 352
6842, 402
6846, 369
6850, 358
6854, 399
6858, 360
6862, 385
6866, 392
6870, 403
6874, 391
6878, 342
6882, 359
6886, 403
6890, 366
6894, 397
6898, 333
6902, 361
6906, 354
6910, 378
6914, 382
6918, 348
6922, 354
6926, 394
6930, 384
6934, 355
6938, 392
6942, 383
6946, 389
6950, 395
6954, 372
6958, 355
6962, 397
6966, 343
6970, 409
6974, 382
6978, 366
6982, 384
6986, 371
6990, 395
6994, 376
6998, 349
7002, 396
7006, 360
7010, 377
7014, 373
7018, 394
7022, 408
7026, 388
7030, 388
7034, 351
7038, 413
7042, 374
7046, 363
7050, 388
7054, 392
7058, 381
7062, 381
7066, 347
7070, 381
7074, 346
7078, 380
7082, 382
7086, 403
7090, 369
7094, 397
7098, 410
7102, 382
7106, 402
7110, 367
7114, 380
7118, 364
7122, 386
7126, 382
7130, 373
7134, 357
7138, 387
7142, 355
7146, 353
7150, 364
7154, 375
7158, 382
7162, 400
7166, 397
7170, 368
7174, 380
7178, 390
7182, 371
7186, 409
7190, 420
7194, 363
7198, 396
7202, 380
7206, 390
7210, 410
7214, 398
7218, 408
7222, 416
7226, 389
7230, 387
7234, 413
7238, 370
7242, 412
7246, 375
7250, 405
7254, 423
7258, 435
7262, 402
7266, 422
7270, 407
7274, 405
7278, 423
7282, 422
7286, 423
7290, 433
7294, 378
7298, 414
7302, 384
7306, 393
7310, 412
7314, 431
7318, 416
7322, 369
7326, 391
7330, 393
7334, 451
7338, 402
7342, 403
7346, 388
7350, 398
7354, 402
7358, 409
7362, 379
7366, 377
7370, 380
7374, 366
7378, 408
7382, 427
7386, 411
7390, 403
7394, 404
7398, 385
7402, 417
7406, 404
7410, 377
7414, 405
7418, 417
7422, 379
7426, 359
7430, 407
7434, 410
7438, 386
7442, 383
7446, 362
7450, 397
7454, 378
7458, 395
7462, 349
7466, 413
7470, 434
7474, 434
7478, 402
7482, 422
7486, 406
7490, 425
7494, 380
7498, 370
7502, 415
7506, 386
7510, 395
7514, 420
7518, 398
7522, 395
7526, 411
7530, 373
7534, 399
7538, 380
7542, 374
7546, 371
7550, 397
7554, 387
7558, 409
7562, 402
7566, 397
7570, 408
7574, 383
7578, 393
7582, 381
7586, 414
7590, 435
7594, 385
7598, 444
7602, 416
7606, 389
7610, 398
7614, 383
7618, 371
7622, 413
7626, 389
7630, 431
7634, 400
7638, 402
7642, 382
7646, 377
7650, 400
7654, 411
7658, 385
7662, 412
7666, 388
7670, 419
7674, 411
7678, 398
7682, 394
7686, 377
7690, 412
7694, 399
7698, 418
7702, 414
7706, 427
7710, 416
7714, 408
7718, 422
7722, 450
7726, 363
7730, 410
7734, 399
7738, 395
7742, 405
7746, 375
7750, 376
7754, 387
7758, 376
7762, 380
7766, 355
7770, 388
7774, 391
7778, 404
7782, 412
7786, 374
7790, 439
7794, 396
7798, 390
7802, 393
7806, 426
7810, 438
7814, 426
7818, 408
7822, 392
7826, 432
7830, 423
7834, 371
7838, 415
7842, 353
7846, 417
7850, 409
7854, 433
7858, 406
7862, 426
7866, 421
7870, 399
7874, 404
7878, 389
7882, 434
7886, 415
7890, 416
7894, 404
7898, 418
7902, 427
7906, 411
7910, 420
7914, 443
7918, 402
7922, 380
7926, 407
7930, 402
7934, 429
7938, 421
7942, 375
7946, 440
7950, 408
7954, 424
7958, 416
7962, 394
7966, 401
7970, 401
7974, 389
7978, 437
7982, 402
7986, 407
7990, 379
7994, 443
7998, 405
8002, 447
8006, 402
8010, 415
8014, 441
8018, 393
8022, 398
8026, 410
8030, 414
8034, 453
8038, 405
8042, 417
8046, 411
8050, 419
8054, 427
8058, 442
8062, 413
8066, 415
8070, 445
8074, 401
8078, 407
8082, 417
8086, 445
8090, 453
8094, 435
8098, 444
8102, 424
8106, 421
8110, 419
8114, 440
8118, 412
8122, 422
8126, 465
8130, 441
8134, 418
8138, 385
8142, 400
8146, 420
8150, 440
8154, 426
8158, 399
8162, 442
8166, 438
8170, 416
8174, 455
8178, 415
8182, 438
8186, 450
8190, 430
8194, 440
8198, 443
8202, 419
8206, 433
8210, 445
8214, 431
8218, 441
8222, 436
8226, 415
8230, 428
8234, 437
8238, 447
8242, 433
8246, 414
8250, 417
8254, 445
8258, 402
8262, 432
8266, 443
8270, 438
8274, 458
8278, 425
8282, 417
8286, 443
8290, 442
8294, 445
8298, 453
8302, 462
8306, 447
8310, 466
8314, 442
8318, 448
8322, 453
8326, 446
8330, 460
8334, 465
8338, 467
8342, 438
8346, 424
8350, 446
8354, 442
8358, 459
8362, 431
8366, 430
8370, 453
8374, 468
8378, 453
8382, 447
8386, 462
8390, 474
8394, 486
8398, 504
8402, 493
8406, 504
8410, 587
8414, 629
8418, 778
8422, 890
8426, 1114
8430, 1274
8434, 1424
8438, 1302
8442, 1237
8446, 1097
8450, 860
8454, 743
8458, 623
8462, 590
8466, 530
8470, 515
8474, 548
8478, 507
8482, 476
8486, 482
8490, 494
8494, 475
8498, 438
8502, 471
8506, 463
8510, 488
8514, 482
8518, 471
8522, 500
8526, 480
8530, 464
8534, 508
8538, 475
8542, 492
8546, 494
8550, 548
8554, 494
8558, 523
8562, 478
8566, 482
8570, 459
8574, 473
8578, 525
8582, 474
8586, 550
8590, 435
8594, 500
8598, 492
8602, 457
8606, 468
8610, 464
8614, 508
8618, 509
8622, 473
8626, 467
8630, 529
8634, 527
8638, 480
8642, 510
8646, 495
8650, 480
8654, 445
8658, 482
8662, 466
8666, 479
8670, 473
8674, 492
8678, 506
8682, 500
8686, 465
8690, 508
8694, 509
8698, 500
8702, 534
8706, 515
8710, 513
8714, 510
8718, 525
8722, 529
8726, 584
8730, 610
8734, 607
8738, 595
8742, 576
8746, 592
8750, 562
8754, 537
8758, 518
8762, 521
8766, 509
8770, 512
8774, 533
8778, 524
8782, 507
8786, 534
8790, 521
8794, 510
8798, 505
8802, 541
8806, 517
8810, 565
8814, 516
8818, 523
8822, 523
8826, 524
8830, 529
8834, 541
8838, 546
8842, 526
8846, 489
8850, 522
8854, 506
8858, 519
8862, 482
8866, 509
8870, 543
8874, 497
8878, 539
8882, 518
8886, 551
8890, 560
8894, 512
8898, 522
8902, 521
8906, 513
8910, 545
8914, 552
8918, 538
8922, 571
8926, 529
8930, 588
8934, 558
8938, 534
8942, 547
8946, 545
8950, 598
8954, 535
8958, 538
8962, 555
8966, 547
8970, 525
8974, 551
8978, 545
8982, 562
8986, 595
8990, 546
8994, 570
8998, 573
9002, 558
9006, 527
9010, 559
9014, 575
9018, 568
9022, 562
9026, 569
9030, 594
9034, 564
9038, 540
9042, 598
9046, 558
9050, 561
9054, 545
9058, 562
9062, 549
9066, 574
9070, 545
9074, 559
9078, 552
9082, 575
9086, 568
9090, 584
9094, 556
9098, 564
9102, 584
9106, 549
9110, 591
9114, 635
9118, 583
9122, 619
9126, 564
9130, 577
9134, 584
9138, 581
9142, 553
9146, 589
9150, 581
9154, 588
9158, 567
9162, 594
9166, 560
9170, 628
9174, 600
9178, 603
9182, 616
9186, 617
9190, 632
9194, 597
9198, 612
9202, 622
9206, 617
9210, 582
9214, 613
9218, 603
9222, 592
9226, 613
9230, 618
9234, 605
9238, 614
9242, 615
9246, 637
9250, 635
9254, 579
9258, 619
9262, 652
9266, 622
9270, 624
9274, 635
9278, 594
9282, 640
9286, 629
9290, 583
9294, 615
9298, 630
9302, 652
9306, 638
9310, 655
9314, 621
9318, 636
9322, 621
9326, 657
9330, 592
9334, 590
9338, 620
9342, 622
9346, 664
9350, 647
9354, 605
9358, 640
9362, 690
9366, 647
9370, 678
9374, 619
9378, 651
9382, 696
9386, 708
9390, 631
9394, 714
9398, 612
9402, 637
9406, 655
9410, 704
9414, 647
9418, 669
9422, 695
9426, 623
9430, 638
9434, 717
9438, 710
9442, 664
9446, 676
9450, 702
9454, 697
9458, 707
9462, 666
9466, 703
9470, 692
9474, 643
9478, 652
9482, 623
9486, 712
9490, 733
9494, 718
9498, 696
9502, 686
9506, 686
9510, 737
9514, 692
9518, 696
9522, 629
9526, 774
9530, 683
9534, 710
9538, 715
9542, 714
9546, 750
9550, 713
9554, 729
9558, 691
9562, 744
9566, 721
9570, 714
9574, 769
9578, 684
9582, 742
9586, 703
9590, 795
9594, 741
9598, 701
9602, 679
9606, 718
9610, 757
9614, 702
9618, 722
9622, 792
9626, 734
9630, 737
9634, 701
9638, 720
9642, 738
9646, 771
9650, 771
9654, 765
9658, 707
9662, 751
9666, 785
9670, 755
9674, 742
9678, 753
9682, 802
9686, 785
9690, 763
9694, 742
9698, 755
9702, 832
9706, 779
9710, 809
9714, 743
9718, 785
9722, 741
9726, 776
9730, 746
9734, 803
9738, 804
9742, 822
9746, 798
9750, 807
9754, 789
9758, 859
9762, 791
9766, 801
9770, 823
9774, 800
9778, 843
9782, 859
9786, 827
9790, 829
9794, 826
9798, 844
9802, 899
9806, 837
9810, 847
9814, 859
9818, 855
9822, 827
9826, 855
9830, 841
9834, 835
9838, 827
9842, 841
9846, 843
9850, 840
9854, 841
9858, 829
9862, 838
9866, 829
9870, 906
9874, 825
9878, 856
9882, 836
9886, 824
9890, 932
9894, 884
9898, 887
9902, 833
9906, 897
9910, 891
9914, 848
9918, 902
9922, 863
9926, 909
9930, 810
9934, 917
9938, 911
9942, 853
9946, 856
9950, 887
9954, 847
9958, 916
9962, 882
9966, 935
9970, 866
9974, 855
9978, 897
9982, 900
9986, 860
9990, 906
9994, 876
9998, 868
10002, 783
10006, 852
10010, 795
10014, 816
10018, 800
10022, 835
10026, 763
10030, 776
10034, 771
10038, 707
10042, 719
10046, 692
10050, 674
10054, 635
10058, 647
10062, 633
10066, 616
10070, 620
10074, 627
10078, 658
10082, 626
10086, 585
10090, 581
10094, 590
10098, 544
10102, 548
10106, 572
10110, 614
10114, 597
10118, 559
10122, 577
10126, 551
10130, 576
10134, 582
10138, 520
10142, 569
10146, 553
10150, 547
10154, 579
10158, 565
10162, 525
10166, 488
10170, 531
10174, 540
10178, 502
10182, 490
10186, 563
10190, 507
10194, 519
10198, 526
10202, 496
10206, 540
10210, 508
10214, 493
10218, 504
10222, 509
10226, 493
10230, 547
10234, 497
10238, 497
10242, 505
10246, 513
10250, 515
10254, 451
10258, 483
10262, 456
10266, 476
10270, 486
10274, 426
10278, 521
10282, 471
10286, 475
10290, 455
10294, 466
10298, 472
10302, 487
10306, 435
10310, 465
10314, 458
10318, 468
10322, 434
10326, 490
10330, 473
10334, 471
10338, 459
10342, 444
10346, 446
10350, 449
10354, 415
10358, 438
10362, 437
10366, 451
10370, 434
10374, 444
10378, 432
10382, 438
10386, 413
10390, 417
10394, 398
10398, 434
10402, 431
10406, 382
10410, 415
10414, 387
10418, 405
10422, 408
10426, 424
10430, 392
10434, 361
10438, 367
10442, 370
10446, 391
10450, 380
10454, 369
10458, 363
10462, 417
10466, 379
10470, 364
10474, 349
10478, 326
10482, 351
10486, 351
10490, 355
10494, 331
10498, 363
10502, 347
10506, 347
10510, 358
10514, 365
10518, 332
10522, 306
10526, 349
10530, 309
10534, 287
10538, 307
10542, 321
10546, 325
10550, 286
10554, 316
10558, 292
10562, 337
10566, 315
10570, 314
10574, 268
10578, 254
10582, 307
10586, 282
10590, 273
10594, 280
10598, 257
10602, 282
10606, 248
10610, 273
10614, 247
10618, 283
10622, 277
10626, 227
10630, 243
10634, 238
10638, 218
10642, 206
10646, 233
10650, 212
10654, 223
10658, 220
10662, 184
10666, 220
10670, 222
10674, 181
10678, 211
10682, 208
10686, 182
10690, 214
10694, 185
10698, 189
10702, 184
10706, 171
10710, 201
10714, 187
10718, 193
10722, 191
10726, 183
10730, 179
10734, 153
10738, 143
10742, 151
10746, 167
10750, 168
10754, 154
10758, 169
10762, 176
10766, 155
10770, 140
10774, 131
10778, 129
10782, 130
10786, 131
10790, 143
10794, 120
10798, 139
10802, 136
10806, 119
10810, 122
10814, 139
10818, 131
10822, 143
10826, 118
10830, 135
10834, 151
10838, 124
10842, 156
10846, 122
10850, 134
10854, 125
10858, 135
10862, 123
10866, 125
10870, 114
10874, 120
10878, 107
10882, 102
10886, 127
10890, 120
10894, 104
10898, 109
10902, 111
10906, 110
10910, 104
10914, 96
10918, 125
10922, 102
10926, 80
10930, 95
10934, 105
10938, 128
10942, 90
10946, 86
10950, 97
10954, 108
10958, 99
10962, 106
10966, 90
10970, 105
10974, 85
10978, 96
10982, 92
10986, 103
10990, 113
10994, 127
10998, 98
11002, 76
11006, 101
11010, 98
11014, 86
11018, 113
11022, 88
11026, 91
11030, 105
11034, 98
11038, 97
11042, 108
11046, 101
11050, 106
11054, 105
11058, 86
11062, 100
11066, 90
11070, 81
11074, 84
11078, 98
11082, 104
11086, 93
11090, 90
11094, 93
11098, 84
11102, 105
11106, 107
11110, 96
11114, 96
11118, 96
11122, 100
11126, 88
11130, 84
11134, 82
11138, 84
11142, 113
11146, 99
11150, 107
11154, 98
11158, 96
11162, 97
11166, 100
11170, 85
11174, 86
11178, 93
11182, 79
11186, 89
11190, 88
11194, 99
11198, 101
11202, 94
11206, 74
11210, 92
11214, 83
11218, 98
11222, 120
11226, 117
11230, 102
11234, 135
11238, 127
11242, 119
11246, 112
11250, 111
11254, 164
11258, 169
11262, 149
11266, 175
11270, 162
11274, 164
11278, 211
11282, 252
11286, 235
11290, 246
11294, 340
11298, 467
11302, 729
11306, 1195
11310, 2069
11314, 3761
11318, 6143
11322, 9136
11326, 12201
11330, 14302
11334, 14641
11338, 13531
11342, 11224
11346, 8432
11350, 6077
11354, 4437
11358, 3525
11362, 2992
11366, 2708
11370, 2291
11374, 2002
11378, 1586
11382, 1298
11386, 957
11390, 826
11394, 692
11398, 663
11402, 505
11406, 472
11410, 410
11414, 359
11418, 318
11422, 313
11426, 304
11430, 251
11434, 229
11438, 200
11442, 182
11446, 173
11450, 154
11454, 163
11458, 129
11462, 114
11466, 106
11470, 96
11474, 94
11478, 71
11482, 76
11486, 78
11490, 74
11494, 80
11498, 69
11502, 59
11506, 72
11510, 73
11514, 46
11518, 50
11522, 46
11526, 40
11530, 39
11534, 46
11538, 37
11542, 40
11546, 37
11550, 44
11554, 51
11558, 41
11562, 32
11566, 32
11570, 46
11574, 39
11578, 36
11582, 32
11586, 29
11590, 30
11594, 42
11598, 42
11602, 53
11606, 44
11610, 54
11614, 66
11618, 64
11622, 72
11626, 67
11630, 79
11634, 100
11638, 103
11642, 132
11646, 134
11650, 152
11654, 113
11658, 119
11662, 99
11666, 73
11670, 74
11674, 77
11678, 46
11682, 63
11686, 31
11690, 31
11694, 36
11698, 32
11702, 39
11706, 44
11710, 46
11714, 39
11718, 46
11722, 51
11726, 41
11730, 42
11734, 57
11738, 48
11742, 40
11746, 41
11750, 48
11754, 47
11758, 54
11762, 46
11766, 55
11770, 56
11774, 53
11778, 31
11782, 46
11786, 46
11790, 43
11794, 48
11798, 39
11802, 24
11806, 50
11810, 35
11814, 43
11818, 42
11822, 40
11826, 39
11830, 41
11834, 41
11838, 31
11842, 45
11846, 38
11850, 36
11854, 37
11858, 38
11862, 40
11866, 35
11870, 47
11874, 48
11878, 42
11882, 27
11886, 39
11890, 36
11894, 38
11898, 50
11902, 36
11906, 41
11910, 31
11914, 47
11918, 41
11922, 37
11926, 39
11930, 52
11934, 42
11938, 43
11942, 40
11946, 47
11950, 33
11954, 35
11958, 42
11962, 50
11966, 42
11970, 40
11974, 44
11978, 38
11982, 51
11986, 49
11990, 47
11994, 52
11998, 44
12002, 46
12006, 46
12010, 40
12014, 46
12018, 35
12022, 32
12026, 42
12030, 40
12034, 47
12038, 37
12042, 45
12046, 44
12050, 46
12054, 46
12058, 41
12062, 50
12066, 51
12070, 48
12074, 47
12078, 52
12082, 47
12086, 48
12090, 45
12094, 41
12098, 33
12102, 35
12106, 40
12110, 33
12114, 48
12118, 50
12122, 44
12126, 49
12130, 40
12134, 41
12138, 55
12142, 42
12146, 49
12150, 57
12154, 46
12158, 35
12162, 47
12166, 40
12170, 38
12174, 40
12178, 40
12182, 47
12186, 48
12190, 31
12194, 52
12198, 39
12202, 47
12206, 36
12210, 43
12214, 44
12218, 47
12222, 44
12226, 44
12230, 47
12234, 45
12238, 45
12242, 60
12246, 42
12250, 34
12254, 45
12258, 56
12262, 41
12266, 38
12270, 43
12274, 41
12278, 52
12282, 47
12286, 34
12290, 43
12294, 45
12298, 43
12302, 43
12306, 54
12310, 47
12314, 47
12318, 45
12322, 35
12326, 36
12330, 47
12334, 34
12338, 49
12342, 49
12346, 41
12350, 45
12354, 36
12358, 48
12362, 54
12366, 34
12370, 54
12374, 30
12378, 46
12382, 46
12386, 33
12390, 48
12394, 51
12398, 52
12402, 48
12406, 42
12410, 53
12414, 48
12418, 52
12422, 46
12426, 44
12430, 37
12434, 43
12438, 44
12442, 47
12446, 33
12450, 33
12454, 41
12458, 29
12462, 39
12466, 45
12470, 55
12474, 50
12478, 57
12482, 57
12486, 39
12490, 42
12494, 42
12498, 49
12502, 55
12506, 52
12510, 45
12514, 41
12518, 55
12522, 59
12526, 52
12530, 41
12534, 49
12538, 46
12542, 55
12546, 48
12550, 48
12554, 55
12558, 46
12562, 44
12566, 38
12570, 42
12574, 36
12578, 46
12582, 34
12586, 51
12590, 36
12594, 51
12598, 34
12602, 37
12606, 37
12610, 44
12614, 55
12618, 67
12622, 41
12626, 43
12630, 52
12634, 42
12638, 45
12642, 42
12646, 49
12650, 62
12654, 47
12658, 45
12662, 61
12666, 46
12670, 42
12674, 44
12678, 38
12682, 49
12686, 42
12690, 45
12694, 43
12698, 34
12702, 40
12706, 46
12710, 51
12714, 48
12718, 47
12722, 48
12726, 36
12730, 41
12734, 42
12738, 49
12742, 40
12746, 36
12750, 48
12754, 28
12758, 52
12762, 37
12766, 41
12770, 58
12774, 49
12778, 46
12782, 46
12786, 42
12790, 46
12794, 63
12798, 55
12802, 41
12806, 50
12810, 44
12814, 49
12818, 45
12822, 45
12826, 45
12830, 41
12834, 46
12838, 48
12842, 50
12846, 49
12850, 50
12854, 46
12858, 52
12862, 52
12866, 41
12870, 58
12874, 43
12878, 50
12882, 45
12886, 46
12890, 47
12894, 51
12898, 52
12902, 48
12906, 51
12910, 57
12914, 57
12918, 46
12922, 34
12926, 58
12930, 53
12934, 54
12938, 58
12942, 56
12946, 54
12950, 66
12954, 59
12958, 37
12962, 57
12966, 50
12970, 43
12974, 64
12978, 49
12982, 61
12986, 55
12990, 46
12994, 63
12998, 47
13002, 50
13006, 44
13010, 56
13014, 44
13018, 75
13022, 41
13026, 62
13030, 47
13034, 63
13038, 57
13042, 55
13046, 46
13050, 45
13054, 57
13058, 53
13062, 53
13066, 48
13070, 40
13074, 58
13078, 58
13082, 51
13086, 53
13090, 48
13094, 47
13098, 40
13102, 46
13106, 47
13110, 63
13114, 42
13118, 37
13122, 53
13126, 54
13130, 41
13134, 55
13138, 55
13142, 61
13146, 45
13150, 51
13154, 52
13158, 38
13162, 41
13166, 53
13170, 62
13174, 51
13178, 61
13182, 55
13186, 59
13190, 59
13194, 56
13198, 40
13202, 43
13206, 52
13210, 57
13214, 39
13218, 46
13222, 44
13226, 31
13230, 49
13234, 47
13238, 35
13242, 32
13246, 28
13250, 39
13254, 37
13258, 38
13262, 39
13266, 44
13270, 50
13274, 37
13278, 48
13282, 35
13286, 44
13290, 41
13294, 49
13298, 29
13302, 47
13306, 39
13310, 41
13314, 40
13318, 28
13322, 36
13326, 36
13330, 41
13334, 42
13338, 35
13342, 38
13346, 39
13350, 45
13354, 45
13358, 34
13362, 32
13366, 29
13370, 38
13374, 35
13378, 40
13382, 30
13386, 50
13390, 30
13394, 36
13398, 34
13402, 44
13406, 29
13410, 35
13414, 35
13418, 37
13422, 27
13426, 36
13430, 33
13434, 35
13438, 43
13442, 26
13446, 27
13450, 29
13454, 35
13458, 36
13462, 27
13466, 30
13470, 30
13474, 36
13478, 35
13482, 37
13486, 32
13490, 33
13494, 39
13498, 24
13502, 27
13506, 33
13510, 29
13514, 27
13518, 33
13522, 25
13526, 35
13530, 29
13534, 20
13538, 25
13542, 33
13546, 27
13550, 30
13554, 30
13558, 31
13562, 36
13566, 27
13570, 31
13574, 35
13578, 32
13582, 23
13586, 29
13590, 34
13594, 27
13598, 33
13602, 34
13606, 27
13610, 33
13614, 30
13618, 28
13622, 23
13626, 23
13630, 33
13634, 23
13638, 33
13642, 25
13646, 27
13650, 25
13654, 25
13658, 25
13662, 30
13666, 27
13670, 46
13674, 24
13678, 24
13682, 28
13686, 33
13690, 32
13694, 36
13698, 19
13702, 33
13706, 42
13710, 36
13714, 30
13718, 26
13722, 24
13726, 17
13730, 24
13734, 24
13738, 21
13742, 19
13746, 17
13750, 21
13754, 33
13758, 24
13762, 22
13766, 17
13770, 18
13774, 23
13778, 23
13782, 13
13786, 22
13790, 25
13794, 20
13798, 21
13802, 30
13806, 15
13810, 25
13814, 23
13818, 22
13822, 22
13826, 23
13830, 16
13834, 14
13838, 14
13842, 17
13846, 14
13850, 21
13854, 16
13858, 13
13862, 12
13866, 17
13870, 12
13874, 20
13878, 11
13882, 12
13886, 18
13890, 16
13894, 16
13898, 25
13902, 18
13906, 13
13910, 11
13914, 10
13918, 13
13922, 19
13926, 9
13930, 19
13934, 10
13938, 18
13942, 20
13946, 14
13950, 6
13954, 9
13958, 13
13962, 17
13966, 11
13970, 12
13974, 9
13978, 10
13982, 12
13986, 11
13990, 13
13994, 8
13998, 14
14002, 12
14006, 14
14010, 13
14014, 7
14018, 13
14022, 10
14026, 11
14030, 7
14034, 10
14038, 12
14042, 10
14046, 13
14050, 7
14054, 4
14058, 8
14062, 7
14066, 16
14070, 12
14074, 6
14078, 5
14082, 7
14086, 10
14090, 12
14094, 11
14098, 7
14102, 6
14106, 4
14110, 6
14114, 7
14118, 12
14122, 12
14126, 8
14130, 8
14134, 13
14138, 9
14142, 10
14146, 14
14150, 15
14154, 20
14158, 22
14162, 20
14166, 27
14170, 22
14174, 25
14178, 28
14182, 15
14186, 14
14190, 15
14194, 16
14198, 10
14202, 13
14206, 4
14210, 8
14214, 10
14218, 10
14222, 6
14226, 9
14230, 9
14234, 8
14238, 3
14242, 8
14246, 9
14250, 10
14254, 8
14258, 13
14262, 11
14266, 5
14270, 18
14274, 9
14278, 6
14282, 9
14286, 7
14290, 5
14294, 9
14298, 10
14302, 11
14306, 18
14310, 6
14314, 9
14318, 6
14322, 7
14326, 7
14330, 6
14334, 8
14338, 8
14342, 13
14346, 7
14350, 10
14354, 8
14358, 7
14362, 8
14366, 9
14370, 8
14374, 5
14378, 11
14382, 10
14386, 8
14390, 4
14394, 11
14398, 5
14402, 7
14406, 10
14410, 11
14414, 5
14418, 15
14422, 11
14426, 10
14430, 15
14434, 9
14438, 8
14442, 10
14446, 12
14450, 13
14454, 7
14458, 11
14462, 12
14466, 11
14470, 21
14474, 23
14478, 26
14482, 25
14486, 38
14490, 50
14494, 49
14498, 83
14502, 159
14506, 242
14510, 338
14514, 518
14518, 606
14522, 619
14526, 670
14530, 598
14534, 551
14538, 429
14542, 294
14546, 202
14550, 131
14554, 78
14558, 58
14562, 43
14566, 30
14570, 45
14574, 30
14578, 25
14582, 29
14586, 17
14590, 14
14594, 13
14598, 14
14602, 12
14606, 17
14610, 13
14614, 14
14618, 28
14622, 31
14626, 33
14630, 59
14634, 64
14638, 87
14642, 106
14646, 78
14650, 78
14654, 70
14658, 64
14662, 46
14666, 42
14670, 23
14674, 20
14678, 11
14682, 12
14686, 10
14690, 10
14694, 7
14698, 12
14702, 7
14706, 3
14710, 5
14714, 5
14718, 5
14722, 7
14726, 13
14730, 12
14734, 6
14738, 7
14742, 2
14746, 6
14750, 6
14754, 6
14758, 7
14762, 11
14766, 9
14770, 10
14774, 2
14778, 6
14782, 5
14786, 8
14790, 2
14794, 7
14798, 3
14802, 2
14806, 5
14810, 8
14814, 6
14818, 1
14822, 3
14826, 6
14830, 5
14834, 4
14838, 8
14842, 4
14846, 5
14850, 4
14854, 3
14858, 5
14862, 6
14866, 5
14870, 6
14874, 5
14878, 2
14882, 8
14886, 3
14890, 9
14894, 6
14898, 6
14902, 2
14906, 3
14910, 5
14914, 5
14918, 8
14922, 6
14926, 1
14930, 4
14934, 4
14938, 3
14942, 8
14946, 3
14950, 1
14954, 5
14958, 7
14962, 5
14966, 3
14970, 4
14974, 3
14978, 4
14982, 1
14986, 9
14990, 3
14994, 7
14998, 7
15002, 8
15006, 3
15010, 6
15014, 3
15018, 3
15022, 4
15026, 3
15030, 4
15034, 9
15038, 3
15042, 9
15046, 4
15050, 8
15054, 5
15058, 6
15062, 6
15066, 2
15070, 4
15074, 6
15078, 3
15082, 8
15086, 6
15090, 2
15094, 2
15098, 2
15102, 3
15106, 3
15110, 5
15114, 3
15118, 3
15122, 5
15126, 3
15130, 2
15134, 9
15138, 6
15142, 4
15146, 7
15150, 2
15154, 2
15158, 2
15162, 10
15166, 6
15170, 6
15174, 6
15178, 8
15182, 3
15186, 4
15190, 10
15194, 5
15198, 5
15206, 4
15210, 3
15214, 2
15218, 6
15222, 4
15226, 6
15230, 2
15234, 4
15238, 8
15242, 12
15246, 14
15250, 8
15254, 9
15258, 5
15262, 4
15266, 3
15270, 6
15274, 6
15278, 1
15282, 4
15286, 4
15290, 2
15294, 1
15298, 2
15302, 7
15306, 2
15310, 5
15314, 1
15318, 6
15322, 5
15326, 7
15330, 5
15334, 3
15338, 3
15342, 6
15346, 3
15350, 4
15354, 9
15358, 10
15362, 10
15366, 14
15370, 5
15374, 9
15378, 2
15382, 6
15386, 5
15390, 7
15394, 3
15402, 3
15406, 2
15410, 7
15414, 4
15418, 7
15422, 3
15426, 7
15430, 5
15434, 3
15438, 4
15442, 6
15446, 6
15450, 2
15454, 2
15458, 8
15462, 4
15466, 2
15470, 3
15474, 1
15478, 5
15482, 6
15486, 5
15490, 6
15494, 7
15498, 7
15502, 4
15506, 2
15510, 7
15514, 4
15518, 6
15522, 6
15526, 4
15530, 8
15534, 5
15538, 5
15542, 4
15546, 5
15550, 7
15554, 6
15558, 5
15562, 4
15566, 4
15570, 6
15574, 4
15578, 3
15582, 7
15586, 5
15590, 1
15594, 8
15598, 4
15602, 3
15606, 5
15610, 3
15614, 4
15618, 6
15622, 6
15626, 8
15630, 4
15634, 5
15638, 3
15642, 11
15646, 1
15650, 7
15654, 8
15658, 6
15662, 10
15666, 8
15670, 8
15674, 5
15678, 8
15682, 6
15686, 8
15690, 4
15694, 1
15698, 5
15702, 6
15706, 6
15710, 2
15714, 6
15718, 5
15722, 4
15726, 4
15730, 4
15734, 8
15738, 6
15742, 3
15746, 5
15750, 4
15754, 7
15758, 5
15762, 4
15766, 4
15770, 5
15774, 3
15778, 4
15782, 5
15786, 9
15790, 8
15794, 5
15798, 6
15802, 6
15806, 8
15810, 5
15814, 5
15818, 4
15822, 5
15826, 9
15830, 3
15834, 9
15838, 11
15842, 2
15846, 3
15850, 8
15854, 8
15858, 5
15862, 4
15866, 6
15870, 10
15874, 2
15878, 2
15882, 5
15886, 9
15890, 6
15894, 3
15898, 3
15902, 6
15910, 4
15914, 4
15918, 6
15922, 1
15926, 5
15930, 3
15934, 2
15938, 6
15942, 7
15946, 5
15950, 3
15954, 4
15958, 9
15962, 3
15966, 6
15970, 4
15974, 8
15978, 5
15982, 4
15986, 5
15990, 5
15994, 1
15998, 5
